452.802 252.996 2.07505 3.07704 2.97753e-13 0 -0.00943526 10
452.302 253.028 2.07505 3.09033 -0.00231167 0.50149 -0.00943526 10
451.801 253.054 2.07505 3.10555 -0.0017059 1.00251 -0.00943526 10
451.301 253.072 2.07505 3.11985 -0.00118141 1.5031 -0.00943526 10
450.801 253.083 2.07505 3.13324 -0.000734773 2.0034 -0.00943526 10
450.301 253.087 2.07505 -3.13749 -0.000361953 2.50351 -0.00943526 10
449.801 253.085 2.07505 -3.12596 -5.84553e-05 3.00352 -0.00943526 10
449.301 253.077 2.07505 -3.11537 0.000180562 3.50353 -0.00943526 10
448.801 253.064 2.07505 -3.10571 0.000360186 4.00357 -0.00943526 10
448.301 253.046 2.07505 -3.09699 0.000485661 4.50371 -0.00943526 10
447.801 253.024 2.07505 -3.0892 0.00056232 5.00396 -0.00943526 10
447.302 252.997 2.07505 -3.08234 0.000595529 5.50436 -0.00943526 10
446.802 252.968 2.07505 -3.07641 0.000590649 6.00491 -0.00943526 10
446.302 252.935 2.07505 -3.0714 0.000553006 6.5056 -0.00943526 10
445.803 252.9 2.07505 -3.06732 0.000487906 7.00643 -0.00943526 10
445.303 252.863 2.07505 -3.06416 0.000400744 7.50739 -0.00943526 10
444.804 252.824 2.07505 -3.0619 0.000297422 8.00844 -0.00943526 10
444.304 252.784 2.07505 -3.06053 0.000185237 8.50957 -0.00943526 10
443.805 252.744 2.07505 -3.05998 7.38896e-05 9.01074 -0.00943526 10
443.305 252.703 2.07505 -3.06013 -2.48799e-05 9.51194 -0.00943526 10
442.806 252.662 2.07505 -3.06083 -0.000100414 10.0131 -0.00943526 10
442.306 252.622 2.07505 -3.06189 -0.000147647 10.5143 -0.00943526 10
441.807 252.582 0.00393933 -3.06314 -0.000169071 11.0154 0.00824568 0
441.307 252.542 0.00393933 -3.06445 -0.000172319 11.5165 0.00824568 0
440.807 252.504 0.00393933 -3.06574 -0.000165646 12.0176 0.00824568 0
440.308 252.466 0.00393933 -3.06697 -0.000154872 12.5186 0.00824568 0
439.808 252.428 0.00393933 -3.06814 -0.000142967 13.0195 0.00824568 0
439.309 252.392 0.00393933 -3.06922 -0.000131059 13.5205 0.00824568 0
438.809 252.355 0.00393933 -3.07023 -0.000119462 14.0213 0.00824568 0
438.31 252.32 0.00393933 -3.07116 -0.000108227 14.5222 0.00824568 0
437.81 252.284 0.00393933 -3.07201 -9.73369e-05 15.0231 0.00824568 0
437.31 252.25 0.00393933 -3.07277 -8.67629e-05 15.5239 0.00824568 0
436.811 252.215 0.00393933 -3.07346 -7.64727e-05 16.0247 0.00824568 0
436.311 252.181 0.00393933 -3.07406 -6.64325e-05 16.5254 0.00824568 0
435.812 252.147 0.00393933 -3.07458 -5.66068e-05 17.0262 0.00824568 0
435.312 252.114 0.00393933 -3.07501 -4.69588e-05 17.5269 0.00824568 0
434.812 252.08 0.00393933 -3.07536 -3.74504e-05 18.0277 0.00824568 0
434.313 252.047 0.00393933 -3.07562 -2.8042e-05 18.5284 0.00824568 0
433.813 252.014 0.00393933 -3.07579 -1.86928e-05 19.0291 0.00824568 0
433.313 251.981 0.00393933 -3.07589 -9.36072e-06 19.5298 0.00824568 0
432.814 251.949 0.00393933 -3.07589 -3.03706e-06 20.0305 0.00824568 0
