285.323 250.26 0.99767 -3.12897 2.34529e-14 0 -0.107572 10
284.823 250.254 0.99767 -3.12896 2.24068e-09 0.5 -0.107572 10
284.323 250.247 0.99767 -3.12895 1.701e-09 1 -0.107572 10
283.823 250.241 0.99767 -3.12894 8.78337e-10 1.5 -0.107572 10
283.324 250.235 0.99767 -3.12894 1.66502e-11 2 -0.107572 10
282.824 250.228 0.99767 -3.12895 -7.20189e-10 2.5 -0.107572 10
282.324 250.222 0.99767 -3.12896 -1.2369e-09 3 -0.107572 10
281.824 250.216 0.99767 -3.12897 -1.49576e-09 3.5 -0.107572 10
281.324 250.209 0.99767 -3.12898 -1.50519e-09 4 -0.107572 10
280.824 250.203 0.99767 -3.12899 -1.30862e-09 4.5 -0.107572 10
280.324 250.197 0.99767 -3.129 -9.73131e-10 5 -0.107572 10
279.824 250.19 0.99767 -3.12902 -5.78342e-10 5.5 -0.107572 10
279.324 250.184 0.99767 -3.12903 -2.05178e-10 6 -0.107572 10
278.824 250.178 0.99767 -3.12904 7.55838e-11 6.5 -0.107572 10
278.324 250.172 0.99767 -3.12905 2.13515e-10 7 -0.107572 10
277.824 250.165 0.99767 -3.12905 1.94783e-10 7.5 -0.107572 10
277.324 250.159 0.99767 -3.12906 4.55243e-11 8 -0.107572 10
276.824 250.153 0.99767 -3.12905 -1.48631e-10 8.5 -0.107572 10
276.324 250.146 0.99767 -3.12904 -2.52445e-10 9 -0.107572 10
275.824 250.14 0.99767 -3.12903 -1.32288e-10 9.5 -0.107572 10
275.324 250.134 0.99767 -3.12902 2.36884e-10 10 -0.107572 10
274.824 250.128 0.99767 -3.129 6.92336e-10 10.5 -0.107572 10
274.324 250.121 0.99767 -3.12899 9.58569e-10 11 -0.107572 10
273.824 250.115 0.99767 -3.12898 8.50796e-10 11.5 -0.107572 0
273.324 250.109 0.99767 -3.12898 4.08325e-10 12 -0.107572 0
272.824 250.102 0.99767 -3.12898 -1.72921e-10 12.5 -0.107572 0
272.324 250.096 0.99767 -3.12899 -6.70525e-10 13 -0.107572 0
271.824 250.09 0.99767 -3.129 -9.27474e-10 13.5 -0.107572 0
271.324 250.084 0.99767 -3.12901 -8.67784e-10 14 -0.107572 0
270.824 250.077 0.99767 -3.12903 -4.84091e-10 14.5 -0.107572 0
270.325 250.071 0.99767 -3.12905 1.82539e-10 15 -0.107572 0
269.825 250.065 0.99767 -3.12907 1.04744e-09 15.5 -0.107572 0
269.325 250.058 0.99767 -3.12909 2.00189e-09 16 -0.107572 0
268.825 250.052 0.99767 -3.12911 2.92441e-09 16.5 -0.107572 0
268.325 250.046 0.99767 -3.12913 3.68395e-09 17 -0.107572 0
267.825 250.04 0.99767 -3.12915 4.16013e-09 17.5 -0.107572 0
267.325 250.033 0.99767 -3.12917 4.25013e-09 18 -0.107572 0
266.825 250.027 0.99767 -3.12918 3.88047e-09 18.5 -0.107572 0
266.325 250.021 0.99767 -3.12919 3.01944e-09 19 -0.107572 0
265.825 250.015 0.99767 -3.1292 1.68466e-09 19.5 -0.107572 0
265.325 250.009 0 -3.1292 5.68569e-10 20 0 0
