285.323 250.26 0.99767 -3.12897 2.34529e-14 0 -0.107572 10
284.823 250.254 0.99767 -3.12896 2.30001e-09 0.5 -0.107572 10
284.323 250.247 0.99767 -3.12895 1.77233e-09 1 -0.107572 10
283.823 250.241 0.99767 -3.12894 9.46845e-10 1.5 -0.107572 10
283.324 250.235 0.99767 -3.12894 7.18924e-11 2 -0.107572 10
282.824 250.228 0.99767 -3.12895 -6.8478e-10 2.5 -0.107572 10
282.324 250.222 0.99767 -3.12895 -1.22451e-09 3 -0.107572 10
281.824 250.216 0.99767 -3.12896 -1.50668e-09 3.5 -0.107572 10
281.324 250.209 0.99767 -3.12898 -1.53732e-09 4 -0.107572 10
280.824 250.203 0.99767 -3.12899 -1.35795e-09 4.5 -0.107572 10
280.324 250.197 0.99767 -3.129 -1.03424e-09 5 -0.107572 10
279.824 250.19 0.99767 -3.12902 -6.44884e-10 5.5 -0.107572 10
279.324 250.184 0.99767 -3.12903 -2.70387e-10 6 -0.107572 10
278.824 250.178 0.99767 -3.12904 1.84073e-11 6.5 -0.107572 10
278.324 250.172 0.99767 -3.12905 1.70502e-10 7 -0.107572 10
277.824 250.165 0.99767 -3.12905 1.70948e-10 7.5 -0.107572 10
277.324 250.159 0.99767 -3.12905 4.40951e-11 8 -0.107572 10
276.824 250.153 0.99767 -3.12905 -1.27152e-10 8.5 -0.107572 10
276.324 250.146 0.99767 -3.12904 -2.11415e-10 9 -0.107572 10
275.824 250.14 0.99767 -3.12903 -7.95756e-11 9.5 -0.107572 10
275.324 250.134 0.99767 -3.12902 2.90007e-10 10 -0.107572 10
274.824 250.128 0.99767 -3.129 7.34548e-10 10.5 -0.107572 10
274.324 250.121 0.99767 -3.12899 9.82466e-10 11 -0.107572 10
273.824 250.115 0.99767 -3.12898 8.5485e-10 11.5 -0.107572 0
273.324 250.109 0.99767 -3.12898 3.95935e-10 12 -0.107572 0
272.824 250.102 0.99767 -3.12898 -1.95902e-10 12.5 -0.107572 0
272.324 250.096 0.99767 -3.12899 -6.97984e-10 13 -0.107572 0
271.824 250.09 0.99767 -3.129 -9.54248e-10 13.5 -0.107572 0
271.324 250.084 0.99767 -3.12901 -8.90061e-10 14 -0.107572 0
270.824 250.077 0.99767 -3.12903 -4.99416e-10 14.5 -0.107572 0
270.325 250.071 0.99767 -3.12905 1.75401e-10 15 -0.107572 0
269.825 250.065 0.99767 -3.12907 1.04867e-09 15.5 -0.107572 0
269.325 250.058 0.99767 -3.12909 2.01082e-09 16 -0.107572 0
268.825 250.052 0.99767 -3.12911 2.93964e-09 16.5 -0.107572 0
268.325 250.046 0.99767 -3.12913 3.7036e-09 17 -0.107572 0
267.825 250.04 0.99767 -3.12915 4.18197e-09 17.5 -0.107572 0
267.325 250.033 0.99767 -3.12917 4.27176e-09 18 -0.107572 0
266.825 250.027 0.99767 -3.12918 3.89952e-09 18.5 -0.107572 0
266.325 250.021 0.99767 -3.12919 3.03374e-09 19 -0.107572 0
265.825 250.015 0.99767 -3.1292 1.69239e-09 19.5 -0.107572 0
265.325 250.009 0 -3.1292 5.71149e-10 20 0 0
