283.324 250.235 0.99767 -3.12894 5.03776e-16 0 -0.107572 10
282.824 250.228 0.99767 -3.12893 2.71026e-09 0.5 -0.107572 10
282.324 250.222 0.99767 -3.12892 1.63336e-09 1 -0.107572 10
281.824 250.216 0.99767 -3.12892 4.40859e-10 1.5 -0.107572 10
281.324 250.209 0.99767 -3.12892 -6.50605e-10 2 -0.107572 10
280.824 250.203 0.99767 -3.12893 -1.50255e-09 2.5 -0.107572 10
280.324 250.197 0.99767 -3.12894 -2.04329e-09 3 -0.107572 10
279.824 250.19 0.99767 -3.12895 -2.2568e-09 3.5 -0.107572 10
279.324 250.184 0.99767 -3.12897 -2.17149e-09 4 -0.107572 10
278.824 250.178 0.99767 -3.12898 -1.84878e-09 4.5 -0.107572 10
278.324 250.171 0.99767 -3.129 -1.37293e-09 5 -0.107572 10
277.824 250.165 0.99767 -3.12901 -8.35289e-10 5.5 -0.107572 10
277.324 250.159 0.99767 -3.12903 -3.31993e-10 6 -0.107572 10
276.824 250.152 0.99767 -3.12904 5.62094e-11 6.5 -0.107572 10
276.324 250.146 0.99767 -3.12905 2.70959e-10 7 -0.107572 10
275.824 250.14 0.99767 -3.12906 2.88736e-10 7.5 -0.107572 10
275.324 250.134 0.99767 -3.12906 1.33533e-10 8 -0.107572 10
274.824 250.127 0.99767 -3.12906 -1.10735e-10 8.5 -0.107572 10
274.324 250.121 0.99767 -3.12905 -3.02827e-10 9 -0.107572 10
273.824 250.115 0.99767 -3.12904 -2.93151e-10 9.5 -0.107572 10
273.324 250.109 0.99767 -3.12903 -2.55701e-11 10 -0.107572 10
272.824 250.102 0.99767 -3.12901 3.66256e-10 10.5 -0.107572 10
272.324 250.096 0.99767 -3.129 6.29559e-10 11 -0.107572 10
271.824 250.09 0.99767 -3.12899 5.83179e-10 11.5 -0.107572 0
271.324 250.083 0.99767 -3.12899 2.49995e-10 12 -0.107572 0
270.825 250.077 0.99767 -3.12899 -1.92229e-10 12.5 -0.107572 0
270.325 250.071 0.99767 -3.129 -5.37253e-10 13 -0.107572 0
269.825 250.065 0.99767 -3.12901 -6.43288e-10 13.5 -0.107572 0
269.325 250.058 0.99767 -3.12903 -4.42932e-10 14 -0.107572 0
268.825 250.052 0.99767 -3.12904 6.82986e-11 14.5 -0.107572 0
268.325 250.046 0.99767 -3.12906 8.39053e-10 15 -0.107572 0
267.825 250.039 0.99767 -3.12909 1.78395e-09 15.5 -0.107572 0
267.325 250.033 0.99767 -3.12911 2.7909e-09 16 -0.107572 0
266.825 250.027 0.99767 -3.12913 3.7329e-09 16.5 -0.107572 0
266.325 250.021 0.99767 -3.12915 4.4805e-09 17 -0.107572 0
265.825 250.014 0.99767 -3.12917 4.90928e-09 17.5 -0.107572 0
265.325 250.008 0.99767 -3.12919 4.91572e-09 18 -0.107572 0
264.825 250.002 0.99767 -3.1292 4.42925e-09 18.5 -0.107572 0
264.325 249.996 0.99767 -3.12921 3.41525e-09 19 -0.107572 0
263.825 249.99 0.99767 -3.12921 1.89469e-09 19.5 -0.107572 0
263.325 249.983 0 -3.12921 6.39282e-10 20 0 0
