452.802 252.996 2.71342 3.07644 2.97542e-13 0 -0.00889575 11
452.302 253.029 2.71342 3.08642 -0.00177826 0.501514 -0.00889575 11
451.801 253.056 2.71342 3.09798 -0.00143009 1.00266 -0.00889575 11
451.301 253.078 2.71342 3.10903 -0.00111679 1.50345 -0.00889575 11
450.801 253.094 2.71342 3.11956 -0.000837307 2.00396 -0.00889575 11
450.301 253.106 2.71342 3.12957 -0.000590393 2.50426 -0.00889575 11
449.801 253.112 2.71342 3.13905 -0.000374689 3.00441 -0.00889575 11
449.3 253.113 2.71342 -3.13517 -0.000188728 3.50447 -0.00889575 11
448.8 253.11 2.71342 -3.12674 -3.09597e-05 4.00448 -0.00889575 11
448.301 253.102 2.71342 -3.11883 0.000100228 4.50448 -0.00889575 11
447.801 253.091 2.71342 -3.11145 0.000206494 5.00451 -0.00889575 11
447.301 253.076 2.71342 -3.10459 0.000289527 5.50458 -0.00889575 11
446.801 253.057 2.71342 -3.09825 0.000351034 6.00473 -0.00889575 11
446.301 253.036 2.71342 -3.09243 0.000392728 6.50497 -0.00889575 11
445.801 253.011 2.71342 -3.08714 0.000416321 7.00531 -0.00889575 11
445.302 252.984 2.71342 -3.08237 0.000423516 7.50574 -0.00889575 11
444.802 252.954 2.71342 -3.07811 0.000416002 8.00629 -0.00889575 11
444.302 252.922 2.71342 -3.07437 0.000395451 8.50694 -0.00889575 11
443.803 252.889 2.71342 -3.07114 0.000363514 9.00769 -0.00889575 11
443.303 252.853 2.71342 -3.06843 0.000321822 9.50853 -0.00889575 11
442.804 252.817 2.71342 -3.06622 0.000271983 10.0094 -0.00889575 11
442.304 252.779 2.71342 -3.06453 0.000215586 10.5104 -0.00889575 11
441.805 252.741 2.71342 -3.06335 0.0001542 11.0115 -0.00889575 11
441.305 252.701 2.71342 -3.06267 8.9382e-05 11.5126 -0.00889575 11
440.805 252.662 2.71342 -3.0625 2.27034e-05 12.0137 -0.00889575 11
440.306 252.622 2.71342 -3.06283 -4.41539e-05 12.5148 -0.00889575 11
439.806 252.583 2.71342 -3.06366 -0.000109144 13.0159 -0.00889575 11
439.307 252.544 0.00241981 -3.06496 -0.000169423 13.5169 0.0087567 0
438.807 252.505 0.00241981 -3.0667 -0.00022105 14.018 0.0087567 0
438.308 252.468 0.00241981 -3.0688 -0.000259532 14.5189 0.0087567 0
437.808 252.432 0.00241981 -3.07116 -0.000281596 15.0198 0.0087567 0
437.309 252.396 0.00241981 -3.07368 -0.000287149 15.5207 0.0087567 0
436.809 252.362 0.00241981 -3.07625 -0.000279591 16.0215 0.0087567 0
436.309 252.33 0.00241981 -3.07881 -0.000264035 16.5221 0.0087567 0
435.81 252.298 0.00241981 -3.08131 -0.000245004 17.0228 0.0087567 0
435.31 252.268 0.00241981 -3.08374 -0.000225297 17.5233 0.0087567 0
434.81 252.239 0.00241981 -3.08607 -0.000206184 18.0239 0.0087567 0
434.311 252.211 0.00241981 -3.08832 -0.000188085 18.5243 0.0087567 0
433.811 252.185 0.00241981 -3.09048 -0.000171088 19.0247 0.0087567 0
433.311 252.159 0.00241981 -3.09255 -0.000155185 19.5251 0.0087567 0
432.811 252.135 0.00241981 -3.09453 -0.000140346 20.0254 0.0087567 0
432.312 252.111 0.00241981 -3.09642 -0.000126535 20.5257 0.0087567 0
431.812 252.088 0.00241981 -3.09821 -0.000113715 21.026 0.0087567 0
431.312 252.067 0.00241981 -3.09991 -0.000101848 21.5262 0.0087567 0
430.812 252.046 0.00241981 -3.10152 -9.08917e-05 22.0265 0.0087567 0
430.313 252.026 0.00241981 -3.10303 -8.08045e-05 22.5266 0.0087567 0
429.813 252.007 0.00241981 -3.10444 -7.15418e-05 23.0268 0.0087567 0
429.313 251.988 0.00241981 -3.10576 -6.3058e-05 23.527 0.0087567 0
428.813 251.97 0.00241981 -3.10698 -5.53055e-05 24.0271 0.0087567 0
428.313 251.953 0.00241981 -3.1081 -4.82355e-05 24.5272 0.0087567 0
427.814 251.936 0.00241981 -3.10913 -4.17973e-05 25.0273 0.0087567 0
427.314 251.92 0.00241981 -3.11005 -3.5939e-05 25.5274 0.0087567 0
426.814 251.904 0.00241981 -3.11088 -3.06071e-05 26.0275 0.0087567 0
426.314 251.889 0.00241981 -3.1116 -2.57465e-05 26.5276 0.0087567 0
425.814 251.874 0.00241981 -3.11222 -2.13007e-05 27.0277 0.0087567 0
425.314 251.859 0.00241981 -3.11275 -1.7212e-05 27.5278 0.0087567 0
424.814 251.845 0.00241981 -3.11316 -1.3421e-05 28.0278 0.0087567 0
424.315 251.83 0.00241981 -3.11348 -9.86686e-06 28.5279 0.0087567 0
423.815 251.816 0.00241981 -3.11369 -6.48757e-06 29.0279 0.0087567 0
423.315 251.802 0.00241981 -3.1138 -3.21955e-06 29.528 0.0087567 0
422.815 251.788 0.00241981 -3.1138 -1.0371e-06 30.0281 0.0087567 0
