281.824 250.216 0.99767 -3.12892 2.2524e-14 0 -0.107572 10
281.324 250.209 0.99767 -3.12891 2.61554e-09 0.5 -0.107572 10
280.824 250.203 0.99767 -3.1289 1.21935e-09 1 -0.107572 10
280.324 250.197 0.99767 -3.12891 -1.64588e-10 1.5 -0.107572 10
279.824 250.19 0.99767 -3.12891 -1.3438e-09 2 -0.107572 10
279.324 250.184 0.99767 -3.12892 -2.2021e-09 2.5 -0.107572 10
278.824 250.178 0.99767 -3.12893 -2.68817e-09 3 -0.107572 10
278.324 250.171 0.99767 -3.12895 -2.8054e-09 3.5 -0.107572 10
277.824 250.165 0.99767 -3.12896 -2.59611e-09 4 -0.107572 10
277.324 250.159 0.99767 -3.12898 -2.13928e-09 4.5 -0.107572 10
276.824 250.152 0.99767 -3.129 -1.53033e-09 5 -0.107572 10
276.324 250.146 0.99767 -3.12902 -8.74292e-10 5.5 -0.107572 10
275.824 250.14 0.99767 -3.12903 -2.738e-10 6 -0.107572 10
275.324 250.133 0.99767 -3.12905 1.81991e-10 6.5 -0.107572 10
274.824 250.127 0.99767 -3.12906 4.29185e-10 7 -0.107572 10
274.324 250.121 0.99767 -3.12906 4.40806e-10 7.5 -0.107572 10
273.824 250.115 0.99767 -3.12907 2.39166e-10 8 -0.107572 10
273.324 250.108 0.99767 -3.12907 -8.58669e-11 8.5 -0.107572 10
272.824 250.102 0.99767 -3.12906 -3.85181e-10 9 -0.107572 10
272.324 250.096 0.99767 -3.12905 -4.86635e-10 9.5 -0.107572 10
271.824 250.09 0.99767 -3.12904 -3.08205e-10 10 -0.107572 10
271.324 250.083 0.99767 -3.12902 4.59801e-11 10.5 -0.107572 10
270.825 250.077 0.99767 -3.12901 3.33922e-10 11 -0.107572 10
270.325 250.071 0.99767 -3.12901 3.7027e-10 11.5 -0.107572 0
269.825 250.064 0.99767 -3.129 1.55729e-10 12 -0.107572 0
269.325 250.058 0.99767 -3.12901 -1.52224e-10 12.5 -0.107572 0
268.825 250.052 0.99767 -3.12901 -3.62815e-10 13 -0.107572 0
268.325 250.046 0.99767 -3.12902 -3.43559e-10 13.5 -0.107572 0
267.825 250.039 0.99767 -3.12904 -3.13254e-11 14 -0.107572 0
267.325 250.033 0.99767 -3.12906 5.72715e-10 14.5 -0.107572 0
266.825 250.027 0.99767 -3.12908 1.41758e-09 15 -0.107572 0
266.325 250.02 0.99767 -3.1291 2.41609e-09 15.5 -0.107572 0
265.825 250.014 0.99767 -3.12912 3.45272e-09 16 -0.107572 0
265.325 250.008 0.99767 -3.12914 4.39942e-09 16.5 -0.107572 0
264.825 250.002 0.99767 -3.12916 5.12769e-09 17 -0.107572 0
264.325 249.996 0.99767 -3.12918 5.5116e-09 17.5 -0.107572 0
263.825 249.989 0.99767 -3.1292 5.44737e-09 18 -0.107572 0
263.325 249.983 0.99767 -3.12921 4.86439e-09 18.5 -0.107572 0
262.825 249.977 0.99767 -3.12922 3.72764e-09 19 -0.107572 0
262.325 249.971 0.99767 -3.12923 2.06132e-09 19.5 -0.107572 0
261.825 249.965 0 -3.12923 6.93469e-10 20 0 0
