280.824 250.203 0.997604 -3.12892 1.00953e-15 0 -0.316142 6
280.324 250.197 0.997604 -3.12899 -1.40826e-08 0.5 -0.316142 6
279.824 250.19 0.997604 -3.12907 -7.18406e-10 1 -0.316142 6
279.324 250.184 0.997604 -3.12914 1.04925e-08 1.5 -0.316142 6
278.824 250.178 0.997604 -3.12921 1.9245e-08 2 -0.316142 6
278.324 250.172 0.997604 -3.12927 2.53158e-08 2.5 -0.316142 6
277.824 250.165 0.997604 -3.12932 2.85924e-08 3 -0.316142 6
277.324 250.159 0.997604 -3.12937 2.91203e-08 3.5 -0.316142 6
276.824 250.153 0.997604 -3.12941 2.72225e-08 4 -0.316142 6
276.324 250.147 0.997604 -3.12944 2.3622e-08 4.5 -0.316142 6
275.824 250.141 0.99767 -3.12946 1.9421e-08 5 -0.107572 0
275.324 250.135 0.99767 -3.12948 1.57755e-08 5.5 -0.107572 0
274.824 250.129 0.99767 -3.12949 1.33963e-08 6 -0.107572 0
274.324 250.123 0.99767 -3.12951 1.2283e-08 6.5 -0.107572 0
273.824 250.117 0.99767 -3.12952 1.19023e-08 7 -0.107572 0
273.324 250.111 0.99767 -3.12953 1.15956e-08 7.5 -0.107572 0
272.824 250.105 0.99767 -3.12954 1.08569e-08 8 -0.107572 0
272.324 250.099 0.99767 -3.12955 9.40168e-09 8.5 -0.107572 0
271.824 250.093 0.99767 -3.12956 7.10075e-09 9 -0.107572 0
271.324 250.087 0.99767 -3.12956 3.91514e-09 9.5 -0.107572 0
270.824 250.081 0 -3.12956 1.31078e-09 10 0 0
