280.824 250.203 0.997515 -3.12892 1.00953e-15 0 -0.32939 6
280.324 250.197 0.997515 -3.12899 -1.40994e-08 0.5 -0.32939 6
279.824 250.19 0.997515 -3.12907 -6.76483e-10 1 -0.32939 6
279.324 250.184 0.997515 -3.12914 1.0577e-08 1.5 -0.32939 6
278.824 250.178 0.997515 -3.12921 1.93563e-08 2 -0.32939 6
278.324 250.172 0.997515 -3.12927 2.5439e-08 2.5 -0.32939 6
277.824 250.165 0.997515 -3.12932 2.8714e-08 3 -0.32939 6
277.324 250.159 0.997515 -3.12937 2.92286e-08 3.5 -0.32939 6
276.824 250.153 0.997515 -3.12941 2.7309e-08 4 -0.32939 6
276.324 250.147 0.997515 -3.12944 2.36824e-08 4.5 -0.32939 6
275.824 250.141 0.998345 -3.12946 1.94568e-08 5 -0.32831 0
275.324 250.135 0.998345 -3.12948 1.57925e-08 5.5 -0.32831 0
274.824 250.129 0.998345 -3.1295 1.34024e-08 6 -0.32831 0
274.324 250.123 0.998345 -3.12951 1.22849e-08 6.5 -0.32831 0
273.824 250.117 0.998345 -3.12952 1.19038e-08 7 -0.32831 0
273.324 250.111 0.998345 -3.12953 1.15981e-08 7.5 -0.32831 0
272.824 250.105 0.998345 -3.12954 1.08604e-08 8 -0.32831 0
272.324 250.099 0.998345 -3.12955 9.40555e-09 8.5 -0.32831 0
271.824 250.093 0.998345 -3.12956 7.1042e-09 9 -0.32831 0
271.324 250.087 0.998345 -3.12956 3.91727e-09 9.5 -0.32831 0
270.824 250.081 0 -3.12956 1.31152e-09 10 0 0
