452.802 252.996 2.71376 3.07635 2.97804e-13 0 -0.00889715 11
452.302 253.028 2.71376 3.08634 -0.00178106 0.501517 -0.00889715 11
451.801 253.056 2.71376 3.09791 -0.00143254 1.00267 -0.00889715 11
451.301 253.078 2.71376 3.10896 -0.00111892 1.50346 -0.00889715 11
450.801 253.094 2.71376 3.1195 -0.000839125 2.00397 -0.00889715 11
450.301 253.105 2.71376 3.12951 -0.000591932 2.50427 -0.00889715 11
449.801 253.111 2.71376 3.139 -0.000375972 3.00442 -0.00889715 11
449.3 253.113 2.71376 -3.13522 -0.00018978 3.50448 -0.00889715 11
448.8 253.109 2.71376 -3.12679 -3.18031e-05 4.00449 -0.00889715 11
448.301 253.102 2.71376 -3.11887 9.95709e-05 4.50449 -0.00889715 11
447.801 253.091 2.71376 -3.11148 0.000206002 5.00452 -0.00889715 11
447.301 253.076 2.71376 -3.10462 0.000289179 5.5046 -0.00889715 11
446.801 253.057 2.71376 -3.09828 0.000350811 6.00474 -0.00889715 11
446.301 253.036 2.71376 -3.09246 0.000392611 6.50498 -0.00889715 11
445.801 253.011 2.71376 -3.08717 0.000416293 7.00532 -0.00889715 11
445.302 252.984 2.71376 -3.08239 0.000423561 7.50575 -0.00889715 11
444.802 252.954 2.71376 -3.07813 0.000416106 8.0063 -0.00889715 11
444.302 252.922 2.71376 -3.07438 0.0003956 8.50695 -0.00889715 11
443.803 252.889 2.71376 -3.07115 0.000363695 9.00769 -0.00889715 11
443.303 252.853 2.71376 -3.06844 0.000322024 9.50853 -0.00889715 11
442.804 252.817 2.71376 -3.06623 0.000272197 10.0095 -0.00889715 11
442.304 252.779 2.71376 -3.06454 0.000215802 10.5104 -0.00889715 11
441.805 252.741 2.71376 -3.06335 0.000154411 11.0115 -0.00889715 11
441.305 252.701 2.71376 -3.06268 8.95807e-05 11.5126 -0.00889715 11
440.805 252.662 2.71376 -3.0625 2.28847e-05 12.0137 -0.00889715 11
440.306 252.622 2.71376 -3.06283 -4.39941e-05 12.5148 -0.00889715 11
439.806 252.583 2.71376 -3.06366 -0.000109009 13.0159 -0.00889715 11
439.307 252.544 0.00176813 -3.06496 -0.000169315 13.5169 0.00253673 0
438.807 252.506 0.00176813 -3.06669 -0.000220967 14.018 0.00253673 0
438.308 252.468 0.00176813 -3.06879 -0.000259473 14.5189 0.00253673 0
437.808 252.432 0.00176813 -3.07116 -0.000281558 15.0199 0.00253673 0
437.309 252.396 0.00176813 -3.07368 -0.000287125 15.5207 0.00253673 0
436.809 252.362 0.00176813 -3.07625 -0.000279576 16.0215 0.00253673 0
436.309 252.33 0.00176813 -3.07881 -0.000264026 16.5222 0.00253673 0
435.81 252.298 0.00176813 -3.08131 -0.000244999 17.0228 0.00253673 0
435.31 252.268 0.00176813 -3.08373 -0.000225294 17.5234 0.00253673 0
434.81 252.239 0.00176813 -3.08607 -0.000206183 18.0239 0.00253673 0
434.311 252.211 0.00176813 -3.08832 -0.000188086 18.5243 0.00253673 0
433.811 252.185 0.00176813 -3.09048 -0.00017109 19.0247 0.00253673 0
433.311 252.159 0.00176813 -3.09255 -0.000155188 19.5251 0.00253673 0
432.811 252.135 0.00176813 -3.09453 -0.00014035 20.0254 0.00253673 0
432.312 252.111 0.00176813 -3.09641 -0.00012654 20.5257 0.00253673 0
431.812 252.089 0.00176813 -3.09821 -0.000113721 21.026 0.00253673 0
431.312 252.067 0.00176813 -3.09991 -0.000101854 21.5263 0.00253673 0
430.812 252.046 0.00176813 -3.10151 -9.08984e-05 22.0265 0.00253673 0
430.313 252.026 0.00176813 -3.10302 -8.08114e-05 22.5267 0.00253673 0
429.813 252.007 0.00176813 -3.10444 -7.15488e-05 23.0268 0.00253673 0
429.313 251.988 0.00176813 -3.10576 -6.3065e-05 23.527 0.00253673 0
428.813 251.97 0.00176813 -3.10698 -5.53125e-05 24.0271 0.00253673 0
428.313 251.953 0.00176813 -3.1081 -4.82422e-05 24.5272 0.00253673 0
427.814 251.936 0.00176813 -3.10912 -4.18038e-05 25.0273 0.00253673 0
427.314 251.92 0.00176813 -3.11005 -3.59451e-05 25.5274 0.00253673 0
426.814 251.904 0.00176813 -3.11087 -3.06127e-05 26.0275 0.00253673 0
426.314 251.889 0.00176813 -3.1116 -2.57515e-05 26.5276 0.00253673 0
425.814 251.874 0.00176813 -3.11222 -2.13052e-05 27.0277 0.00253673 0
425.314 251.859 0.00176813 -3.11274 -1.72158e-05 27.5278 0.00253673 0
424.814 251.845 0.00176813 -3.11316 -1.34241e-05 28.0278 0.00253673 0
424.315 251.83 0.00176813 -3.11347 -9.86924e-06 28.5279 0.00253673 0
423.815 251.816 0.00176813 -3.11368 -6.48918e-06 29.0279 0.00253673 0
423.315 251.802 0.00176813 -3.11379 -3.22036e-06 29.528 0.00253673 0
422.815 251.788 0.00176813 -3.11379 -1.03736e-06 30.0281 0.00253673 0
