279.324 250.184 0.997528 -3.12912 1.9432e-16 0 -0.329591 6
278.824 250.178 0.997528 -3.12917 1.4289e-08 0.5 -0.329591 6
278.324 250.172 0.997528 -3.12924 2.21113e-08 1 -0.329591 6
277.824 250.165 0.997528 -3.1293 2.82934e-08 1.5 -0.329591 6
277.324 250.159 0.997528 -3.12935 3.25547e-08 2 -0.329591 6
276.824 250.153 0.997528 -3.1294 3.46872e-08 2.5 -0.329591 6
276.324 250.147 0.997528 -3.12945 3.45786e-08 3 -0.329591 6
275.824 250.141 0.997528 -3.12948 3.22781e-08 3.5 -0.329591 6
275.324 250.135 0.997528 -3.12951 2.81196e-08 4 -0.329591 6
274.824 250.129 0.997528 -3.12954 2.28533e-08 4.5 -0.329591 6
274.324 250.123 0.997528 -3.12955 1.76014e-08 5 -0.329591 0
273.824 250.117 0.997528 -3.12957 1.34844e-08 5.5 -0.329591 0
273.324 250.111 0.997528 -3.12958 1.10983e-08 6 -0.329591 0
272.824 250.105 0.997528 -3.12959 1.02653e-08 6.5 -0.329591 0
272.324 250.099 0.997528 -3.1296 1.02867e-08 7 -0.329591 0
271.824 250.093 0.997528 -3.12961 1.03897e-08 7.5 -0.329591 0
271.324 250.087 0.997528 -3.12961 1.0019e-08 8 -0.329591 0
270.824 250.081 0.997528 -3.12962 8.8721e-09 8.5 -0.329591 0
270.324 250.075 0.997528 -3.12963 6.81745e-09 9 -0.329591 0
269.825 250.069 0.997528 -3.12963 3.80663e-09 9.5 -0.329591 0
269.325 250.063 0 -3.12963 1.27936e-09 10 0 0
