279.324 250.184 0.997528 -3.12912 1.9432e-16 0 -0.329591 6
278.824 250.178 0.997528 -3.12917 1.34787e-08 0.5 -0.329591 6
278.324 250.172 0.997528 -3.12923 2.07051e-08 1 -0.329591 6
277.824 250.165 0.997528 -3.12929 2.64868e-08 1.5 -0.329591 6
277.324 250.159 0.997528 -3.12934 3.05409e-08 2 -0.329591 6
276.824 250.153 0.997528 -3.12939 3.26517e-08 2.5 -0.329591 6
276.324 250.147 0.997528 -3.12943 3.26924e-08 3 -0.329591 6
275.824 250.141 0.997528 -3.12947 3.06871e-08 3.5 -0.329591 6
275.324 250.135 0.997528 -3.1295 2.6927e-08 4 -0.329591 6
274.824 250.129 0.997528 -3.12952 2.20963e-08 4.5 -0.329591 6
274.324 250.123 0.997528 -3.12954 1.72366e-08 5 -0.329591 0
273.824 250.117 0.997528 -3.12955 1.3402e-08 5.5 -0.329591 0
273.324 250.111 0.997528 -3.12957 1.11662e-08 6 -0.329591 0
272.824 250.105 0.997528 -3.12957 1.03767e-08 6.5 -0.329591 0
272.324 250.099 0.997528 -3.12958 1.03809e-08 7 -0.329591 0
271.824 250.093 0.997528 -3.12959 1.04461e-08 7.5 -0.329591 0
271.324 250.087 0.997528 -3.1296 1.00394e-08 8 -0.329591 0
270.824 250.081 0.997528 -3.12961 8.86705e-09 8.5 -0.329591 0
270.324 250.075 0.997528 -3.12962 6.8003e-09 9 -0.329591 0
269.825 250.069 0.997528 -3.12962 3.79173e-09 9.5 -0.329591 0
269.325 250.063 0 -3.12962 1.27383e-09 10 0 0
