277.824 250.165 0.997528 -3.12927 2.35226e-14 0 -0.329591 6
277.324 250.159 0.997528 -3.12931 2.51073e-08 0.5 -0.329591 6
276.824 250.153 0.997528 -3.12936 2.88838e-08 1 -0.329591 6
276.324 250.147 0.997528 -3.1294 3.15866e-08 1.5 -0.329591 6
275.824 250.141 0.997528 -3.12944 3.29765e-08 2 -0.329591 6
275.324 250.135 0.997528 -3.12948 3.2862e-08 2.5 -0.329591 6
274.824 250.129 0.997528 -3.12952 3.11284e-08 3 -0.329591 6
274.324 250.123 0.997528 -3.12954 2.78013e-08 3.5 -0.329591 6
273.824 250.117 0.997528 -3.12957 2.3166e-08 4 -0.329591 6
273.324 250.111 0.997528 -3.12958 1.78933e-08 4.5 -0.329591 6
272.824 250.105 0.997528 -3.12959 1.29801e-08 5 -0.329591 0
272.324 250.099 0.997528 -3.1296 9.39992e-09 5.5 -0.329591 0
271.824 250.093 0.997528 -3.12961 7.60885e-09 6 -0.329591 0
271.324 250.087 0.997528 -3.12962 7.34297e-09 6.5 -0.329591 0
270.824 250.081 0.997528 -3.12962 7.87023e-09 7 -0.329591 0
270.324 250.075 0.997528 -3.12963 8.42749e-09 7.5 -0.329591 0
269.825 250.069 0.997528 -3.12964 8.4764e-09 8 -0.329591 0
269.325 250.063 0.997528 -3.12964 7.73138e-09 8.5 -0.329591 0
268.825 250.057 0.997528 -3.12965 6.06852e-09 9 -0.329591 0
268.325 250.051 0.997528 -3.12965 3.43868e-09 9.5 -0.329591 0
267.825 250.045 0 -3.12965 1.16192e-09 10 0 0
