277.324 250.159 0.997528 -3.12929 2.01826e-14 0 -0.329591 6
276.824 250.153 0.997528 -3.12933 2.51305e-08 0.5 -0.329591 6
276.324 250.147 0.997528 -3.12937 2.8301e-08 1 -0.329591 6
275.824 250.141 0.997528 -3.12942 3.05082e-08 1.5 -0.329591 6
275.324 250.135 0.997528 -3.12946 3.15244e-08 2 -0.329591 6
274.824 250.129 0.997528 -3.12949 3.1165e-08 2.5 -0.329591 6
274.324 250.123 0.997528 -3.12952 2.93162e-08 3 -0.329591 6
273.824 250.117 0.997528 -3.12955 2.5997e-08 3.5 -0.329591 6
273.324 250.111 0.997528 -3.12957 2.14807e-08 4 -0.329591 6
272.824 250.105 0.997528 -3.12958 1.64036e-08 4.5 -0.329591 6
272.324 250.099 0.997528 -3.12959 1.17235e-08 5 -0.329591 0
271.824 250.093 0.997528 -3.1296 8.36805e-09 5.5 -0.329591 0
271.324 250.087 0.997528 -3.12961 6.76227e-09 6 -0.329591 0
270.824 250.081 0.997528 -3.12961 6.63448e-09 6.5 -0.329591 0
270.324 250.075 0.997528 -3.12962 7.26797e-09 7 -0.329591 0
269.825 250.069 0.997528 -3.12963 7.91255e-09 7.5 -0.329591 0
269.325 250.063 0.997528 -3.12963 8.04699e-09 8 -0.329591 0
268.825 250.057 0.997528 -3.12964 7.39651e-09 8.5 -0.329591 0
268.325 250.051 0.997528 -3.12964 5.83518e-09 9 -0.329591 0
267.825 250.045 0.997528 -3.12965 3.31799e-09 9.5 -0.329591 0
267.325 250.039 0 -3.12965 1.12247e-09 10 0 0
