452.802 253 2.71546 3.07643 2.98213e-13 0 -0.00890401 11
452.302 253.033 2.71546 3.08643 -0.00178302 0.501514 -0.00890401 11
451.801 253.061 2.71546 3.09803 -0.00143317 1.00266 -0.00890401 11
451.301 253.082 2.71546 3.1091 -0.00111841 1.50345 -0.00890401 11
450.801 253.099 2.71546 3.11966 -0.000837638 2.00396 -0.00890401 11
450.301 253.11 2.71546 3.12969 -0.000589627 2.50426 -0.00890401 11
449.8 253.116 2.71546 3.1392 -0.000373003 3.00441 -0.00890401 11
449.3 253.117 2.71546 -3.135 -0.000186291 3.50446 -0.00890401 11
448.8 253.114 2.71546 -3.12654 -2.79307e-05 4.00447 -0.00890401 11
448.3 253.106 2.71546 -3.11862 0.0001037 4.50447 -0.00890401 11
447.801 253.095 2.71546 -3.11121 0.000210271 5.0045 -0.00890401 11
447.301 253.079 2.71546 -3.10434 0.000293482 5.50458 -0.00890401 11
446.801 253.061 2.71546 -3.09799 0.000355049 6.00473 -0.00890401 11
446.301 253.039 2.71546 -3.09216 0.000396697 6.50497 -0.00890401 11
445.801 253.014 2.71546 -3.08686 0.00042015 7.00531 -0.00890401 11
445.302 252.987 2.71546 -3.08207 0.00042712 7.50576 -0.00890401 11
444.802 252.957 2.71546 -3.07781 0.000419308 8.00631 -0.00890401 11
444.302 252.925 2.71546 -3.07406 0.000398395 8.50697 -0.00890401 11
443.803 252.891 2.71546 -3.07083 0.000366044 9.00772 -0.00890401 11
443.303 252.856 2.71546 -3.06811 0.000323894 9.50857 -0.00890401 11
442.804 252.819 2.71546 -3.06591 0.000273564 10.0095 -0.00890401 11
442.304 252.781 2.71546 -3.06421 0.000216652 10.5105 -0.00890401 11
441.805 252.743 2.71546 -3.06303 0.000154737 11.0116 -0.00890401 11
441.305 252.703 2.71546 -3.06236 8.93849e-05 11.5126 -0.00890401 11
440.805 252.664 2.71546 -3.06219 2.21768e-05 12.0138 -0.00890401 11
440.306 252.624 2.71546 -3.06253 -4.51946e-05 12.5149 -0.00890401 11
439.806 252.584 2.71546 -3.06336 -0.00011067 13.016 -0.00890401 11
439.307 252.545 0.00323262 -3.06468 -0.000171387 13.5171 -0.0339241 0
438.807 252.507 0.00323262 -3.06642 -0.000223373 14.0181 -0.0339241 0
438.308 252.469 0.00323262 -3.06853 -0.000262105 14.5191 -0.0339241 0
437.808 252.432 0.00323262 -3.07091 -0.000284287 15.02 -0.0339241 0
437.308 252.397 0.00323262 -3.07344 -0.000289829 15.5208 -0.0339241 0
436.809 252.363 0.00323262 -3.07603 -0.000282161 16.0216 -0.0339241 0
436.309 252.33 0.00323262 -3.0786 -0.000266438 16.5223 -0.0339241 0
435.81 252.299 0.00323262 -3.08111 -0.000247218 17.023 -0.0339241 0
435.31 252.268 0.00323262 -3.08355 -0.000227321 17.5235 -0.0339241 0
434.81 252.239 0.00323262 -3.0859 -0.000208025 18.024 -0.0339241 0
434.311 252.211 0.00323262 -3.08816 -0.000189755 18.5245 -0.0339241 0
433.811 252.185 0.00323262 -3.09033 -0.000172598 19.0249 -0.0339241 0
433.311 252.159 0.00323262 -3.09241 -0.000156547 19.5253 -0.0339241 0
432.811 252.134 0.00323262 -3.09439 -0.000141569 20.0256 -0.0339241 0
432.312 252.111 0.00323262 -3.09629 -0.000127631 20.5259 -0.0339241 0
431.812 252.088 0.00323262 -3.09809 -0.000114694 21.0262 -0.0339241 0
431.312 252.066 0.00323262 -3.0998 -0.000102718 21.5264 -0.0339241 0
430.812 252.046 0.00323262 -3.10141 -9.16625e-05 22.0267 -0.0339241 0
430.313 252.025 0.00323262 -3.10293 -8.14846e-05 22.5269 -0.0339241 0
429.813 252.006 0.00323262 -3.10435 -7.21393e-05 23.027 -0.0339241 0
429.313 251.988 0.00323262 -3.10567 -6.35805e-05 23.5272 -0.0339241 0
428.813 251.97 0.00323262 -3.1069 -5.57601e-05 24.0273 -0.0339241 0
428.313 251.952 0.00323262 -3.10803 -4.86287e-05 24.5274 -0.0339241 0
427.814 251.935 0.00323262 -3.10906 -4.21352e-05 25.0275 -0.0339241 0
427.314 251.919 0.00323262 -3.10999 -3.62272e-05 25.5276 -0.0339241 0
426.814 251.903 0.00323262 -3.11082 -3.08505e-05 26.0277 -0.0339241 0
426.314 251.888 0.00323262 -3.11154 -2.59496e-05 26.5278 -0.0339241 0
425.814 251.873 0.00323262 -3.11217 -2.14676e-05 27.0279 -0.0339241 0
425.314 251.858 0.00323262 -3.11269 -1.73459e-05 27.528 -0.0339241 0
424.814 251.844 0.00323262 -3.11311 -1.35247e-05 28.028 -0.0339241 0
424.315 251.83 0.00323262 -3.11343 -9.94269e-06 28.5281 -0.0339241 0
423.815 251.815 0.00323262 -3.11364 -6.5372e-06 29.0282 -0.0339241 0
423.315 251.801 0.00323262 -3.11375 -3.24409e-06 29.5282 -0.0339241 0
422.815 251.788 0.00323262 -3.11375 -1.04499e-06 30.0283 -0.0339241 0
