277.324 250.159 0.997528 -3.12929 2.01826e-14 0 -0.329591 6
276.824 250.153 0.997528 -3.12933 2.39519e-08 0.5 -0.329591 6
276.324 250.147 0.997528 -3.12937 2.69446e-08 1 -0.329591 6
275.824 250.141 0.997528 -3.12941 2.90594e-08 1.5 -0.329591 6
275.324 250.135 0.997528 -3.12945 3.0072e-08 2 -0.329591 6
274.824 250.129 0.997528 -3.12948 2.97977e-08 2.5 -0.329591 6
274.324 250.123 0.997528 -3.12951 2.81175e-08 3 -0.329591 6
273.824 250.117 0.997528 -3.12954 2.50385e-08 3.5 -0.329591 6
273.324 250.111 0.997528 -3.12956 2.08101e-08 4 -0.329591 6
272.824 250.105 0.997528 -3.12957 1.60289e-08 4.5 -0.329591 6
272.324 250.099 0.997528 -3.12958 1.16037e-08 5 -0.329591 0
271.824 250.093 0.997528 -3.12959 8.42277e-09 5.5 -0.329591 0
271.324 250.087 0.997528 -3.1296 6.9007e-09 6 -0.329591 0
270.824 250.081 0.997528 -3.12961 6.78555e-09 6.5 -0.329591 0
270.324 250.075 0.997528 -3.12961 7.39295e-09 7 -0.329591 0
269.825 250.069 0.997528 -3.12962 7.99942e-09 7.5 -0.329591 0
269.325 250.063 0.997528 -3.12963 8.09837e-09 8 -0.329591 0
268.825 250.057 0.997528 -3.12963 7.42056e-09 8.5 -0.329591 0
268.325 250.051 0.997528 -3.12964 5.84154e-09 9 -0.329591 0
267.825 250.045 0.997528 -3.12964 3.3168e-09 9.5 -0.329591 0
267.325 250.039 0 -3.12964 1.12157e-09 10 0 0
