275.824 250.141 0.997528 -3.1294 4.7779e-14 0 -0.329591 6
275.324 250.135 0.997528 -3.12942 2.23756e-08 0.5 -0.329591 6
274.824 250.129 0.997528 -3.12945 2.40113e-08 1 -0.329591 6
274.324 250.123 0.997528 -3.12948 2.49422e-08 1.5 -0.329591 6
273.824 250.117 0.997528 -3.12951 2.49985e-08 2 -0.329591 6
273.324 250.11 0.997528 -3.12953 2.4038e-08 2.5 -0.329591 6
272.824 250.104 0.997528 -3.12955 2.19641e-08 3 -0.329591 6
272.324 250.098 0.997528 -3.12957 1.87944e-08 3.5 -0.329591 6
271.824 250.092 0.997528 -3.12958 1.47636e-08 4 -0.329591 6
271.324 250.086 0.997528 -3.12959 1.04293e-08 4.5 -0.329591 6
270.824 250.08 0.997528 -3.1296 6.61992e-09 5 -0.329591 0
270.324 250.074 0.997528 -3.1296 4.12144e-09 5.5 -0.329591 0
269.825 250.068 0.997528 -3.12961 3.24962e-09 6 -0.329591 0
269.325 250.062 0.997528 -3.12961 3.701e-09 6.5 -0.329591 0
268.825 250.056 0.997528 -3.12961 4.79096e-09 7 -0.329591 0
268.325 250.05 0.997528 -3.12962 5.82649e-09 7.5 -0.329591 0
267.825 250.044 0.997528 -3.12962 6.3364e-09 8 -0.329591 0
267.325 250.038 0.997528 -3.12963 6.07295e-09 8.5 -0.329591 0
266.825 250.033 0.997528 -3.12963 4.926e-09 9 -0.329591 0
266.325 250.027 0.997528 -3.12964 2.85326e-09 9.5 -0.329591 0
265.825 250.021 0 -3.12964 9.71463e-10 10 0 0
