275.824 250.141 0.997528 -3.1294 4.7779e-14 0 -0.329591 6
275.324 250.135 0.997528 -3.12942 2.11223e-08 0.5 -0.329591 6
274.824 250.129 0.997528 -3.12945 2.27361e-08 1 -0.329591 6
274.324 250.123 0.997528 -3.12948 2.36869e-08 1.5 -0.329591 6
273.824 250.117 0.997528 -3.1295 2.38108e-08 2 -0.329591 6
273.324 250.11 0.997528 -3.12953 2.29683e-08 2.5 -0.329591 6
272.824 250.104 0.997528 -3.12955 2.10618e-08 3 -0.329591 6
272.324 250.098 0.997528 -3.12956 1.8102e-08 3.5 -0.329591 6
271.824 250.092 0.997528 -3.12958 1.43074e-08 4 -0.329591 6
271.324 250.086 0.997528 -3.12959 1.02069e-08 4.5 -0.329591 6
270.824 250.08 0.997528 -3.12959 6.59287e-09 5 -0.329591 0
270.324 250.074 0.997528 -3.1296 4.22297e-09 5.5 -0.329591 0
269.825 250.068 0.997528 -3.1296 3.40717e-09 6 -0.329591 0
269.325 250.062 0.997528 -3.1296 3.85908e-09 6.5 -0.329591 0
268.825 250.056 0.997528 -3.12961 4.92022e-09 7 -0.329591 0
268.325 250.05 0.997528 -3.12961 5.91868e-09 7.5 -0.329591 0
267.825 250.044 0.997528 -3.12962 6.39459e-09 8 -0.329591 0
267.325 250.038 0.997528 -3.12962 6.10437e-09 8.5 -0.329591 0
266.825 250.032 0.997528 -3.12963 4.93887e-09 9 -0.329591 0
266.325 250.026 0.997528 -3.12963 2.85608e-09 9.5 -0.329591 0
265.825 250.02 0 -3.12963 9.71951e-10 10 0 0
