452.802 253.001 2.71355 3.07643 2.98273e-13 0 -0.00889628 11
452.302 253.034 2.71355 3.08644 -0.00178339 0.501514 -0.00889628 11
451.801 253.061 2.71355 3.09803 -0.00143338 1.00266 -0.00889628 11
451.301 253.083 2.71355 3.10912 -0.00111847 1.50345 -0.00889628 11
450.801 253.099 2.71355 3.11968 -0.000837576 2.00396 -0.00889628 11
450.301 253.11 2.71355 3.12971 -0.00058946 2.50426 -0.00889628 11
449.8 253.116 2.71355 3.13922 -0.000372748 3.00441 -0.00889628 11
449.3 253.117 2.71355 -3.13498 -0.000185966 3.50446 -0.00889628 11
448.8 253.114 2.71355 -3.12652 -2.75517e-05 4.00447 -0.00889628 11
448.3 253.106 2.71355 -3.11859 0.000104118 4.50447 -0.00889628 11
447.801 253.095 2.71355 -3.11119 0.000210714 5.0045 -0.00889628 11
447.301 253.08 2.71355 -3.10431 0.000293936 5.50458 -0.00889628 11
446.801 253.061 2.71355 -3.09796 0.000355503 6.00473 -0.00889628 11
446.301 253.039 2.71355 -3.09213 0.000397141 6.50497 -0.00889628 11
445.801 253.015 2.71355 -3.08682 0.000420573 7.00531 -0.00889628 11
445.302 252.987 2.71355 -3.08204 0.000427515 7.50576 -0.00889628 11
444.802 252.957 2.71355 -3.07777 0.000419666 8.00631 -0.00889628 11
444.302 252.925 2.71355 -3.07402 0.000398711 8.50697 -0.00889628 11
443.803 252.892 2.71355 -3.07079 0.000366312 9.00773 -0.00889628 11
443.303 252.856 2.71355 -3.06808 0.000324111 9.50858 -0.00889628 11
442.804 252.819 2.71355 -3.06587 0.000273727 10.0095 -0.00889628 11
442.304 252.782 2.71355 -3.06418 0.000216758 10.5105 -0.00889628 11
441.805 252.743 2.71355 -3.063 0.000154785 11.0116 -0.00889628 11
441.305 252.703 2.71355 -3.06232 8.93743e-05 11.5127 -0.00889628 11
440.805 252.664 2.71355 -3.06216 2.21089e-05 12.0138 -0.00889628 11
440.306 252.624 2.71355 -3.0625 -4.53181e-05 12.5149 -0.00889628 11
439.806 252.584 2.71355 -3.06333 -0.000110846 13.016 -0.00889628 11
439.307 252.545 0.00302824 -3.06464 -0.000171609 13.5171 0.00544945 0
438.807 252.507 0.00302824 -3.06639 -0.000223633 14.0181 0.00544945 0
438.308 252.469 0.00302824 -3.0685 -0.000262391 14.5191 0.00544945 0
437.808 252.432 0.00302824 -3.07088 -0.000284586 15.02 0.00544945 0
437.308 252.397 0.00302824 -3.07342 -0.000290126 15.5209 0.00544945 0
436.809 252.363 0.00302824 -3.07601 -0.000282445 16.0216 0.00544945 0
436.309 252.33 0.00302824 -3.07858 -0.000266704 16.5223 0.00544945 0
435.81 252.299 0.00302824 -3.08109 -0.000247462 17.023 0.00544945 0
435.31 252.268 0.00302824 -3.08353 -0.000227544 17.5236 0.00544945 0
434.81 252.239 0.00302824 -3.08588 -0.000208228 18.0241 0.00544945 0
434.311 252.211 0.00302824 -3.08814 -0.000189939 18.5245 0.00544945 0
433.811 252.185 0.00302824 -3.09031 -0.000172765 19.025 0.00544945 0
433.311 252.159 0.00302824 -3.09239 -0.000156697 19.5253 0.00544945 0
432.811 252.134 0.00302824 -3.09438 -0.000141704 20.0257 0.00544945 0
432.312 252.111 0.00302824 -3.09627 -0.000127751 20.526 0.00544945 0
431.812 252.088 0.00302824 -3.09808 -0.000114801 21.0262 0.00544945 0
431.312 252.066 0.00302824 -3.09979 -0.000102813 21.5265 0.00544945 0
430.812 252.046 0.00302824 -3.1014 -9.1747e-05 22.0267 0.00544945 0
430.313 252.025 0.00302824 -3.10292 -8.15591e-05 22.5269 0.00544945 0
429.813 252.006 0.00302824 -3.10434 -7.22048e-05 23.027 0.00544945 0
429.313 251.987 0.00302824 -3.10567 -6.36376e-05 23.5272 0.00544945 0
428.813 251.969 0.00302824 -3.10689 -5.58098e-05 24.0273 0.00544945 0
428.313 251.952 0.00302824 -3.10802 -4.86716e-05 24.5275 0.00544945 0
427.814 251.935 0.00302824 -3.10905 -4.21721e-05 25.0276 0.00544945 0
427.314 251.919 0.00302824 -3.10998 -3.62586e-05 25.5277 0.00544945 0
426.814 251.903 0.00302824 -3.11081 -3.0877e-05 26.0278 0.00544945 0
426.314 251.888 0.00302824 -3.11154 -2.59717e-05 26.5278 0.00544945 0
425.814 251.873 0.00302824 -3.11216 -2.14857e-05 27.0279 0.00544945 0
425.314 251.858 0.00302824 -3.11269 -1.73604e-05 27.528 0.00544945 0
424.814 251.844 0.00302824 -3.11311 -1.35359e-05 28.0281 0.00544945 0
424.315 251.829 0.00302824 -3.11342 -9.95091e-06 28.5281 0.00544945 0
423.815 251.815 0.00302824 -3.11363 -6.54258e-06 29.0282 0.00544945 0
423.315 251.801 0.00302824 -3.11374 -3.24675e-06 29.5282 0.00544945 0
422.815 251.787 0.00302824 -3.11374 -1.04585e-06 30.0283 0.00544945 0
