274.324 250.123 0.997528 -3.12946 -2.29621e-14 0 -0.329591 6
273.824 250.117 0.997528 -3.12948 1.39028e-08 0.5 -0.329591 6
273.324 250.11 0.997528 -3.12949 1.53083e-08 1 -0.329591 6
272.824 250.104 0.997528 -3.12951 1.6092e-08 1.5 -0.329591 6
272.324 250.098 0.997528 -3.12953 1.61546e-08 2 -0.329591 6
271.824 250.092 0.997528 -3.12954 1.54023e-08 2.5 -0.329591 6
271.324 250.086 0.997528 -3.12956 1.37729e-08 3 -0.329591 6
270.824 250.08 0.997528 -3.12957 1.12896e-08 3.5 -0.329591 6
270.324 250.074 0.997528 -3.12957 8.1608e-09 4 -0.329591 6
269.825 250.068 0.997528 -3.12958 4.86105e-09 4.5 -0.329591 6
269.325 250.062 0.997528 -3.12958 2.09138e-09 5 -0.329591 0
268.825 250.056 0.997528 -3.12958 5.01067e-10 5.5 -0.329591 0
268.325 250.05 0.997528 -3.12958 3.21956e-10 6 -0.329591 0
267.825 250.044 0.997528 -3.12958 1.25411e-09 6.5 -0.329591 0
267.325 250.038 0.997528 -3.12959 2.67829e-09 7 -0.329591 0
266.825 250.032 0.997528 -3.12959 3.98753e-09 7.5 -0.329591 0
266.325 250.026 0.997528 -3.12959 4.77377e-09 8 -0.329591 0
265.825 250.02 0.997528 -3.1296 4.82251e-09 8.5 -0.329591 0
265.325 250.014 0.997528 -3.1296 4.03897e-09 9 -0.329591 0
264.825 250.008 0.997528 -3.1296 2.38682e-09 9.5 -0.329591 0
264.325 250.002 0 -3.1296 8.17942e-10 10 0 0
