274.324 250.123 0.997528 -3.12946 -2.29621e-14 0 -0.329591 6
273.824 250.117 0.997528 -3.12948 1.29238e-08 0.5 -0.329591 6
273.324 250.11 0.997528 -3.12949 1.43821e-08 1 -0.329591 6
272.824 250.104 0.997528 -3.12951 1.52302e-08 1.5 -0.329591 6
272.324 250.098 0.997528 -3.12952 1.53748e-08 2 -0.329591 6
271.824 250.092 0.997528 -3.12954 1.47256e-08 2.5 -0.329591 6
271.324 250.086 0.997528 -3.12955 1.32216e-08 3 -0.329591 6
270.824 250.08 0.997528 -3.12956 1.08834e-08 3.5 -0.329591 6
270.324 250.074 0.997528 -3.12957 7.91036e-09 4 -0.329591 6
269.825 250.068 0.997528 -3.12957 4.76012e-09 4.5 -0.329591 6
269.325 250.062 0.997528 -3.12958 2.11202e-09 5 -0.329591 0
268.825 250.056 0.997528 -3.12958 5.98623e-10 5.5 -0.329591 0
268.325 250.05 0.997528 -3.12958 4.49351e-10 6 -0.329591 0
267.825 250.044 0.997528 -3.12958 1.37611e-09 6.5 -0.329591 0
267.325 250.038 0.997528 -3.12958 2.77684e-09 7 -0.329591 0
266.825 250.032 0.997528 -3.12959 4.05816e-09 7.5 -0.329591 0
266.325 250.026 0.997528 -3.12959 4.8192e-09 8 -0.329591 0
265.825 250.02 0.997528 -3.12959 4.84801e-09 8.5 -0.329591 0
265.325 250.014 0.997528 -3.1296 4.05036e-09 9 -0.329591 0
264.825 250.008 0.997528 -3.1296 2.39002e-09 9.5 -0.329591 0
264.325 250.002 0 -3.1296 8.18681e-10 10 0 0
