452.802 253.001 2.71362 3.07639 2.98501e-13 0 -0.00889657 11
452.302 253.034 2.71362 3.0864 -0.00178544 0.501516 -0.00889657 11
451.801 253.062 2.71362 3.09801 -0.001435 1.00267 -0.00889657 11
451.301 253.084 2.71362 3.1091 -0.0011197 1.50345 -0.00889657 11
450.801 253.1 2.71362 3.11966 -0.000838463 2.00396 -0.00889657 11
450.301 253.111 2.71362 3.1297 -0.000590041 2.50426 -0.00889657 11
449.8 253.117 2.71362 3.13922 -0.000373065 3.00441 -0.00889657 11
449.3 253.118 2.71362 -3.13497 -0.000186055 3.50447 -0.00889657 11
448.8 253.115 2.71362 -3.12651 -2.74498e-05 4.00447 -0.00889657 11
448.3 253.107 2.71362 -3.11858 0.000104377 4.50448 -0.00889657 11
447.801 253.096 2.71362 -3.11117 0.000211097 5.0045 -0.00889657 11
447.301 253.08 2.71362 -3.10429 0.000294414 5.50458 -0.00889657 11
446.801 253.062 2.71362 -3.09793 0.000356048 6.00474 -0.00889657 11
446.301 253.04 2.71362 -3.0921 0.000397727 6.50498 -0.00889657 11
445.801 253.015 2.71362 -3.08679 0.000421178 7.00532 -0.00889657 11
445.302 252.988 2.71362 -3.082 0.000428117 7.50577 -0.00889657 11
444.802 252.958 2.71362 -3.07773 0.000420247 8.00632 -0.00889657 11
444.302 252.926 2.71362 -3.07398 0.000399254 8.50698 -0.00889657 11
443.803 252.892 2.71362 -3.07075 0.000366803 9.00774 -0.00889657 11
443.303 252.857 2.71362 -3.06803 0.000324538 9.50859 -0.00889657 11
442.804 252.82 2.71362 -3.06583 0.000274079 10.0095 -0.00889657 11
442.304 252.782 2.71362 -3.06413 0.000217029 10.5105 -0.00889657 11
441.805 252.743 2.71362 -3.06295 0.000154968 11.0116 -0.00889657 11
441.305 252.704 2.71362 -3.06228 8.94659e-05 11.5127 -0.00889657 11
440.805 252.664 2.71362 -3.06211 2.21072e-05 12.0138 -0.00889657 11
440.306 252.624 2.71362 -3.06245 -4.54126e-05 12.5149 -0.00889657 11
439.806 252.585 2.71362 -3.06329 -0.00011103 13.016 -0.00889657 11
439.307 252.545 0.00342226 -3.0646 -0.000171875 13.5171 0.00350168 0
438.807 252.507 0.00342226 -3.06635 -0.00022397 14.0181 0.00350168 0
438.308 252.469 0.00342226 -3.06846 -0.000262779 14.5191 0.00350168 0
437.808 252.433 0.00342226 -3.07084 -0.000285002 15.02 0.00350168 0
437.308 252.397 0.00342226 -3.07338 -0.000290547 15.5209 0.00350168 0
436.809 252.363 0.00342226 -3.07597 -0.000282853 16.0217 0.00350168 0
436.309 252.33 0.00342226 -3.07854 -0.000267087 16.5224 0.00350168 0
435.81 252.299 0.00342226 -3.08106 -0.000247817 17.023 0.00350168 0
435.31 252.268 0.00342226 -3.0835 -0.000227869 17.5236 0.00350168 0
434.81 252.239 0.00342226 -3.08585 -0.000208524 18.0241 0.00350168 0
434.311 252.212 0.00342226 -3.08811 -0.000190209 18.5246 0.00350168 0
433.811 252.185 0.00342226 -3.09028 -0.000173009 19.025 0.00350168 0
433.311 252.159 0.00342226 -3.09236 -0.000156918 19.5254 0.00350168 0
432.811 252.134 0.00342226 -3.09435 -0.000141903 20.0257 0.00350168 0
432.312 252.111 0.00342226 -3.09625 -0.00012793 20.526 0.00350168 0
431.812 252.088 0.00342226 -3.09806 -0.000114961 21.0263 0.00350168 0
431.312 252.066 0.00342226 -3.09977 -0.000102956 21.5265 0.00350168 0
430.812 252.045 0.00342226 -3.10138 -9.18744e-05 22.0267 0.00350168 0
430.313 252.025 0.00342226 -3.1029 -8.16719e-05 22.5269 0.00350168 0
429.813 252.006 0.00342226 -3.10432 -7.23043e-05 23.0271 0.00350168 0
429.313 251.987 0.00342226 -3.10565 -6.37251e-05 23.5272 0.00350168 0
428.813 251.969 0.00342226 -3.10688 -5.58862e-05 24.0274 0.00350168 0
428.313 251.952 0.00342226 -3.10801 -4.87381e-05 24.5275 0.00350168 0
427.814 251.935 0.00342226 -3.10904 -4.22296e-05 25.0276 0.00350168 0
427.314 251.919 0.00342226 -3.10997 -3.63079e-05 25.5277 0.00350168 0
426.814 251.903 0.00342226 -3.1108 -3.09188e-05 26.0278 0.00350168 0
426.314 251.888 0.00342226 -3.11153 -2.60068e-05 26.5279 0.00350168 0
425.814 251.873 0.00342226 -3.11215 -2.15146e-05 27.028 0.00350168 0
425.314 251.858 0.00342226 -3.11268 -1.73837e-05 27.528 0.00350168 0
424.814 251.844 0.00342226 -3.1131 -1.35541e-05 28.0281 0.00350168 0
424.315 251.829 0.00342226 -3.11341 -9.96423e-06 28.5282 0.00350168 0
423.815 251.815 0.00342226 -3.11362 -6.55132e-06 29.0282 0.00350168 0
423.315 251.801 0.00342226 -3.11373 -3.25108e-06 29.5283 0.00350168 0
422.815 251.787 0.00342226 -3.11373 -1.04724e-06 30.0283 0.00350168 0
