273.824 250.117 0.997528 -3.12947 -9.11847e-13 0 -0.329591 6
273.324 250.11 0.997528 -3.12948 1.02426e-08 0.5 -0.329591 6
272.824 250.104 0.997528 -3.12949 1.17806e-08 1 -0.329591 6
272.324 250.098 0.997528 -3.12951 1.27126e-08 1.5 -0.329591 6
271.824 250.092 0.997528 -3.12952 1.2963e-08 2 -0.329591 6
271.324 250.086 0.997528 -3.12953 1.24558e-08 2.5 -0.329591 6
270.824 250.08 0.997528 -3.12954 1.11389e-08 3 -0.329591 6
270.324 250.074 0.997528 -3.12955 9.03903e-09 3.5 -0.329591 6
269.825 250.068 0.997528 -3.12956 6.34295e-09 4 -0.329591 6
269.325 250.062 0.997528 -3.12956 3.48868e-09 4.5 -0.329591 6
268.825 250.056 0.997528 -3.12956 1.12239e-09 5 -0.329591 0
268.325 250.05 0.997528 -3.12956 -1.65577e-10 5.5 -0.329591 0
267.825 250.044 0.997528 -3.12956 -1.61634e-10 6 -0.329591 0
267.325 250.038 0.997528 -3.12956 8.52449e-10 6.5 -0.329591 0
266.825 250.032 0.997528 -3.12957 2.30017e-09 7 -0.329591 0
266.325 250.026 0.997528 -3.12957 3.61759e-09 7.5 -0.329591 0
265.825 250.02 0.997528 -3.12957 4.42151e-09 8 -0.329591 0
265.325 250.014 0.997528 -3.12958 4.5128e-09 8.5 -0.329591 0
264.825 250.008 0.997528 -3.12958 3.80446e-09 9 -0.329591 0
264.325 250.002 0.997528 -3.12958 2.25607e-09 9.5 -0.329591 0
263.825 249.996 0 -3.12958 7.73232e-10 10 0 0
