452.802 253 2.71359 3.07639 2.98344e-13 0 -0.00889645 11
452.302 253.033 2.71359 3.0864 -0.0017843 0.501515 -0.00889645 11
451.801 253.061 2.71359 3.098 -0.00143425 1.00267 -0.00889645 11
451.301 253.083 2.71359 3.10908 -0.00111929 1.50345 -0.00889645 11
450.801 253.099 2.71359 3.11964 -0.000838347 2.00396 -0.00889645 11
450.301 253.11 2.71359 3.12968 -0.00059018 2.50426 -0.00889645 11
449.8 253.116 2.71359 3.13919 -0.000373416 3.00441 -0.00889645 11
449.3 253.117 2.71359 -3.13501 -0.000186581 3.50447 -0.00889645 11
448.8 253.114 2.71359 -3.12655 -2.81142e-05 4.00448 -0.00889645 11
448.3 253.106 2.71359 -3.11862 0.000103608 4.50448 -0.00889645 11
447.801 253.095 2.71359 -3.11122 0.000210256 5.0045 -0.00889645 11
447.301 253.08 2.71359 -3.10434 0.00029353 5.50458 -0.00889645 11
446.801 253.061 2.71359 -3.09799 0.000355147 6.00474 -0.00889645 11
446.301 253.039 2.71359 -3.09216 0.000396834 6.50498 -0.00889645 11
445.801 253.014 2.71359 -3.08685 0.000420315 7.00532 -0.00889645 11
445.302 252.987 2.71359 -3.08207 0.000427303 7.50576 -0.00889645 11
444.802 252.957 2.71359 -3.0778 0.000419499 8.00631 -0.00889645 11
444.302 252.925 2.71359 -3.07405 0.000398587 8.50697 -0.00889645 11
443.803 252.891 2.71359 -3.07082 0.000366229 9.00773 -0.00889645 11
443.303 252.856 2.71359 -3.0681 0.000324066 9.50858 -0.00889645 11
442.804 252.819 2.71359 -3.0659 0.000273718 10.0095 -0.00889645 11
442.304 252.781 2.71359 -3.0642 0.000216784 10.5105 -0.00889645 11
441.805 252.743 2.71359 -3.06302 0.000154842 11.0116 -0.00889645 11
441.305 252.703 2.71359 -3.06235 8.94611e-05 11.5126 -0.00889645 11
440.805 252.664 2.71359 -3.06218 2.22222e-05 12.0138 -0.00889645 11
440.306 252.624 2.71359 -3.06252 -4.5181e-05 12.5149 -0.00889645 11
439.806 252.584 2.71359 -3.06335 -0.000110688 13.016 -0.00889645 11
439.307 252.545 0.001311 -3.06466 -0.000171435 13.5171 0.00676256 0
438.807 252.507 0.001311 -3.06641 -0.000223447 14.0181 0.00676256 0
438.308 252.469 0.001311 -3.06852 -0.0002622 14.5191 0.00676256 0
437.808 252.432 0.001311 -3.0709 -0.000284395 15.02 0.00676256 0
437.308 252.397 0.001311 -3.07343 -0.000289942 15.5209 0.00676256 0
436.809 252.363 0.001311 -3.07602 -0.000282273 16.0216 0.00676256 0
436.309 252.33 0.001311 -3.07859 -0.000266545 16.5223 0.00676256 0
435.81 252.299 0.001311 -3.0811 -0.000247317 17.023 0.00676256 0
435.31 252.268 0.001311 -3.08354 -0.000227412 17.5235 0.00676256 0
434.81 252.239 0.001311 -3.08589 -0.000208109 18.0241 0.00676256 0
434.311 252.211 0.001311 -3.08815 -0.000189832 18.5245 0.00676256 0
433.811 252.185 0.001311 -3.09032 -0.000172668 19.0249 0.00676256 0
433.311 252.159 0.001311 -3.0924 -0.00015661 19.5253 0.00676256 0
432.811 252.134 0.001311 -3.09439 -0.000141627 20.0257 0.00676256 0
432.312 252.111 0.001311 -3.09628 -0.000127683 20.526 0.00676256 0
431.812 252.088 0.001311 -3.09808 -0.00011474 21.0262 0.00676256 0
431.312 252.066 0.001311 -3.09979 -0.00010276 21.5265 0.00676256 0
430.812 252.046 0.001311 -3.1014 -9.17003e-05 22.0267 0.00676256 0
430.313 252.025 0.001311 -3.10292 -8.15183e-05 22.5269 0.00676256 0
429.813 252.006 0.001311 -3.10434 -7.21693e-05 23.027 0.00676256 0
429.313 251.988 0.001311 -3.10567 -6.3607e-05 23.5272 0.00676256 0
428.813 251.97 0.001311 -3.1069 -5.57835e-05 24.0273 0.00676256 0
428.313 251.952 0.001311 -3.10802 -4.86492e-05 24.5274 0.00676256 0
427.814 251.935 0.001311 -3.10905 -4.21532e-05 25.0276 0.00676256 0
427.314 251.919 0.001311 -3.10998 -3.62427e-05 25.5277 0.00676256 0
426.814 251.903 0.001311 -3.11081 -3.08638e-05 26.0277 0.00676256 0
426.314 251.888 0.001311 -3.11154 -2.59608e-05 26.5278 0.00676256 0
425.814 251.873 0.001311 -3.11216 -2.14769e-05 27.0279 0.00676256 0
425.314 251.858 0.001311 -3.11269 -1.73534e-05 27.528 0.00676256 0
424.814 251.844 0.001311 -3.11311 -1.35306e-05 28.028 0.00676256 0
424.315 251.83 0.001311 -3.11342 -9.94706e-06 28.5281 0.00676256 0
423.815 251.815 0.001311 -3.11363 -6.54008e-06 29.0282 0.00676256 0
423.315 251.801 0.001311 -3.11374 -3.24553e-06 29.5282 0.00676256 0
422.815 251.788 0.001311 -3.11374 -1.04545e-06 30.0283 0.00676256 0
