452.802 253.002 2.71379 3.07639 2.98585e-13 0 -0.00889726 11
452.302 253.035 2.71379 3.08641 -0.00178597 0.501515 -0.00889726 11
451.801 253.062 2.71379 3.09802 -0.0014353 1.00266 -0.00889726 11
451.301 253.084 2.71379 3.10911 -0.0011198 1.50345 -0.00889726 11
450.801 253.1 2.71379 3.11968 -0.000838385 2.00396 -0.00889726 11
450.301 253.111 2.71379 3.12973 -0.000589816 2.50426 -0.00889726 11
449.8 253.117 2.71379 3.13925 -0.000372717 3.00441 -0.00889726 11
449.3 253.119 2.71379 -3.13494 -0.000185609 3.50446 -0.00889726 11
448.8 253.115 2.71379 -3.12648 -2.69274e-05 4.00447 -0.00889726 11
448.3 253.108 2.71379 -3.11854 0.000104954 4.50447 -0.00889726 11
447.801 253.096 2.71379 -3.11113 0.000211709 5.0045 -0.00889726 11
447.301 253.081 2.71379 -3.10425 0.000295043 5.50458 -0.00889726 11
446.801 253.062 2.71379 -3.09789 0.000356677 6.00473 -0.00889726 11
446.301 253.04 2.71379 -3.09205 0.000398342 6.50498 -0.00889726 11
445.801 253.016 2.71379 -3.08674 0.000421765 7.00532 -0.00889726 11
445.302 252.988 2.71379 -3.08195 0.000428664 7.50577 -0.00889726 11
444.802 252.958 2.71379 -3.07769 0.000420745 8.00632 -0.00889726 11
444.302 252.926 2.71379 -3.07393 0.000399694 8.50698 -0.00889726 11
443.803 252.892 2.71379 -3.0707 0.000367177 9.00774 -0.00889726 11
443.303 252.857 2.71379 -3.06798 0.00032484 9.50859 -0.00889726 11
442.804 252.82 2.71379 -3.06578 0.000274306 10.0095 -0.00889726 11
442.304 252.782 2.71379 -3.06408 0.000217176 10.5105 -0.00889726 11
441.804 252.743 2.71379 -3.0629 0.000155035 11.0116 -0.00889726 11
441.305 252.704 2.71379 -3.06223 8.94519e-05 11.5127 -0.00889726 11
440.805 252.664 2.71379 -3.06206 2.20135e-05 12.0138 -0.00889726 11
440.306 252.625 2.71379 -3.0624 -4.55833e-05 12.5149 -0.00889726 11
439.806 252.585 2.71379 -3.06324 -0.000111273 13.016 -0.00889726 11
439.307 252.546 0.00121691 -3.06455 -0.000172183 13.5171 0.00277584 0
438.807 252.507 0.00121691 -3.06631 -0.000224331 14.0182 0.00277584 0
438.308 252.469 0.00121691 -3.06842 -0.000263177 14.5191 0.00277584 0
437.808 252.433 0.00121691 -3.0708 -0.000285416 15.0201 0.00277584 0
437.308 252.397 0.00121691 -3.07334 -0.000290958 15.5209 0.00277584 0
436.809 252.363 0.00121691 -3.07593 -0.000283247 16.0217 0.00277584 0
436.309 252.33 0.00121691 -3.07851 -0.000267455 16.5224 0.00277584 0
435.81 252.299 0.00121691 -3.08103 -0.000248156 17.023 0.00277584 0
435.31 252.268 0.00121691 -3.08347 -0.000228178 17.5236 0.00277584 0
434.81 252.239 0.00121691 -3.08582 -0.000208806 18.0241 0.00277584 0
434.311 252.212 0.00121691 -3.08808 -0.000190464 18.5246 0.00277584 0
433.811 252.185 0.00121691 -3.09026 -0.00017324 19.025 0.00277584 0
433.311 252.159 0.00121691 -3.09234 -0.000157125 19.5254 0.00277584 0
432.811 252.134 0.00121691 -3.09433 -0.00014209 20.0257 0.00277584 0
432.312 252.111 0.00121691 -3.09623 -0.000128098 20.526 0.00277584 0
431.812 252.088 0.00121691 -3.09804 -0.00011511 21.0263 0.00277584 0
431.312 252.066 0.00121691 -3.09975 -0.000103089 21.5265 0.00277584 0
430.812 252.045 0.00121691 -3.10137 -9.19917e-05 22.0268 0.00277584 0
430.313 252.025 0.00121691 -3.10289 -8.17754e-05 22.5269 0.00277584 0
429.813 252.006 0.00121691 -3.10431 -7.23952e-05 23.0271 0.00277584 0
429.313 251.987 0.00121691 -3.10564 -6.38045e-05 23.5273 0.00277584 0
428.813 251.969 0.00121691 -3.10687 -5.59553e-05 24.0274 0.00277584 0
428.313 251.952 0.00121691 -3.108 -4.87978e-05 24.5275 0.00277584 0
427.814 251.935 0.00121691 -3.10903 -4.22808e-05 25.0276 0.00277584 0
427.314 251.919 0.00121691 -3.10996 -3.63515e-05 25.5277 0.00277584 0
426.814 251.903 0.00121691 -3.11079 -3.09557e-05 26.0278 0.00277584 0
426.314 251.888 0.00121691 -3.11152 -2.60375e-05 26.5279 0.00277584 0
425.814 251.873 0.00121691 -3.11214 -2.15398e-05 27.028 0.00277584 0
425.314 251.858 0.00121691 -3.11267 -1.74039e-05 27.5281 0.00277584 0
424.814 251.843 0.00121691 -3.11309 -1.35697e-05 28.0281 0.00277584 0
424.315 251.829 0.00121691 -3.1134 -9.97565e-06 28.5282 0.00277584 0
423.815 251.815 0.00121691 -3.11362 -6.55879e-06 29.0283 0.00277584 0
423.315 251.801 0.00121691 -3.11373 -3.25478e-06 29.5283 0.00277584 0
422.815 251.787 0.00121691 -3.11373 -1.04843e-06 30.0284 0.00277584 0
