272.824 250.104 0.997528 -3.12949 -8.74534e-15 0 -0.997528 6
272.324 250.098 0 -3.12949 4.27636e-09 0.5 0 6
271.824 250.092 0 -3.1295 6.1373e-09 1 0 6
271.324 250.086 0 -3.12951 7.36393e-09 1.5 0 6
270.824 250.08 0 -3.12952 7.92229e-09 2 0 6
270.324 250.074 0 -3.12952 7.77268e-09 2.5 0 6
269.825 250.068 0 -3.12953 6.88464e-09 3 0 6
269.325 250.062 0 -3.12953 5.29257e-09 3.5 0 6
268.825 250.056 0 -3.12954 3.17707e-09 4 0 6
268.325 250.05 0 -3.12954 9.32243e-10 4.5 0 6
267.825 250.044 0 -3.12954 -8.66153e-10 5 0 0
267.325 250.038 0 -3.12954 -1.69615e-09 5.5 0 0
266.825 250.032 0 -3.12954 -1.38239e-09 6 0 0
266.325 250.026 0 -3.12954 -1.90935e-10 6.5 0 0
265.825 250.02 0 -3.12954 1.35166e-09 7 0 0
265.325 250.014 0 -3.12954 2.73764e-09 7.5 0 0
264.825 250.008 0 -3.12954 3.6295e-09 8 0 0
264.325 250.002 0 -3.12955 3.84745e-09 8.5 0 0
263.825 249.996 0 -3.12955 3.31123e-09 9 0 0
263.325 249.99 0 -3.12955 1.98873e-09 9.5 0 0
262.825 249.984 0 -3.12955 6.84275e-10 10 0 0
