452.802 253.005 2.71397 3.07641 2.98948e-13 0 -0.008898 11
452.302 253.038 2.71397 3.08644 -0.0017883 0.501515 -0.008898 11
451.801 253.065 2.71397 3.09807 -0.00143665 1.00266 -0.008898 11
451.301 253.087 2.71397 3.10918 -0.0011203 1.50345 -0.008898 11
450.801 253.103 2.71397 3.11976 -0.000838142 2.00396 -0.008898 11
450.301 253.114 2.71397 3.12982 -0.000588942 2.50425 -0.008898 11
449.8 253.12 2.71397 3.13936 -0.00037132 3.0044 -0.008898 11
449.3 253.121 2.71397 -3.13482 -0.00018379 3.50446 -0.008898 11
448.8 253.118 2.71397 -3.12634 -2.47836e-05 4.00446 -0.008898 11
448.3 253.11 2.71397 -3.11839 0.000107334 4.50447 -0.008898 11
447.801 253.099 2.71397 -3.11097 0.000214242 5.00449 -0.008898 11
447.301 253.083 2.71397 -3.10408 0.000297653 5.50458 -0.008898 11
446.801 253.064 2.71397 -3.09771 0.000359294 6.00473 -0.008898 11
446.301 253.043 2.71397 -3.09187 0.000400903 6.50498 -0.008898 11
445.801 253.018 2.71397 -3.08656 0.000424214 7.00532 -0.008898 11
445.302 252.99 2.71397 -3.08176 0.000430952 7.50577 -0.008898 11
444.802 252.96 2.71397 -3.07749 0.000422827 8.00633 -0.008898 11
444.302 252.928 2.71397 -3.07373 0.000401534 8.507 -0.008898 11
443.803 252.894 2.71397 -3.0705 0.000368744 9.00776 -0.008898 11
443.303 252.859 2.71397 -3.06778 0.00032611 9.50862 -0.008898 11
442.804 252.822 2.71397 -3.06557 0.000275259 10.0096 -0.008898 11
442.304 252.784 2.71397 -3.06388 0.0002178 10.5106 -0.008898 11
441.804 252.745 2.71397 -3.0627 0.000155322 11.0116 -0.008898 11
441.305 252.705 2.71397 -3.06203 8.94016e-05 11.5127 -0.008898 11
440.805 252.665 2.71397 -3.06187 2.16296e-05 12.0139 -0.008898 11
440.306 252.625 2.71397 -3.06221 -4.62901e-05 12.515 -0.008898 11
439.806 252.586 2.71397 -3.06305 -0.000112284 13.0161 -0.008898 11
439.307 252.546 0.00161283 -3.06437 -0.000173466 13.5172 -0.00134797 0
438.807 252.508 0.00161283 -3.06613 -0.000225837 14.0182 -0.00134797 0
438.308 252.47 0.00161283 -3.06826 -0.000264836 14.5192 -0.00134797 0
437.808 252.433 0.00161283 -3.07065 -0.000287145 15.0202 -0.00134797 0
437.308 252.398 0.00161283 -3.07319 -0.000292677 15.521 -0.00134797 0
436.809 252.364 0.00161283 -3.07579 -0.000284894 16.0218 -0.00134797 0
436.309 252.331 0.00161283 -3.07838 -0.000268993 16.5225 -0.00134797 0
435.81 252.299 0.00161283 -3.0809 -0.000249572 17.0231 -0.00134797 0
435.31 252.269 0.00161283 -3.08335 -0.000229472 17.5237 -0.00134797 0
434.81 252.24 0.00161283 -3.08571 -0.000209983 18.0242 -0.00134797 0
434.311 252.212 0.00161283 -3.08798 -0.000191531 18.5247 -0.00134797 0
433.811 252.185 0.00161283 -3.09016 -0.000174204 19.0251 -0.00134797 0
433.311 252.159 0.00161283 -3.09225 -0.000157995 19.5255 -0.00134797 0
432.811 252.134 0.00161283 -3.09425 -0.000142871 20.0259 -0.00134797 0
432.312 252.111 0.00161283 -3.09615 -0.000128796 20.5262 -0.00134797 0
431.812 252.088 0.00161283 -3.09796 -0.000115734 21.0264 -0.00134797 0
431.312 252.066 0.00161283 -3.09968 -0.000103643 21.5267 -0.00134797 0
430.812 252.045 0.00161283 -3.1013 -9.24825e-05 22.0269 -0.00134797 0
430.313 252.025 0.00161283 -3.10282 -8.22082e-05 22.5271 -0.00134797 0
429.813 252.006 0.00161283 -3.10425 -7.27751e-05 23.0272 -0.00134797 0
429.313 251.987 0.00161283 -3.10558 -6.41365e-05 23.5274 -0.00134797 0
428.813 251.969 0.00161283 -3.10682 -5.62439e-05 24.0275 -0.00134797 0
428.313 251.952 0.00161283 -3.10795 -4.90472e-05 24.5277 -0.00134797 0
427.814 251.935 0.00161283 -3.10898 -4.2495e-05 25.0278 -0.00134797 0
427.314 251.918 0.00161283 -3.10992 -3.6534e-05 25.5279 -0.00134797 0
426.814 251.903 0.00161283 -3.11075 -3.11097e-05 26.028 -0.00134797 0
426.314 251.887 0.00161283 -3.11148 -2.6166e-05 26.5281 -0.00134797 0
425.814 251.872 0.00161283 -3.11211 -2.16452e-05 27.0281 -0.00134797 0
425.314 251.857 0.00161283 -3.11263 -1.74885e-05 27.5282 -0.00134797 0
424.814 251.843 0.00161283 -3.11306 -1.36352e-05 28.0283 -0.00134797 0
424.315 251.829 0.00161283 -3.11337 -1.00235e-05 28.5283 -0.00134797 0
423.815 251.815 0.00161283 -3.11358 -6.59008e-06 29.0284 -0.00134797 0
423.315 251.801 0.00161283 -3.1137 -3.27025e-06 29.5285 -0.00134797 0
422.815 251.787 0.00161283 -3.1137 -1.05341e-06 30.0285 -0.00134797 0
