452.802 253.007 2.71417 3.07642 2.99211e-13 0 -0.00889881 11
452.302 253.04 2.71417 3.08647 -0.00178991 0.501514 -0.00889881 11
451.801 253.067 2.71417 3.09811 -0.00143753 1.00266 -0.00889881 11
451.301 253.089 2.71417 3.10923 -0.00112053 1.50345 -0.00889881 11
450.801 253.105 2.71417 3.11983 -0.000837814 2.00395 -0.00889881 11
450.3 253.116 2.71417 3.1299 -0.000588143 2.50425 -0.00889881 11
449.8 253.122 2.71417 3.13945 -0.000370131 3.00439 -0.00889881 11
449.3 253.123 2.71417 -3.13472 -0.000182288 3.50445 -0.00889881 11
448.8 253.12 2.71417 -3.12624 -2.30423e-05 4.00446 -0.00889881 11
448.3 253.112 2.71417 -3.11828 0.000109246 4.50446 -0.00889881 11
447.8 253.1 2.71417 -3.11085 0.000216262 5.00449 -0.00889881 11
447.301 253.085 2.71417 -3.10395 0.000299722 5.50457 -0.00889881 11
446.801 253.066 2.71417 -3.09758 0.00036136 6.00473 -0.00889881 11
446.301 253.044 2.71417 -3.09173 0.000402917 6.50498 -0.00889881 11
445.801 253.019 2.71417 -3.08641 0.000426133 7.00532 -0.00889881 11
445.302 252.992 2.71417 -3.08161 0.000432738 7.50578 -0.00889881 11
444.802 252.962 2.71417 -3.07733 0.000424449 8.00634 -0.00889881 11
444.302 252.93 2.71417 -3.07358 0.000402962 8.50701 -0.00889881 11
443.803 252.896 2.71417 -3.07034 0.000369957 9.00778 -0.00889881 11
443.303 252.86 2.71417 -3.06762 0.000327087 9.50864 -0.00889881 11
442.804 252.823 2.71417 -3.06541 0.000275988 10.0096 -0.00889881 11
442.304 252.785 2.71417 -3.06372 0.000218271 10.5106 -0.00889881 11
441.804 252.746 2.71417 -3.06254 0.000155531 11.0117 -0.00889881 11
441.305 252.706 2.71417 -3.06187 8.93462e-05 11.5128 -0.00889881 11
440.805 252.666 2.71417 -3.06171 2.13143e-05 12.0139 -0.00889881 11
440.306 252.626 2.71417 -3.06206 -4.68565e-05 12.515 -0.00889881 11
439.806 252.586 2.71417 -3.06291 -0.000113086 13.0162 -0.00889881 11
439.307 252.547 0.00141029 -3.06423 -0.00017448 13.5173 -0.00514471 0
438.807 252.508 0.00141029 -3.066 -0.000227023 14.0183 -0.00514471 0
438.308 252.47 0.00141029 -3.06813 -0.00026614 14.5193 -0.00514471 0
437.808 252.434 0.00141029 -3.07052 -0.000288503 15.0202 -0.00514471 0
437.308 252.398 0.00141029 -3.07307 -0.000294025 15.5211 -0.00514471 0
436.809 252.364 0.00141029 -3.07568 -0.000286184 16.0219 -0.00514471 0
436.309 252.331 0.00141029 -3.07827 -0.000270199 16.5226 -0.00514471 0
435.81 252.299 0.00141029 -3.0808 -0.000250682 17.0232 -0.00514471 0
435.31 252.269 0.00141029 -3.08326 -0.000230486 17.5238 -0.00514471 0
434.81 252.24 0.00141029 -3.08562 -0.000210905 18.0243 -0.00514471 0
434.311 252.212 0.00141029 -3.0879 -0.000192367 18.5248 -0.00514471 0
433.811 252.185 0.00141029 -3.09008 -0.00017496 19.0252 -0.00514471 0
433.311 252.159 0.00141029 -3.09218 -0.000158675 19.5256 -0.00514471 0
432.811 252.134 0.00141029 -3.09418 -0.000143482 20.026 -0.00514471 0
432.312 252.111 0.00141029 -3.09609 -0.000129343 20.5263 -0.00514471 0
431.812 252.088 0.00141029 -3.0979 -0.000116222 21.0265 -0.00514471 0
431.312 252.066 0.00141029 -3.09962 -0.000104077 21.5268 -0.00514471 0
430.812 252.045 0.00141029 -3.10125 -9.28663e-05 22.027 -0.00514471 0
430.313 252.025 0.00141029 -3.10278 -8.25466e-05 22.5272 -0.00514471 0
429.813 252.005 0.00141029 -3.10421 -7.30721e-05 23.0274 -0.00514471 0
429.313 251.987 0.00141029 -3.10554 -6.4396e-05 23.5275 -0.00514471 0
428.813 251.969 0.00141029 -3.10678 -5.64694e-05 24.0276 -0.00514471 0
428.313 251.951 0.00141029 -3.10791 -4.92421e-05 24.5278 -0.00514471 0
427.814 251.934 0.00141029 -3.10895 -4.26623e-05 25.0279 -0.00514471 0
427.314 251.918 0.00141029 -3.10989 -3.66765e-05 25.528 -0.00514471 0
426.814 251.902 0.00141029 -3.11072 -3.123e-05 26.0281 -0.00514471 0
426.314 251.887 0.00141029 -3.11145 -2.62662e-05 26.5282 -0.00514471 0
425.814 251.872 0.00141029 -3.11208 -2.17275e-05 27.0282 -0.00514471 0
425.314 251.857 0.00141029 -3.11261 -1.75544e-05 27.5283 -0.00514471 0
424.814 251.842 0.00141029 -3.11303 -1.36862e-05 28.0284 -0.00514471 0
424.315 251.828 0.00141029 -3.11335 -1.00608e-05 28.5284 -0.00514471 0
423.815 251.814 0.00141029 -3.11356 -6.61446e-06 29.0285 -0.00514471 0
423.315 251.8 0.00141029 -3.11367 -3.28231e-06 29.5286 -0.00514471 0
422.815 251.786 0.00141029 -3.11367 -1.05728e-06 30.0286 -0.00514471 0
