270.824 250.08 0.497169 -3.1295 -8.90334e-13 0 -0.155548 13
270.324 250.074 0.497169 -3.12944 -6.71966e-08 0.5 -0.155548 13
269.825 250.068 0.497169 -3.12937 -4.96318e-08 1 -0.155548 13
269.325 250.062 0.497169 -3.12931 -3.60982e-08 1.5 -0.155548 13
268.825 250.056 0.497169 -3.12926 -2.58093e-08 2 -0.155548 13
268.325 250.05 0.497169 -3.12921 -1.81012e-08 2.5 -0.155548 13
267.825 250.043 0.497169 -3.12917 -1.24123e-08 3 -0.155548 13
267.325 250.037 0.497169 -3.12914 -8.27677e-09 3.5 -0.155548 13
266.825 250.031 0.497169 -3.12911 -5.31234e-09 4 -0.155548 13
266.325 250.025 0.497169 -3.12908 -3.20791e-09 4.5 -0.155548 13
265.825 250.019 0.497169 -3.12906 -1.71597e-09 5 -0.155548 13
265.325 250.012 0.497169 -3.12904 -6.36695e-10 5.5 -0.155548 13
264.825 250.006 0.497169 -3.12902 1.94197e-10 6 -0.155548 13
264.325 250 0.497169 -3.129 9.08506e-10 6.5 -0.155548 13
263.825 249.993 0.497169 -3.12898 1.62498e-09 7 -0.155548 13
263.325 249.987 0.497169 -3.12896 2.45899e-09 7.5 -0.155548 13
262.825 249.981 0.497169 -3.12894 3.51795e-09 8 -0.155548 13
262.325 249.974 0.497169 -3.12892 4.89995e-09 8.5 -0.155548 13
261.825 249.968 0.497169 -3.12889 6.63097e-09 9 -0.155548 13
261.325 249.962 0.497169 -3.12886 8.57043e-09 9.5 -0.155548 13
260.825 249.955 0.497169 -3.12884 1.0325e-08 10 -0.155548 13
260.325 249.949 0.497169 -3.12881 1.13212e-08 10.5 -0.155548 13
259.825 249.943 0.497169 -3.12879 1.10681e-08 11 -0.155548 13
259.325 249.936 5.54067e-07 -3.12877 9.46257e-09 11.5 1.18511e-07 0
258.825 249.93 5.54067e-07 -3.12875 6.83302e-09 12 1.18511e-07 0
258.325 249.923 5.54067e-07 -3.12875 3.71411e-09 12.5 1.18511e-07 0
257.825 249.917 5.54067e-07 -3.12875 5.8904e-10 13 1.18511e-07 0
257.326 249.911 5.54067e-07 -3.12875 -2.20987e-09 13.5 1.18511e-07 0
256.826 249.904 5.54067e-07 -3.12876 -4.49913e-09 14 1.18511e-07 0
256.326 249.898 5.54067e-07 -3.12877 -6.19147e-09 14.5 1.18511e-07 0
255.826 249.891 5.54067e-07 -3.12878 -7.27209e-09 15 1.18511e-07 0
255.326 249.885 5.54067e-07 -3.1288 -7.77116e-09 15.5 1.18511e-07 0
254.826 249.879 5.54067e-07 -3.12882 -7.75872e-09 16 1.18511e-07 0
254.326 249.872 5.54067e-07 -3.12884 -7.3238e-09 16.5 1.18511e-07 0
253.826 249.866 5.54067e-07 -3.12885 -6.56972e-09 17 1.18511e-07 0
253.326 249.859 5.54067e-07 -3.12887 -5.60334e-09 17.5 1.18511e-07 0
252.826 249.853 5.54067e-07 -3.12888 -4.52036e-09 18 1.18511e-07 0
252.326 249.847 5.54067e-07 -3.1289 -3.39428e-09 18.5 1.18511e-07 0
251.826 249.84 5.54067e-07 -3.1289 -2.2665e-09 19 1.18511e-07 0
251.326 249.834 5.54067e-07 -3.12891 -1.13719e-09 19.5 1.18511e-07 0
250.826 249.828 0 -3.12891 -3.56866e-10 20 0 0
