270.824 250.08 0.534288 -3.1295 -8.90334e-13 0 -0.00374876 13
270.324 250.074 0.534288 -3.12943 -6.80259e-08 0.5 -0.00374876 13
269.825 250.068 0.534288 -3.12937 -5.01236e-08 1 -0.00374876 13
269.325 250.062 0.534288 -3.12931 -3.6334e-08 1.5 -0.00374876 13
268.825 250.056 0.534288 -3.12925 -2.58566e-08 2 -0.00374876 13
268.325 250.05 0.534288 -3.12921 -1.8015e-08 2.5 -0.00374876 13
267.825 250.043 0.534288 -3.12917 -1.22363e-08 3 -0.00374876 13
267.325 250.037 0.534288 -3.12913 -8.04482e-09 3.5 -0.00374876 13
266.825 250.031 0.534288 -3.1291 -5.04942e-09 4 -0.00374876 13
266.325 250.025 0.534288 -3.12908 -2.93162e-09 4.5 -0.00374876 13
265.825 250.019 0.534288 -3.12905 -1.43772e-09 5 -0.00374876 13
265.325 250.012 0.534288 -3.12903 -3.63e-10 5.5 -0.00374876 13
264.825 250.006 0.534288 -3.12901 4.60442e-10 6 -0.00374876 13
264.325 250 0.534288 -3.12899 1.16676e-09 6.5 -0.00374876 13
263.825 249.993 0.534288 -3.12897 1.87576e-09 7 -0.00374876 13
263.325 249.987 0.534288 -3.12895 2.70249e-09 7.5 -0.00374876 13
262.825 249.981 0.534288 -3.12893 3.7525e-09 8 -0.00374876 13
262.325 249.974 0.534288 -3.12891 5.12011e-09 8.5 -0.00374876 13
261.825 249.968 0.534288 -3.12888 6.82566e-09 9 -0.00374876 13
261.325 249.962 0.534288 -3.12886 8.7226e-09 9.5 -0.00374876 13
260.825 249.955 0.534288 -3.12883 1.0415e-08 10 -0.00374876 13
260.325 249.949 0.534288 -3.1288 1.13339e-08 10.5 -0.00374876 13
259.825 249.943 0.534288 -3.12878 1.09996e-08 11 -0.00374876 13
259.325 249.936 0.534288 -3.12876 9.32179e-09 11.5 -0.00374876 13
258.825 249.93 0.534288 -3.12875 6.63787e-09 12 -0.00374876 13
258.325 249.923 0.49717 -3.12875 3.48558e-09 12.5 -0.155547 0
257.825 249.917 0.49717 -3.12875 3.46818e-10 13 -0.155547 0
257.326 249.91 0.49717 -3.12875 -2.44945e-09 13.5 -0.155547 0
256.826 249.904 0.49717 -3.12876 -4.72365e-09 14 -0.155547 0
256.326 249.898 0.49717 -3.12877 -6.39226e-09 14.5 -0.155547 0
255.826 249.891 0.49717 -3.12878 -7.44384e-09 15 -0.155547 0
255.326 249.885 0.49717 -3.1288 -7.91144e-09 15.5 -0.155547 0
254.826 249.878 0.49717 -3.12882 -7.86758e-09 16 -0.155547 0
254.326 249.872 0.49717 -3.12884 -7.40324e-09 16.5 -0.155547 0
253.826 249.866 0.49717 -3.12885 -6.62329e-09 17 -0.155547 0
253.326 249.859 0.49717 -3.12887 -5.63563e-09 17.5 -0.155547 0
252.826 249.853 0.49717 -3.12888 -4.53659e-09 18 -0.155547 0
252.326 249.847 0.49717 -3.1289 -3.3998e-09 18.5 -0.155547 0
251.826 249.84 0.49717 -3.1289 -2.26636e-09 19 -0.155547 0
251.326 249.834 0.49717 -3.12891 -1.13571e-09 19.5 -0.155547 0
250.826 249.828 0 -3.12891 -3.56183e-10 20 0 0
