270.824 250.08 0.99783 -3.12951 -8.90334e-13 0 -0.332552 6
270.324 250.074 0.99783 -3.1295 -7.92943e-09 0.5 -0.332552 6
269.825 250.068 0.99783 -3.1295 -4.96624e-09 1 -0.332552 6
269.325 250.062 0.99783 -3.12949 -2.79495e-09 1.5 -0.332552 6
268.825 250.056 0.99783 -3.12949 -1.3546e-09 2 -0.332552 6
268.325 250.05 0.99783 -3.12949 -6.1569e-10 2.5 -0.332552 6
267.825 250.044 0.99783 -3.12949 -5.49938e-10 3 -0.332552 6
267.325 250.038 0.99783 -3.12949 -1.09402e-09 3.5 -0.332552 6
266.825 250.032 0.99783 -3.12949 -2.08262e-09 4 -0.332552 6
266.325 250.026 0.99783 -3.12948 -3.18804e-09 4.5 -0.332552 6
265.825 250.02 0.997872 -3.12948 -3.95907e-09 5 -0.3766 0
265.325 250.014 0.997872 -3.12948 -3.99916e-09 5.5 -0.3766 0
264.825 250.008 0.997872 -3.12947 -3.18985e-09 6 -0.3766 0
264.325 250.002 0.997872 -3.12947 -1.76182e-09 6.5 -0.3766 0
263.825 249.995 0.997872 -3.12947 -1.33231e-10 7 -0.3766 0
263.325 249.989 0.997872 -3.12947 1.30403e-09 7.5 -0.3766 0
262.825 249.983 0.997872 -3.12947 2.28666e-09 8 -0.3766 0
262.325 249.977 0.997872 -3.12948 2.68332e-09 8.5 -0.3766 0
261.825 249.971 0.997872 -3.12948 2.43135e-09 9 -0.3766 0
261.325 249.965 0.997872 -3.12948 1.50182e-09 9.5 -0.3766 0
260.825 249.959 0 -3.12948 5.19798e-10 10 0 0
