270.324 250.074 0.997539 -3.1295 -5.20223e-15 0 -0.32974 6
269.825 250.068 0.997539 -3.12949 -1.3331e-08 0.5 -0.32974 6
269.325 250.062 0.997539 -3.12948 -9.613e-09 1 -0.32974 6
268.825 250.056 0.997539 -3.12947 -6.7921e-09 1.5 -0.32974 6
268.325 250.05 0.997539 -3.12947 -4.76257e-09 2 -0.32974 6
267.825 250.044 0.997539 -3.12946 -3.45148e-09 2.5 -0.32974 6
267.325 250.038 0.997539 -3.12946 -2.80366e-09 3 -0.32974 6
266.825 250.032 0.997539 -3.12946 -2.7458e-09 3.5 -0.32974 6
266.325 250.026 0.997539 -3.12945 -3.12838e-09 4 -0.32974 6
265.825 250.02 0.997539 -3.12945 -3.67672e-09 4.5 -0.32974 6
265.325 250.014 0.99783 -3.12945 -4.0095e-09 5 -0.332552 0
264.825 250.007 0.99783 -3.12944 -3.78496e-09 5.5 -0.332552 0
264.325 250.001 0.99783 -3.12944 -2.89669e-09 6 -0.332552 0
263.825 249.995 0.99783 -3.12944 -1.52477e-09 6.5 -0.332552 0
263.325 249.989 0.99783 -3.12944 -1.37423e-11 7 -0.332552 0
262.825 249.983 0.99783 -3.12944 1.29804e-09 7.5 -0.332552 0
262.325 249.977 0.99783 -3.12944 2.18817e-09 8 -0.332552 0
261.825 249.971 0.99783 -3.12944 2.53653e-09 8.5 -0.332552 0
261.325 249.965 0.99783 -3.12945 2.2857e-09 9 -0.332552 0
260.825 249.959 0.99783 -3.12945 1.40616e-09 9.5 -0.332552 0
260.325 249.953 0 -3.12945 4.86854e-10 10 0 0
