270.324 250.074 0.997529 -3.1295 -5.20223e-15 0 -0.329599 6
269.825 250.068 0.997529 -3.12949 -1.33749e-08 0.5 -0.329599 6
269.325 250.062 0.997529 -3.12948 -9.64848e-09 1 -0.329599 6
268.825 250.056 0.997529 -3.12947 -6.82036e-09 1.5 -0.329599 6
268.325 250.05 0.997529 -3.12947 -4.7843e-09 2 -0.329599 6
267.825 250.044 0.997529 -3.12946 -3.46704e-09 2.5 -0.329599 6
267.325 250.038 0.997529 -3.12946 -2.8132e-09 3 -0.329599 6
266.825 250.032 0.997529 -3.12946 -2.74953e-09 3.5 -0.329599 6
266.325 250.026 0.997529 -3.12945 -3.12685e-09 4 -0.329599 6
265.825 250.02 0.997529 -3.12945 -3.67106e-09 4.5 -0.329599 6
265.325 250.014 0.997539 -3.12945 -4.00141e-09 5 -0.32974 0
264.825 250.007 0.997539 -3.12944 -3.77622e-09 5.5 -0.32974 0
264.325 250.001 0.997539 -3.12944 -2.88867e-09 6 -0.32974 0
263.825 249.995 0.997539 -3.12944 -1.51814e-09 6.5 -0.32974 0
263.325 249.989 0.997539 -3.12944 -8.61687e-12 7 -0.32974 0
262.825 249.983 0.997539 -3.12944 1.30182e-09 7.5 -0.32974 0
262.325 249.977 0.997539 -3.12944 2.19081e-09 8 -0.32974 0
261.825 249.971 0.997539 -3.12944 2.53826e-09 8.5 -0.32974 0
261.325 249.965 0.997539 -3.12945 2.28669e-09 9 -0.32974 0
260.825 249.959 0.997539 -3.12945 1.40659e-09 9.5 -0.32974 0
260.325 249.953 0 -3.12945 4.86983e-10 10 0 0
