270.324 250.074 0.587029 -3.12949 -5.20223e-15 0 -0.00361261 15
269.825 250.068 0.587029 -3.12943 -6.8226e-08 0.5 -0.00361261 15
269.325 250.062 0.587029 -3.12936 -5.00653e-08 1 -0.00361261 15
268.825 250.056 0.587029 -3.1293 -3.60836e-08 1.5 -0.00361261 15
268.325 250.05 0.587029 -3.12925 -2.54739e-08 2 -0.00361261 15
267.825 250.044 0.587029 -3.1292 -1.75451e-08 2.5 -0.00361261 15
267.325 250.037 0.587029 -3.12916 -1.17151e-08 3 -0.00361261 15
266.825 250.031 0.587029 -3.12912 -7.49908e-09 3.5 -0.00361261 15
266.325 250.025 0.587029 -3.12909 -4.49674e-09 4 -0.00361261 15
265.825 250.019 0.587029 -3.12906 -2.38491e-09 4.5 -0.00361261 15
265.325 250.012 0.587029 -3.12904 -9.0155e-10 5 -0.00361261 15
264.825 250.006 0.587029 -3.12902 1.66315e-10 5.5 -0.00361261 15
264.325 250 0.587029 -3.129 9.8575e-10 6 -0.00361261 15
263.825 249.994 0.587029 -3.12898 1.6975e-09 6.5 -0.00361261 15
263.325 249.987 0.587029 -3.12896 2.42682e-09 7 -0.00361261 15
262.825 249.981 0.587029 -3.12894 3.28426e-09 7.5 -0.00361261 15
262.325 249.975 0.587029 -3.12892 4.38146e-09 8 -0.00361261 15
261.825 249.968 0.587029 -3.1289 5.80567e-09 8.5 -0.00361261 15
261.325 249.962 0.587029 -3.12887 7.5683e-09 9 -0.00361261 15
260.825 249.956 0.587029 -3.12884 9.50361e-09 9.5 -0.00361261 15
260.325 249.949 0.587029 -3.12882 1.1199e-08 10 -0.00361261 15
259.825 249.943 0.587029 -3.12879 1.2063e-08 10.5 -0.00361261 15
259.325 249.936 0.587029 -3.12877 1.16169e-08 11 -0.00361261 15
258.825 249.93 0.997529 -3.12875 9.78725e-09 11.5 -0.329599 0
258.325 249.924 0.997529 -3.12874 6.93498e-09 12 -0.329599 0
257.825 249.917 0.997529 -3.12873 3.61399e-09 12.5 -0.329599 0
257.326 249.911 0.997529 -3.12873 3.23842e-10 13 -0.329599 0
256.826 249.904 0.997529 -3.12874 -2.60537e-09 13.5 -0.329599 0
256.326 249.898 0.997529 -3.12874 -4.98805e-09 14 -0.329599 0
255.826 249.891 0.997529 -3.12876 -6.74519e-09 14.5 -0.329599 0
255.326 249.885 0.997529 -3.12877 -7.86207e-09 15 -0.329599 0
254.826 249.879 0.997529 -3.12879 -8.37683e-09 15.5 -0.329599 0
254.326 249.872 0.997529 -3.1288 -8.3577e-09 16 -0.329599 0
253.826 249.866 0.997529 -3.12882 -7.89804e-09 16.5 -0.329599 0
253.326 249.859 0.997529 -3.12884 -7.10545e-09 17 -0.329599 0
252.826 249.853 0.997529 -3.12886 -6.08713e-09 17.5 -0.329599 0
252.326 249.847 0.997529 -3.12887 -4.93881e-09 18 -0.329599 0
251.826 249.84 0.997529 -3.12888 -3.73485e-09 18.5 -0.329599 0
251.326 249.834 0.997529 -3.12889 -2.51912e-09 19 -0.329599 0
250.826 249.828 0.997529 -3.1289 -1.28356e-09 19.5 -0.329599 0
250.326 249.821 0 -3.1289 -4.32504e-10 20 0 0
