269.825 250.068 0.551496 -3.1295 -1.91768e-14 0 -0.0037099 9
269.325 250.062 0.551496 -3.12948 -1.4895e-08 0.5 -0.0037099 9
268.825 250.056 0.551496 -3.12947 -1.09904e-08 1 -0.0037099 9
268.325 250.05 0.551496 -3.12946 -8.01914e-09 1.5 -0.0037099 9
267.825 250.044 0.551496 -3.12946 -5.85551e-09 2 -0.0037099 9
267.325 250.038 0.551496 -3.12945 -4.41364e-09 2.5 -0.0037099 9
266.825 250.032 0.551496 -3.12945 -3.62794e-09 3 -0.0037099 9
266.325 250.026 0.551496 -3.12944 -3.41819e-09 3.5 -0.0037099 9
265.825 250.02 0.551496 -3.12944 -3.63938e-09 4 -0.0037099 9
265.325 250.014 0.551496 -3.12943 -4.02787e-09 4.5 -0.0037099 9
264.825 250.007 0.551496 -3.12943 -4.22261e-09 5 -0.0037099 9
264.325 250.001 0.549082 -3.12942 -3.9107e-09 5.5 -0.00366901 0
263.825 249.995 0.549082 -3.12942 -2.99264e-09 6 -0.00366901 0
263.325 249.989 0.549082 -3.12942 -1.63549e-09 6.5 -0.00366901 0
262.825 249.983 0.549082 -3.12942 -1.66069e-10 7 -0.00366901 0
262.325 249.977 0.549082 -3.12942 1.108e-09 7.5 -0.00366901 0
261.825 249.971 0.549082 -3.12942 1.9779e-09 8 -0.00366901 0
261.325 249.965 0.549082 -3.12942 2.33311e-09 8.5 -0.00366901 0
260.825 249.959 0.549082 -3.12942 2.11821e-09 9 -0.00366901 0
260.325 249.953 0.549082 -3.12943 1.30994e-09 9.5 -0.00366901 0
259.825 249.947 0 -3.12943 4.53274e-10 10 0 0
