452.802 252.99 2.71368 3.07635 2.96972e-13 0 -0.00889681 11
452.302 253.023 2.71368 3.0863 -0.00177535 0.501517 -0.00889681 11
451.801 253.05 2.71368 3.09783 -0.00142894 1.00267 -0.00889681 11
451.301 253.072 2.71368 3.10885 -0.00111718 1.50346 -0.00889681 11
450.801 253.089 2.71368 3.11935 -0.000839011 2.00398 -0.00889681 11
450.301 253.1 2.71368 3.12933 -0.0005932 2.50428 -0.00889681 11
449.801 253.106 2.71368 3.13879 -0.000378397 3.00443 -0.00889681 11
449.301 253.107 2.71368 -3.13546 -0.000193145 3.50449 -0.00889681 11
448.801 253.104 2.71368 -3.12705 -3.59056e-05 4.0045 -0.00889681 11
448.301 253.097 2.71368 -3.11916 9.49218e-05 4.5045 -0.00889681 11
447.801 253.086 2.71368 -3.11179 0.000200983 5.00453 -0.00889681 11
447.301 253.071 2.71368 -3.10495 0.000283954 5.5046 -0.00889681 11
446.801 253.053 2.71368 -3.09863 0.000345528 6.00475 -0.00889681 11
446.301 253.031 2.71368 -3.09283 0.000387406 6.50498 -0.00889681 11
445.802 253.007 2.71368 -3.08754 0.000411286 7.00531 -0.00889681 11
445.302 252.98 2.71368 -3.08278 0.00041886 7.50574 -0.00889681 11
444.802 252.95 2.71368 -3.07853 0.000411804 8.00627 -0.00889681 11
444.302 252.919 2.71368 -3.07479 0.000391777 8.50691 -0.00889681 11
443.803 252.885 2.71368 -3.07157 0.00036042 9.00765 -0.00889681 11
443.303 252.85 2.71368 -3.06885 0.00031935 9.50848 -0.00889681 11
442.804 252.814 2.71368 -3.06665 0.000270165 10.0094 -0.00889681 11
442.304 252.776 2.71368 -3.06496 0.000214443 10.5104 -0.00889681 11
441.805 252.738 2.71368 -3.06377 0.000153741 11.0114 -0.00889681 11
441.305 252.699 2.71368 -3.06309 8.96062e-05 11.5125 -0.00889681 11
440.805 252.66 2.71368 -3.06291 2.35983e-05 12.0135 -0.00889681 11
440.306 252.62 2.71368 -3.06323 -4.2613e-05 12.5146 -0.00889681 11
439.806 252.581 2.71368 -3.06404 -0.000106998 13.0157 -0.00889681 11
439.307 252.542 0.00246963 -3.06533 -0.000166738 13.5168 0.00323183 0
438.807 252.504 0.00246963 -3.06705 -0.000217926 14.0178 0.00323183 0
438.308 252.467 0.00246963 -3.06914 -0.00025611 14.5188 0.00323183 0
437.808 252.43 0.00246963 -3.07149 -0.000278043 15.0197 0.00323183 0
437.309 252.395 0.00246963 -3.07399 -0.000283627 15.5205 0.00323183 0
436.809 252.362 0.00246963 -3.07655 -0.000276223 16.0212 0.00323183 0
436.309 252.329 0.00246963 -3.07909 -0.000260891 16.5219 0.00323183 0
435.81 252.298 0.00246963 -3.08157 -0.000242111 17.0226 0.00323183 0
435.31 252.268 0.00246963 -3.08398 -0.000222655 17.5231 0.00323183 0
434.81 252.239 0.00246963 -3.0863 -0.000203782 18.0236 0.00323183 0
434.311 252.211 0.00246963 -3.08854 -0.000185908 18.5241 0.00323183 0
433.811 252.185 0.00246963 -3.09068 -0.000169121 19.0245 0.00323183 0
433.311 252.159 0.00246963 -3.09274 -0.000153414 19.5249 0.00323183 0
432.811 252.135 0.00246963 -3.09471 -0.000138755 20.0252 0.00323183 0
432.312 252.111 0.00246963 -3.09658 -0.000125112 20.5255 0.00323183 0
431.812 252.089 0.00246963 -3.09836 -0.000112446 21.0257 0.00323183 0
431.312 252.067 0.00246963 -3.10005 -0.000100721 21.526 0.00323183 0
430.812 252.046 0.00246963 -3.10165 -8.98943e-05 22.0262 0.00323183 0
430.313 252.026 0.00246963 -3.10315 -7.99255e-05 22.5264 0.00323183 0
429.813 252.007 0.00246963 -3.10456 -7.07707e-05 23.0266 0.00323183 0
429.313 251.989 0.00246963 -3.10587 -6.23847e-05 23.5267 0.00323183 0
428.813 251.971 0.00246963 -3.10708 -5.47208e-05 24.0268 0.00323183 0
428.313 251.954 0.00246963 -3.1082 -4.77305e-05 24.527 0.00323183 0
427.814 251.937 0.00246963 -3.10921 -4.13641e-05 25.0271 0.00323183 0
427.314 251.921 0.00246963 -3.11013 -3.55702e-05 25.5272 0.00323183 0
426.814 251.905 0.00246963 -3.11095 -3.02961e-05 26.0273 0.00323183 0
426.314 251.89 0.00246963 -3.11167 -2.54874e-05 26.5273 0.00323183 0
425.814 251.875 0.00246963 -3.11229 -2.10883e-05 27.0274 0.00323183 0
425.314 251.86 0.00246963 -3.11281 -1.70418e-05 27.5275 0.00323183 0
424.814 251.846 0.00246963 -3.11322 -1.32893e-05 28.0275 0.00323183 0
424.315 251.832 0.00246963 -3.11354 -9.77071e-06 28.5276 0.00323183 0
423.815 251.817 0.00246963 -3.11375 -6.4247e-06 29.0277 0.00323183 0
423.315 251.804 0.00246963 -3.11386 -3.18847e-06 29.5277 0.00323183 0
422.815 251.79 0.00246963 -3.11386 -1.02711e-06 30.0278 0.00323183 0
