452.802 253.009 2.71388 3.0764 2.99571e-13 0 -0.00889763 11
452.302 253.042 2.71388 3.08646 -0.00179264 0.501515 -0.00889763 11
451.801 253.069 2.71388 3.09811 -0.00143942 1.00266 -0.00889763 11
451.301 253.091 2.71388 3.10925 -0.00112168 1.50345 -0.00889763 11
450.801 253.107 2.71388 3.11986 -0.000838316 2.00395 -0.00889763 11
450.3 253.118 2.71388 3.12995 -0.000588085 2.50425 -0.00889763 11
449.8 253.124 2.71388 3.1395 -0.0003696 3.00439 -0.00889763 11
449.3 253.125 2.71388 -3.13465 -0.000181367 3.50445 -0.00889763 11
448.8 253.122 2.71388 -3.12616 -2.18079e-05 4.00446 -0.00889763 11
448.3 253.114 2.71388 -3.11819 0.000110721 4.50446 -0.00889763 11
447.8 253.102 2.71388 -3.11075 0.000217908 5.00449 -0.00889763 11
447.301 253.087 2.71388 -3.10384 0.000301477 5.50457 -0.00889763 11
446.801 253.068 2.71388 -3.09746 0.000363167 6.00473 -0.00889763 11
446.301 253.046 2.71388 -3.09161 0.000404723 6.50498 -0.00889763 11
445.801 253.021 2.71388 -3.08628 0.000427892 7.00533 -0.00889763 11
445.302 252.993 2.71388 -3.08148 0.000434407 7.50579 -0.00889763 11
444.802 252.963 2.71388 -3.0772 0.000425991 8.00635 -0.00889763 11
444.302 252.931 2.71388 -3.07344 0.000404347 8.50702 -0.00889763 11
443.803 252.897 2.71388 -3.0702 0.000371156 9.0078 -0.00889763 11
443.303 252.861 2.71388 -3.06748 0.000328079 9.50866 -0.00889763 11
442.804 252.824 2.71388 -3.06527 0.000276756 10.0096 -0.00889763 11
442.304 252.786 2.71388 -3.06358 0.000218802 10.5106 -0.00889763 11
441.804 252.747 2.71388 -3.0624 0.000155816 11.0117 -0.00889763 11
441.305 252.707 2.71388 -3.06173 8.93831e-05 11.5128 -0.00889763 11
440.805 252.667 2.71388 -3.06157 2.11037e-05 12.014 -0.00889763 11
440.306 252.627 2.71388 -3.06192 -4.73084e-05 12.5151 -0.00889763 11
439.806 252.587 2.71388 -3.06277 -0.000113766 13.0162 -0.00889763 11
439.307 252.548 0.00147955 -3.0641 -0.000175367 13.5173 0.000778382 0
438.807 252.509 0.00147955 -3.06587 -0.00022808 14.0184 0.000778382 0
438.308 252.471 0.00147955 -3.06801 -0.000267318 14.5194 0.000778382 0
437.808 252.434 0.00147955 -3.07041 -0.000289739 15.0203 0.000778382 0
437.308 252.399 0.00147955 -3.07297 -0.000295259 15.5212 0.000778382 0
436.809 252.364 0.00147955 -3.07558 -0.000287369 16.022 0.000778382 0
436.309 252.331 0.00147955 -3.07817 -0.000271307 16.5227 0.000778382 0
435.81 252.299 0.00147955 -3.08071 -0.000251703 17.0233 0.000778382 0
435.31 252.269 0.00147955 -3.08317 -0.00023142 17.5239 0.000778382 0
434.81 252.24 0.00147955 -3.08554 -0.000211755 18.0244 0.000778382 0
434.311 252.212 0.00147955 -3.08782 -0.000193138 18.5249 0.000778382 0
433.811 252.185 0.00147955 -3.09001 -0.000175658 19.0253 0.000778382 0
433.311 252.159 0.00147955 -3.09211 -0.000159304 19.5257 0.000778382 0
432.811 252.134 0.00147955 -3.09412 -0.000144048 20.026 0.000778382 0
432.312 252.11 0.00147955 -3.09603 -0.00012985 20.5264 0.000778382 0
431.812 252.088 0.00147955 -3.09785 -0.000116675 21.0266 0.000778382 0
431.312 252.066 0.00147955 -3.09957 -0.00010448 21.5269 0.000778382 0
430.812 252.045 0.00147955 -3.1012 -9.32235e-05 22.0271 0.000778382 0
430.313 252.025 0.00147955 -3.10273 -8.28619e-05 22.5273 0.000778382 0
429.813 252.005 0.00147955 -3.10417 -7.33493e-05 23.0275 0.000778382 0
429.313 251.986 0.00147955 -3.1055 -6.46385e-05 23.5276 0.000778382 0
428.813 251.968 0.00147955 -3.10674 -5.66805e-05 24.0277 0.000778382 0
428.313 251.951 0.00147955 -3.10788 -4.94249e-05 24.5279 0.000778382 0
427.814 251.934 0.00147955 -3.10892 -4.28195e-05 25.028 0.000778382 0
427.314 251.918 0.00147955 -3.10985 -3.68107e-05 25.5281 0.000778382 0
426.814 251.902 0.00147955 -3.11069 -3.13434e-05 26.0282 0.000778382 0
426.314 251.886 0.00147955 -3.11142 -2.63609e-05 26.5283 0.000778382 0
425.814 251.871 0.00147955 -3.11206 -2.18053e-05 27.0283 0.000778382 0
425.314 251.857 0.00147955 -3.11258 -1.76169e-05 27.5284 0.000778382 0
424.814 251.842 0.00147955 -3.11301 -1.37346e-05 28.0285 0.000778382 0
424.315 251.828 0.00147955 -3.11333 -1.00962e-05 28.5285 0.000778382 0
423.815 251.814 0.00147955 -3.11354 -6.63767e-06 29.0286 0.000778382 0
423.315 251.8 0.00147955 -3.11365 -3.29379e-06 29.5287 0.000778382 0
422.815 251.786 0.00147955 -3.11365 -1.06098e-06 30.0287 0.000778382 0
