269.825 250.068 0.551343 -3.1295 -1.91768e-14 0 -0.00370731 9
269.325 250.062 0.551343 -3.12948 -1.49687e-08 0.5 -0.00370731 9
268.825 250.056 0.551343 -3.12947 -1.10493e-08 1 -0.00370731 9
268.325 250.05 0.551343 -3.12946 -8.06557e-09 1.5 -0.00370731 9
267.825 250.044 0.551343 -3.12945 -5.89083e-09 2 -0.00370731 9
267.325 250.038 0.551343 -3.12945 -4.43859e-09 2.5 -0.00370731 9
266.825 250.032 0.551343 -3.12944 -3.64293e-09 3 -0.00370731 9
266.325 250.026 0.551343 -3.12944 -3.42364e-09 3.5 -0.00370731 9
265.825 250.02 0.551343 -3.12944 -3.63626e-09 4 -0.00370731 9
265.325 250.014 0.551343 -3.12943 -4.01809e-09 4.5 -0.00370731 9
264.825 250.007 0.551343 -3.12943 -4.20895e-09 5 -0.00370731 9
264.325 250.001 0.551496 -3.12942 -3.8961e-09 5.5 -0.00370986 0
263.825 249.995 0.551496 -3.12942 -2.97932e-09 6 -0.00370986 0
263.325 249.989 0.551496 -3.12942 -1.62453e-09 6.5 -0.00370986 0
262.825 249.983 0.551496 -3.12941 -1.57639e-10 7 -0.00370986 0
262.325 249.977 0.551496 -3.12942 1.11416e-09 7.5 -0.00370986 0
261.825 249.971 0.551496 -3.12942 1.98219e-09 8 -0.00370986 0
261.325 249.965 0.551496 -3.12942 2.33589e-09 8.5 -0.00370986 0
260.825 249.959 0.551496 -3.12942 2.11978e-09 9 -0.00370986 0
260.325 249.953 0.551496 -3.12943 1.3106e-09 9.5 -0.00370986 0
259.825 249.947 0 -3.12943 4.53475e-10 10 0 0
