269.825 250.068 0.997528 -3.12951 4.3719e-14 0 -0.329591 6
269.325 250.062 0.997528 -3.12956 5.85447e-08 0.5 -0.329591 6
268.825 250.056 0.997528 -3.12962 6.67235e-08 1 -0.329591 6
268.325 250.05 0.997528 -3.12968 7.42921e-08 1.5 -0.329591 6
267.825 250.044 0.997528 -3.12974 8.0901e-08 2 -0.329591 6
267.325 250.038 0.997528 -3.1298 8.61943e-08 2.5 -0.329591 6
266.825 250.032 0.997528 -3.12985 8.98424e-08 3 -0.329591 6
266.325 250.026 0.997528 -3.12991 9.15868e-08 3.5 -0.329591 6
265.825 250.021 0.997528 -3.12996 9.13121e-08 4 -0.329591 6
265.325 250.015 0.997528 -3.13001 8.91308e-08 4.5 -0.329591 6
264.825 250.009 0.997528 -3.13005 8.53719e-08 5 -0.329591 0
264.325 250.003 0.997528 -3.13009 8.03921e-08 5.5 -0.329591 0
263.825 249.997 0.997528 -3.13012 7.43236e-08 6 -0.329591 0
263.325 249.992 0.997528 -3.13015 6.69591e-08 6.5 -0.329591 0
262.825 249.986 0.997528 -3.13018 5.788e-08 7 -0.329591 0
262.325 249.98 0.997528 -3.1302 4.67118e-08 7.5 -0.329591 0
261.825 249.975 0.997528 -3.13021 3.32642e-08 8 -0.329591 0
261.325 249.969 0.997528 -3.13022 1.7555e-08 8.5 -0.329591 0
260.825 249.963 0.997528 -3.13022 2.68824e-09 9 -0.329591 0
260.325 249.958 0.997528 -3.13022 -1.36843e-09 9.5 -0.329591 0
259.825 249.952 0 -3.13022 -6.75605e-10 10 0 0
