269.658 249.849 0.4995 -3.11337 -6.94286e-13 0 0 7
269.158 249.835 0.4995 -3.11676 -0.000118116 0.500061 0 7
268.658 249.822 0.4995 -3.12056 -7.83524e-05 1.0001 0 7
268.158 249.812 0.4995 -3.12402 -4.62685e-05 1.50012 0 7
267.658 249.803 0.4995 -3.12714 -2.12026e-05 2.00012 0 7
267.158 249.796 0.4995 -3.12992 -2.48443e-06 2.50012 0 7
266.658 249.79 0.4995 -3.13236 1.05681e-05 3.00012 0 7
266.158 249.785 0.4995 -3.13447 1.86685e-05 3.50013 0 7
265.658 249.782 0.4995 -3.13624 2.26121e-05 4.00013 0 7
265.158 249.779 0.4995 -3.13771 2.33461e-05 4.50015 0 7
264.658 249.777 0.4995 -3.1389 2.19776e-05 5.00017 0 7
264.158 249.776 0.4995 -3.13985 1.96213e-05 5.50019 0 7
263.658 249.775 0.4995 -3.14062 1.71239e-05 6.00022 0 7
263.158 249.775 0.4995 -3.14125 1.48793e-05 6.50025 0 7
262.658 249.774 0.999001 3.14142 1.28889e-05 7.00029 1.497 0
262.158 249.774 0.999001 3.14099 1.09852e-05 7.50033 1.497 0
261.658 249.775 0.999001 3.14065 9.01971e-06 8.00037 1.497 0
261.158 249.775 0.999001 3.1404 6.92653e-06 8.50042 1.497 0
260.658 249.776 0.999001 3.14023 4.70391e-06 9.00047 1.497 0
260.158 249.777 0.999001 3.14014 2.38056e-06 9.50052 1.497 0
259.658 249.777 0 3.14014 7.71841e-07 10.0006 0 0
