452.802 253.009 2.7138 3.07642 2.9948e-13 0 -0.00889732 11
452.302 253.042 2.7138 3.08648 -0.00179175 0.501514 -0.00889732 11
451.801 253.069 2.7138 3.09813 -0.00143867 1.00266 -0.00889732 11
451.301 253.091 2.7138 3.10927 -0.00112106 1.50345 -0.00889732 11
450.801 253.107 2.7138 3.11988 -0.000837815 2.00395 -0.00889732 11
450.3 253.118 2.7138 3.12996 -0.000587692 2.50424 -0.00889732 11
449.8 253.124 2.7138 3.13952 -0.000369302 3.00439 -0.00889732 11
449.3 253.125 2.7138 -3.13464 -0.000181154 3.50444 -0.00889732 11
448.8 253.121 2.7138 -3.12615 -2.16683e-05 4.00445 -0.00889732 11
448.3 253.114 2.7138 -3.11818 0.000110797 4.50445 -0.00889732 11
447.8 253.102 2.7138 -3.11075 0.000217931 5.00448 -0.00889732 11
447.301 253.087 2.7138 -3.10384 0.000301456 5.50457 -0.00889732 11
446.801 253.068 2.7138 -3.09746 0.00036311 6.00473 -0.00889732 11
446.301 253.046 2.7138 -3.09161 0.000404639 6.50498 -0.00889732 11
445.801 253.021 2.7138 -3.08629 0.000427788 7.00533 -0.00889732 11
445.302 252.993 2.7138 -3.08148 0.00043429 7.50578 -0.00889732 11
444.802 252.963 2.7138 -3.0772 0.000425867 8.00635 -0.00889732 11
444.302 252.931 2.7138 -3.07344 0.000404221 8.50702 -0.00889732 11
443.803 252.897 2.7138 -3.0702 0.000371033 9.00779 -0.00889732 11
443.303 252.861 2.7138 -3.06748 0.000327964 9.50866 -0.00889732 11
442.804 252.824 2.7138 -3.06528 0.000276652 10.0096 -0.00889732 11
442.304 252.786 2.7138 -3.06358 0.000218712 10.5106 -0.00889732 11
441.804 252.747 2.7138 -3.06241 0.000155743 11.0117 -0.00889732 11
441.305 252.707 2.7138 -3.06174 8.9329e-05 11.5128 -0.00889732 11
440.805 252.667 2.7138 -3.06158 2.10697e-05 12.0139 -0.00889732 11
440.306 252.627 2.7138 -3.06193 -4.73217e-05 12.5151 -0.00889732 11
439.806 252.587 2.7138 -3.06278 -0.000113759 13.0162 -0.00889732 11
439.307 252.548 0.00126232 -3.06411 -0.000175339 13.5173 0.00263358 0
438.807 252.509 0.00126232 -3.06588 -0.000228036 14.0184 0.00263358 0
438.308 252.471 0.00126232 -3.06801 -0.000267259 14.5194 0.00263358 0
437.808 252.434 0.00126232 -3.07042 -0.000289671 15.0203 0.00263358 0
437.308 252.398 0.00126232 -3.07297 -0.000295188 15.5212 0.00263358 0
436.809 252.364 0.00126232 -3.07559 -0.000287298 16.0219 0.00263358 0
436.309 252.331 0.00126232 -3.07818 -0.00027124 16.5227 0.00263358 0
435.81 252.299 0.00126232 -3.08072 -0.00025164 17.0233 0.00263358 0
435.31 252.269 0.00126232 -3.08317 -0.000231362 17.5239 0.00263358 0
434.81 252.24 0.00126232 -3.08555 -0.000211702 18.0244 0.00263358 0
434.311 252.212 0.00126232 -3.08783 -0.00019309 18.5249 0.00263358 0
433.811 252.185 0.00126232 -3.09002 -0.000175613 19.0253 0.00263358 0
433.311 252.159 0.00126232 -3.09212 -0.000159264 19.5257 0.00263358 0
432.811 252.134 0.00126232 -3.09412 -0.000144011 20.026 0.00263358 0
432.312 252.11 0.00126232 -3.09603 -0.000129817 20.5263 0.00263358 0
431.812 252.088 0.00126232 -3.09785 -0.000116645 21.0266 0.00263358 0
431.312 252.066 0.00126232 -3.09958 -0.000104453 21.5269 0.00263358 0
430.812 252.045 0.00126232 -3.1012 -9.31994e-05 22.0271 0.00263358 0
430.313 252.025 0.00126232 -3.10274 -8.28403e-05 22.5273 0.00263358 0
429.813 252.005 0.00126232 -3.10417 -7.33301e-05 23.0274 0.00263358 0
429.313 251.986 0.00126232 -3.10551 -6.46215e-05 23.5276 0.00263358 0
428.813 251.968 0.00126232 -3.10674 -5.66655e-05 24.0277 0.00263358 0
428.313 251.951 0.00126232 -3.10788 -4.94117e-05 24.5279 0.00263358 0
427.814 251.934 0.00126232 -3.10892 -4.28079e-05 25.028 0.00263358 0
427.314 251.918 0.00126232 -3.10986 -3.68007e-05 25.5281 0.00263358 0
426.814 251.902 0.00126232 -3.11069 -3.13348e-05 26.0282 0.00263358 0
426.314 251.886 0.00126232 -3.11143 -2.63537e-05 26.5282 0.00263358 0
425.814 251.871 0.00126232 -3.11206 -2.17993e-05 27.0283 0.00263358 0
425.314 251.857 0.00126232 -3.11259 -1.76119e-05 27.5284 0.00263358 0
424.814 251.842 0.00126232 -3.11301 -1.37308e-05 28.0285 0.00263358 0
424.315 251.828 0.00126232 -3.11333 -1.00934e-05 28.5285 0.00263358 0
423.815 251.814 0.00126232 -3.11354 -6.6358e-06 29.0286 0.00263358 0
423.315 251.8 0.00126232 -3.11365 -3.29286e-06 29.5287 0.00263358 0
422.815 251.786 0.00126232 -3.11365 -1.06068e-06 30.0287 0.00263358 0
