452.802 253.01 2.71405 3.07635 2.99892e-13 0 -0.0088983 11
452.302 253.043 2.71405 3.08642 -0.00179541 0.501517 -0.0088983 11
451.801 253.07 2.71405 3.09809 -0.00144155 1.00267 -0.0088983 11
451.301 253.092 2.71405 3.10923 -0.00112323 1.50345 -0.0088983 11
450.801 253.108 2.71405 3.11985 -0.000839363 2.00396 -0.0088983 11
450.3 253.119 2.71405 3.12995 -0.000588686 2.50425 -0.0088983 11
449.8 253.125 2.71405 3.13952 -0.000369815 3.0044 -0.0088983 11
449.3 253.126 2.71405 -3.13463 -0.000181255 3.50445 -0.0088983 11
448.8 253.123 2.71405 -3.12613 -2.14242e-05 4.00446 -0.0088983 11
448.3 253.115 2.71405 -3.11815 0.000111323 4.50446 -0.0088983 11
447.8 253.103 2.71405 -3.11071 0.000218681 5.00449 -0.0088983 11
447.301 253.088 2.71405 -3.1038 0.000302374 5.50458 -0.0088983 11
446.801 253.069 2.71405 -3.09741 0.000364146 6.00474 -0.0088983 11
446.301 253.047 2.71405 -3.09155 0.000405746 6.50499 -0.0088983 11
445.801 253.022 2.71405 -3.08622 0.000428923 7.00534 -0.0088983 11
445.302 252.994 2.71405 -3.08141 0.000435415 7.5058 -0.0088983 11
444.802 252.964 2.71405 -3.07713 0.000426949 8.00636 -0.0088983 11
444.302 252.932 2.71405 -3.07337 0.000405229 8.50704 -0.0088983 11
443.803 252.897 2.71405 -3.07012 0.000371942 9.00781 -0.0088983 11
443.303 252.862 2.71405 -3.0674 0.000328751 9.50868 -0.0088983 11
442.804 252.825 2.71405 -3.06519 0.000277299 10.0096 -0.0088983 11
442.304 252.786 2.71405 -3.0635 0.000219206 10.5107 -0.0088983 11
441.804 252.747 2.71405 -3.06232 0.000156073 11.0117 -0.0088983 11
441.305 252.708 2.71405 -3.06165 8.94876e-05 11.5128 -0.0088983 11
440.805 252.668 2.71405 -3.06149 2.10545e-05 12.014 -0.0088983 11
440.306 252.627 2.71405 -3.06184 -4.75095e-05 12.5151 -0.0088983 11
439.806 252.588 2.71405 -3.06269 -0.000114113 13.0163 -0.0088983 11
439.307 252.548 0.000906965 -3.06403 -0.000175847 13.5174 -0.0018615 0
438.807 252.509 0.000906965 -3.0658 -0.000228672 14.0184 -0.0018615 0
438.308 252.471 0.000906965 -3.06793 -0.00026799 14.5194 -0.0018615 0
437.808 252.434 0.000906965 -3.07034 -0.000290454 15.0204 -0.0018615 0
437.308 252.399 0.000906965 -3.0729 -0.000295979 15.5212 -0.0018615 0
436.809 252.364 0.000906965 -3.07552 -0.000288064 16.022 -0.0018615 0
436.309 252.331 0.000906965 -3.07812 -0.00027196 16.5227 -0.0018615 0
435.81 252.3 0.000906965 -3.08066 -0.000252306 17.0234 -0.0018615 0
435.31 252.269 0.000906965 -3.08312 -0.000231972 17.524 -0.0018615 0
434.81 252.24 0.000906965 -3.08549 -0.000212258 18.0245 -0.0018615 0
434.311 252.212 0.000906965 -3.08777 -0.000193595 18.525 -0.0018615 0
433.811 252.185 0.000906965 -3.08997 -0.000176072 19.0254 -0.0018615 0
433.311 252.159 0.000906965 -3.09207 -0.000159678 19.5258 -0.0018615 0
432.811 252.134 0.000906965 -3.09408 -0.000144384 20.0261 -0.0018615 0
432.312 252.11 0.000906965 -3.09599 -0.000130153 20.5264 -0.0018615 0
431.812 252.088 0.000906965 -3.09781 -0.000116945 21.0267 -0.0018615 0
431.312 252.066 0.000906965 -3.09954 -0.000104721 21.5269 -0.0018615 0
430.812 252.045 0.000906965 -3.10117 -9.34377e-05 22.0271 -0.0018615 0
430.313 252.025 0.000906965 -3.1027 -8.30514e-05 22.5273 -0.0018615 0
429.813 252.005 0.000906965 -3.10414 -7.35164e-05 23.0275 -0.0018615 0
429.313 251.986 0.000906965 -3.10548 -6.47851e-05 23.5277 -0.0018615 0
428.813 251.968 0.000906965 -3.10672 -5.68085e-05 24.0278 -0.0018615 0
428.313 251.951 0.000906965 -3.10786 -4.95359e-05 24.5279 -0.0018615 0
427.814 251.934 0.000906965 -3.1089 -4.29152e-05 25.028 -0.0018615 0
427.314 251.918 0.000906965 -3.10983 -3.68926e-05 25.5281 -0.0018615 0
426.814 251.902 0.000906965 -3.11067 -3.14129e-05 26.0282 -0.0018615 0
426.314 251.886 0.000906965 -3.11141 -2.64192e-05 26.5283 -0.0018615 0
425.814 251.871 0.000906965 -3.11204 -2.18532e-05 27.0284 -0.0018615 0
425.314 251.856 0.000906965 -3.11257 -1.76555e-05 27.5285 -0.0018615 0
424.814 251.842 0.000906965 -3.11299 -1.37646e-05 28.0285 -0.0018615 0
424.315 251.828 0.000906965 -3.11331 -1.01182e-05 28.5286 -0.0018615 0
423.815 251.813 0.000906965 -3.11352 -6.65208e-06 29.0287 -0.0018615 0
423.315 251.799 0.000906965 -3.11363 -3.30092e-06 29.5287 -0.0018615 0
422.815 251.785 0.000906965 -3.11363 -1.06327e-06 30.0288 -0.0018615 0
