452.802 253.011 2.71399 3.07638 2.99984e-13 0 -0.00889806 11
452.302 253.044 2.71399 3.08645 -0.00179571 0.501516 -0.00889806 11
451.801 253.072 2.71399 3.09813 -0.0014415 1.00266 -0.00889806 11
451.301 253.093 2.71399 3.10928 -0.00112289 1.50345 -0.00889806 11
450.801 253.11 2.71399 3.11991 -0.000838763 2.00395 -0.00889806 11
450.3 253.12 2.71399 3.13001 -0.000587877 2.50425 -0.00889806 11
449.8 253.126 2.71399 3.13958 -0.00036884 3.00439 -0.00889806 11
449.3 253.127 2.71399 -3.13457 -0.000180153 3.50445 -0.00889806 11
448.8 253.124 2.71399 -3.12606 -2.02322e-05 4.00445 -0.00889806 11
448.3 253.116 2.71399 -3.11808 0.000112571 4.50446 -0.00889806 11
447.8 253.104 2.71399 -3.11063 0.000219954 5.00449 -0.00889806 11
447.301 253.089 2.71399 -3.10371 0.000303642 5.50457 -0.00889806 11
446.801 253.07 2.71399 -3.09732 0.000365383 6.00473 -0.00889806 11
446.301 253.048 2.71399 -3.09146 0.000406929 6.50498 -0.00889806 11
445.801 253.023 2.71399 -3.08613 0.000430031 7.00534 -0.00889806 11
445.302 252.995 2.71399 -3.08132 0.000436431 7.5058 -0.00889806 11
444.802 252.965 2.71399 -3.07704 0.000427856 8.00637 -0.00889806 11
444.302 252.932 2.71399 -3.07327 0.000406015 8.50704 -0.00889806 11
443.803 252.898 2.71399 -3.07003 0.000372596 9.00782 -0.00889806 11
443.303 252.862 2.71399 -3.0673 0.000329266 9.50869 -0.00889806 11
442.804 252.825 2.71399 -3.06509 0.000277669 10.0096 -0.00889806 11
442.304 252.787 2.71399 -3.0634 0.000219427 10.5107 -0.00889806 11
441.804 252.748 2.71399 -3.06222 0.000156143 11.0117 -0.00889806 11
441.305 252.708 2.71399 -3.06156 8.94092e-05 11.5129 -0.00889806 11
440.805 252.668 2.71399 -3.0614 2.08307e-05 12.014 -0.00889806 11
440.306 252.628 2.71399 -3.06176 -4.78728e-05 12.5152 -0.00889806 11
439.806 252.588 2.71399 -3.06261 -0.000114607 13.0163 -0.00889806 11
439.307 252.548 0.00179393 -3.06395 -0.000176456 13.5174 -0.0017177 0
438.807 252.509 0.00179393 -3.06572 -0.000229374 14.0185 -0.0017177 0
438.308 252.472 0.00179393 -3.06786 -0.000268755 14.5195 -0.0017177 0
437.808 252.435 0.00179393 -3.07027 -0.000291245 15.0204 -0.0017177 0
437.308 252.399 0.00179393 -3.07283 -0.000296761 15.5213 -0.0017177 0
436.809 252.365 0.00179393 -3.07545 -0.000288811 16.022 -0.0017177 0
436.309 252.331 0.00179393 -3.07806 -0.000272656 16.5228 -0.0017177 0
435.81 252.3 0.00179393 -3.0806 -0.000252946 17.0234 -0.0017177 0
435.31 252.269 0.00179393 -3.08306 -0.000232556 17.524 -0.0017177 0
434.81 252.24 0.00179393 -3.08544 -0.000212789 18.0245 -0.0017177 0
434.311 252.212 0.00179393 -3.08773 -0.000194076 18.525 -0.0017177 0
433.811 252.185 0.00179393 -3.08992 -0.000176506 19.0254 -0.0017177 0
433.311 252.159 0.00179393 -3.09203 -0.000160069 19.5258 -0.0017177 0
432.811 252.134 0.00179393 -3.09404 -0.000144735 20.0262 -0.0017177 0
432.312 252.11 0.00179393 -3.09596 -0.000130467 20.5265 -0.0017177 0
431.812 252.088 0.00179393 -3.09778 -0.000117225 21.0267 -0.0017177 0
431.312 252.066 0.00179393 -3.09951 -0.000104969 21.527 -0.0017177 0
430.812 252.045 0.00179393 -3.10114 -9.36571e-05 22.0272 -0.0017177 0
430.313 252.024 0.00179393 -3.10268 -8.32446e-05 22.5274 -0.0017177 0
429.813 252.005 0.00179393 -3.10411 -7.36857e-05 23.0276 -0.0017177 0
429.313 251.986 0.00179393 -3.10545 -6.49328e-05 23.5277 -0.0017177 0
428.813 251.968 0.00179393 -3.1067 -5.69367e-05 24.0279 -0.0017177 0
428.313 251.951 0.00179393 -3.10784 -4.96465e-05 24.528 -0.0017177 0
427.814 251.934 0.00179393 -3.10888 -4.301e-05 25.0281 -0.0017177 0
427.314 251.917 0.00179393 -3.10982 -3.69733e-05 25.5282 -0.0017177 0
426.814 251.902 0.00179393 -3.11066 -3.14808e-05 26.0283 -0.0017177 0
426.314 251.886 0.00179393 -3.11139 -2.64757e-05 26.5284 -0.0017177 0
425.814 251.871 0.00179393 -3.11202 -2.18995e-05 27.0285 -0.0017177 0
425.314 251.856 0.00179393 -3.11255 -1.76925e-05 27.5285 -0.0017177 0
424.814 251.842 0.00179393 -3.11298 -1.37933e-05 28.0286 -0.0017177 0
424.315 251.827 0.00179393 -3.1133 -1.01391e-05 28.5287 -0.0017177 0
423.815 251.813 0.00179393 -3.11351 -6.66574e-06 29.0287 -0.0017177 0
423.315 251.799 0.00179393 -3.11362 -3.30767e-06 29.5288 -0.0017177 0
422.815 251.785 0.00179393 -3.11362 -1.06544e-06 30.0288 -0.0017177 0
