452.802 253.013 2.71406 3.07642 3.00023e-13 0 -0.00889836 11
452.302 253.045 2.71406 3.0865 -0.00179545 0.501514 -0.00889836 11
451.801 253.073 2.71406 3.09818 -0.00144098 1.00266 -0.00889836 11
451.301 253.095 2.71406 3.10934 -0.00112213 1.50344 -0.00889836 11
450.801 253.111 2.71406 3.11997 -0.000837819 2.00395 -0.00889836 11
450.3 253.122 2.71406 3.13008 -0.000586783 2.50424 -0.00889836 11
449.8 253.128 2.71406 3.13965 -0.000367632 3.00438 -0.00889836 11
449.3 253.129 2.71406 -3.13449 -0.000178865 3.50444 -0.00889836 11
448.8 253.125 2.71406 -3.12597 -1.88959e-05 4.00444 -0.00889836 11
448.3 253.117 2.71406 -3.11799 0.000113926 4.50445 -0.00889836 11
447.8 253.105 2.71406 -3.11054 0.0002213 5.00448 -0.00889836 11
447.301 253.09 2.71406 -3.10362 0.000304956 5.50456 -0.00889836 11
446.801 253.071 2.71406 -3.09723 0.000366643 6.00472 -0.00889836 11
446.301 253.049 2.71406 -3.09137 0.000408115 6.50498 -0.00889836 11
445.801 253.024 2.71406 -3.08604 0.000431126 7.00533 -0.00889836 11
445.302 252.996 2.71406 -3.08123 0.000437421 7.50579 -0.00889836 11
444.802 252.966 2.71406 -3.07694 0.000428728 8.00637 -0.00889836 11
444.302 252.933 2.71406 -3.07318 0.000406759 8.50705 -0.00889836 11
443.803 252.899 2.71406 -3.06993 0.000373204 9.00783 -0.00889836 11
443.303 252.863 2.71406 -3.06721 0.000329733 9.5087 -0.00889836 11
442.804 252.826 2.71406 -3.065 0.00027799 10.0097 -0.00889836 11
442.304 252.788 2.71406 -3.06331 0.000219601 10.5107 -0.00889836 11
441.804 252.748 2.71406 -3.06213 0.000156171 11.0118 -0.00889836 11
441.305 252.709 2.71406 -3.06147 8.92926e-05 11.5129 -0.00889836 11
440.805 252.668 2.71406 -3.06132 2.05743e-05 12.014 -0.00889836 11
440.306 252.628 2.71406 -3.06167 -4.82622e-05 12.5152 -0.00889836 11
439.806 252.588 2.71406 -3.06253 -0.000115119 13.0163 -0.00889836 11
439.307 252.549 0.000781442 -3.06387 -0.000177076 13.5174 -0.00195856 0
438.807 252.51 0.000781442 -3.06564 -0.000230082 14.0185 -0.00195856 0
438.308 252.472 0.000781442 -3.06779 -0.000269519 14.5195 -0.00195856 0
437.808 252.435 0.000781442 -3.0702 -0.000292031 15.0204 -0.00195856 0
437.308 252.399 0.000781442 -3.07277 -0.000297535 15.5213 -0.00195856 0
436.809 252.365 0.000781442 -3.07539 -0.000289548 16.0221 -0.00195856 0
436.309 252.332 0.000781442 -3.078 -0.000273343 16.5228 -0.00195856 0
435.81 252.3 0.000781442 -3.08054 -0.000253577 17.0235 -0.00195856 0
435.31 252.269 0.000781442 -3.08301 -0.000233132 17.5241 -0.00195856 0
434.81 252.24 0.000781442 -3.08539 -0.000213312 18.0246 -0.00195856 0
434.311 252.212 0.000781442 -3.08768 -0.00019455 18.5251 -0.00195856 0
433.811 252.185 0.000781442 -3.08988 -0.000176933 19.0255 -0.00195856 0
433.311 252.159 0.000781442 -3.09199 -0.000160454 19.5259 -0.00195856 0
432.811 252.134 0.000781442 -3.094 -0.00014508 20.0262 -0.00195856 0
432.312 252.11 0.000781442 -3.09592 -0.000130774 20.5265 -0.00195856 0
431.812 252.087 0.000781442 -3.09775 -0.000117499 21.0268 -0.00195856 0
431.312 252.066 0.000781442 -3.09948 -0.000105212 21.527 -0.00195856 0
430.812 252.044 0.000781442 -3.10111 -9.38718e-05 22.0273 -0.00195856 0
430.313 252.024 0.000781442 -3.10265 -8.34335e-05 22.5275 -0.00195856 0
429.813 252.005 0.000781442 -3.10409 -7.3851e-05 23.0276 -0.00195856 0
429.313 251.986 0.000781442 -3.10543 -6.50768e-05 23.5278 -0.00195856 0
428.813 251.968 0.000781442 -3.10668 -5.70615e-05 24.0279 -0.00195856 0
428.313 251.95 0.000781442 -3.10782 -4.97541e-05 24.528 -0.00195856 0
427.814 251.934 0.000781442 -3.10886 -4.31021e-05 25.0282 -0.00195856 0
427.314 251.917 0.000781442 -3.1098 -3.70514e-05 25.5283 -0.00195856 0
426.814 251.901 0.000781442 -3.11064 -3.15465e-05 26.0284 -0.00195856 0
426.314 251.886 0.000781442 -3.11138 -2.65303e-05 26.5284 -0.00195856 0
425.814 251.871 0.000781442 -3.11201 -2.19442e-05 27.0285 -0.00195856 0
425.314 251.856 0.000781442 -3.11254 -1.77282e-05 27.5286 -0.00195856 0
424.814 251.841 0.000781442 -3.11297 -1.38208e-05 28.0287 -0.00195856 0
424.315 251.827 0.000781442 -3.11329 -1.01592e-05 28.5287 -0.00195856 0
423.815 251.813 0.000781442 -3.1135 -6.67887e-06 29.0288 -0.00195856 0
423.315 251.799 0.000781442 -3.11361 -3.31416e-06 29.5288 -0.00195856 0
422.815 251.785 0.000781442 -3.11361 -1.06753e-06 30.0289 -0.00195856 0
