452.802 253.013 2.71326 3.07644 3.00049e-13 0 -0.0088951 11
452.302 253.046 2.71326 3.08653 -0.00179656 0.501514 -0.0088951 11
451.801 253.074 2.71326 3.09821 -0.00144141 1.00266 -0.0088951 11
451.301 253.095 2.71326 3.10938 -0.00112203 1.50344 -0.0088951 11
450.801 253.111 2.71326 3.12002 -0.000837334 2.00394 -0.0088951 11
450.3 253.122 2.71326 3.13013 -0.000586037 2.50424 -0.0088951 11
449.8 253.128 2.71326 3.1397 -0.000366744 3.00438 -0.0088951 11
449.3 253.129 2.71326 -3.13444 -0.000177941 3.50443 -0.0088951 11
448.8 253.125 2.71326 -3.12593 -1.80305e-05 4.00444 -0.0088951 11
448.3 253.118 2.71326 -3.11795 0.000114689 4.50444 -0.0088951 11
447.8 253.106 2.71326 -3.1105 0.000221963 5.00447 -0.0088951 11
447.301 253.09 2.71326 -3.10358 0.000305524 5.50456 -0.0088951 11
446.801 253.071 2.71326 -3.09719 0.000367121 6.00472 -0.0088951 11
446.301 253.049 2.71326 -3.09133 0.00040851 6.50497 -0.0088951 11
445.801 253.024 2.71326 -3.086 0.000431443 7.00533 -0.0088951 11
445.302 252.996 2.71326 -3.08119 0.000437664 7.50579 -0.0088951 11
444.802 252.966 2.71326 -3.0769 0.000428904 8.00637 -0.0088951 11
444.302 252.933 2.71326 -3.07314 0.000406873 8.50705 -0.0088951 11
443.803 252.899 2.71326 -3.0699 0.000373262 9.00783 -0.0088951 11
443.303 252.863 2.71326 -3.06717 0.000329739 9.5087 -0.0088951 11
442.804 252.826 2.71326 -3.06497 0.000277949 10.0097 -0.0088951 11
442.304 252.788 2.71326 -3.06328 0.000219519 10.5107 -0.0088951 11
441.804 252.748 2.71326 -3.0621 0.000156051 11.0118 -0.0088951 11
441.305 252.709 2.71326 -3.06144 8.91406e-05 11.5129 -0.0088951 11
440.805 252.669 2.71326 -3.06129 2.03941e-05 12.014 -0.0088951 11
440.306 252.628 2.71326 -3.06165 -4.84662e-05 12.5152 -0.0088951 11
439.806 252.588 2.71326 -3.0625 -0.000115342 13.0163 -0.0088951 11
439.307 252.549 0.00243684 -3.06384 -0.000177314 13.5174 0.0124913 0
438.807 252.51 0.00243684 -3.06562 -0.000230327 14.0185 0.0124913 0
438.308 252.472 0.00243684 -3.06777 -0.000269766 14.5195 0.0124913 0
437.808 252.435 0.00243684 -3.07018 -0.000292272 15.0204 0.0124913 0
437.308 252.399 0.00243684 -3.07275 -0.000297764 15.5213 0.0124913 0
436.809 252.365 0.00243684 -3.07538 -0.000289761 16.0221 0.0124913 0
436.309 252.332 0.00243684 -3.07798 -0.000273538 16.5228 0.0124913 0
435.81 252.3 0.00243684 -3.08053 -0.000253755 17.0235 0.0124913 0
435.31 252.269 0.00243684 -3.083 -0.000233293 17.5241 0.0124913 0
434.81 252.24 0.00243684 -3.08538 -0.000213457 18.0246 0.0124913 0
434.311 252.212 0.00243684 -3.08767 -0.00019468 18.5251 0.0124913 0
433.811 252.185 0.00243684 -3.08987 -0.00017705 19.0255 0.0124913 0
433.311 252.159 0.00243684 -3.09198 -0.000160558 19.5259 0.0124913 0
432.811 252.134 0.00243684 -3.094 -0.000145173 20.0262 0.0124913 0
432.312 252.11 0.00243684 -3.09592 -0.000130857 20.5265 0.0124913 0
431.812 252.087 0.00243684 -3.09774 -0.000117571 21.0268 0.0124913 0
431.312 252.065 0.00243684 -3.09947 -0.000105276 21.5271 0.0124913 0
430.812 252.044 0.00243684 -3.10111 -9.39273e-05 22.0273 0.0124913 0
430.313 252.024 0.00243684 -3.10265 -8.34816e-05 22.5275 0.0124913 0
429.813 252.005 0.00243684 -3.10409 -7.38926e-05 23.0276 0.0124913 0
429.313 251.986 0.00243684 -3.10543 -6.51125e-05 23.5278 0.0124913 0
428.813 251.968 0.00243684 -3.10667 -5.70919e-05 24.0279 0.0124913 0
428.313 251.95 0.00243684 -3.10782 -4.97798e-05 24.5281 0.0124913 0
427.814 251.934 0.00243684 -3.10886 -4.31237e-05 25.0282 0.0124913 0
427.314 251.917 0.00243684 -3.1098 -3.70694e-05 25.5283 0.0124913 0
426.814 251.901 0.00243684 -3.11064 -3.15613e-05 26.0284 0.0124913 0
426.314 251.886 0.00243684 -3.11138 -2.65424e-05 26.5285 0.0124913 0
425.814 251.871 0.00243684 -3.11201 -2.19539e-05 27.0285 0.0124913 0
425.314 251.856 0.00243684 -3.11254 -1.77358e-05 27.5286 0.0124913 0
424.814 251.841 0.00243684 -3.11297 -1.38266e-05 28.0287 0.0124913 0
424.315 251.827 0.00243684 -3.11328 -1.01633e-05 28.5287 0.0124913 0
423.815 251.813 0.00243684 -3.1135 -6.68154e-06 29.0288 0.0124913 0
423.315 251.799 0.00243684 -3.11361 -3.31547e-06 29.5289 0.0124913 0
422.815 251.785 0.00243684 -3.11361 -1.06794e-06 30.0289 0.0124913 0
