452.802 253.015 2.71444 3.0765 3.00084e-13 0 -0.00889991 11
452.302 253.047 2.71444 3.0867 -0.00181399 0.501511 -0.00889991 11
451.801 253.075 2.71444 3.0985 -0.00144957 1.00265 -0.00889991 11
451.301 253.096 2.71444 3.10975 -0.00112309 1.50343 -0.00889991 11
450.801 253.112 2.71444 3.12045 -0.000833303 2.00392 -0.00889991 11
450.3 253.123 2.71444 3.13059 -0.000578794 2.5042 -0.00889991 11
449.8 253.128 2.71444 3.14017 -0.000357999 3.00434 -0.00889991 11
449.3 253.129 2.71444 -3.13399 -0.000169239 3.50439 -0.00889991 11
448.8 253.125 2.71444 -3.12552 -1.07066e-05 4.0044 -0.00889991 11
448.3 253.117 2.71444 -3.11758 0.000120108 4.5044 -0.00889991 11
447.8 253.105 2.71444 -3.11018 0.000225681 5.00443 -0.00889991 11
447.301 253.09 2.71444 -3.1033 0.000307779 5.50452 -0.00889991 11
446.801 253.07 2.71444 -3.09695 0.000368137 6.00469 -0.00889991 11
446.301 253.048 2.71444 -3.09113 0.000408496 6.50495 -0.00889991 11
445.801 253.023 2.71444 -3.08583 0.000430595 7.0053 -0.00889991 11
445.302 252.995 2.71444 -3.08105 0.000436164 7.50577 -0.00889991 11
444.802 252.965 2.71444 -3.0768 0.000426917 8.00635 -0.00889991 11
444.302 252.932 2.71444 -3.07306 0.00040455 8.50703 -0.00889991 11
443.803 252.898 2.71444 -3.06985 0.000370739 9.00781 -0.00889991 11
443.303 252.862 2.71444 -3.06715 0.000327138 9.50869 -0.00889991 11
442.804 252.825 2.71444 -3.06496 0.000275379 10.0097 -0.00889991 11
442.304 252.786 2.71444 -3.06329 0.000217071 10.5107 -0.00889991 11
441.804 252.747 2.71444 -3.06213 0.000153807 11.0118 -0.00889991 11
441.305 252.708 2.71444 -3.06148 8.71643e-05 11.5129 -0.00889991 11
440.805 252.667 2.71444 -3.06134 1.87377e-05 12.014 -0.00889991 11
440.306 252.627 2.71444 -3.06171 -4.97649e-05 12.5152 -0.00889991 11
439.806 252.587 2.71444 -3.06258 -0.000116261 13.0163 -0.00889991 11
439.307 252.548 0.00119705 -3.06392 -0.000177851 13.5174 -0.010324 0
438.807 252.509 0.00119705 -3.0657 -0.000230505 14.0185 -0.010324 0
438.308 252.471 0.00119705 -3.06785 -0.000269636 14.5195 -0.010324 0
437.808 252.434 0.00119705 -3.07027 -0.000291912 15.0204 -0.010324 0
437.308 252.398 0.00119705 -3.07284 -0.000297263 15.5213 -0.010324 0
436.809 252.364 0.00119705 -3.07546 -0.000289195 16.0221 -0.010324 0
436.309 252.331 0.00119705 -3.07807 -0.000272961 16.5228 -0.010324 0
435.81 252.299 0.00119705 -3.08061 -0.000253194 17.0234 -0.010324 0
435.31 252.268 0.00119705 -3.08308 -0.000232761 17.524 -0.010324 0
434.81 252.239 0.00119705 -3.08546 -0.000212957 18.0246 -0.010324 0
434.311 252.211 0.00119705 -3.08775 -0.000194212 18.525 -0.010324 0
433.811 252.184 0.00119705 -3.08995 -0.000176613 19.0255 -0.010324 0
433.311 252.158 0.00119705 -3.09205 -0.00016015 19.5258 -0.010324 0
432.811 252.134 0.00119705 -3.09407 -0.000144793 20.0262 -0.010324 0
432.312 252.11 0.00119705 -3.09599 -0.000130504 20.5265 -0.010324 0
431.812 252.087 0.00119705 -3.09781 -0.000117244 21.0268 -0.010324 0
431.312 252.065 0.00119705 -3.09954 -0.000104973 21.527 -0.010324 0
430.812 252.044 0.00119705 -3.10118 -9.36482e-05 22.0272 -0.010324 0
430.313 252.024 0.00119705 -3.10271 -8.3225e-05 22.5274 -0.010324 0
429.813 252.004 0.00119705 -3.10415 -7.36575e-05 23.0276 -0.010324 0
429.313 251.986 0.00119705 -3.1055 -6.4898e-05 23.5277 -0.010324 0
428.813 251.968 0.00119705 -3.10674 -5.68971e-05 24.0279 -0.010324 0
428.313 251.95 0.00119705 -3.10788 -4.9604e-05 24.528 -0.010324 0
427.814 251.933 0.00119705 -3.10892 -4.29661e-05 25.0281 -0.010324 0
427.314 251.917 0.00119705 -3.10986 -3.69294e-05 25.5282 -0.010324 0
426.814 251.901 0.00119705 -3.1107 -3.14383e-05 26.0283 -0.010324 0
426.314 251.886 0.00119705 -3.11144 -2.64357e-05 26.5284 -0.010324 0
425.814 251.871 0.00119705 -3.11207 -2.18633e-05 27.0285 -0.010324 0
425.314 251.856 0.00119705 -3.1126 -1.76608e-05 27.5285 -0.010324 0
424.814 251.841 0.00119705 -3.11303 -1.37669e-05 28.0286 -0.010324 0
424.315 251.827 0.00119705 -3.11335 -1.01187e-05 28.5287 -0.010324 0
423.815 251.813 0.00119705 -3.11356 -6.65185e-06 29.0287 -0.010324 0
423.315 251.799 0.00119705 -3.11367 -3.30063e-06 29.5288 -0.010324 0
422.815 251.785 0.00119705 -3.11367 -1.06314e-06 30.0289 -0.010324 0
