452.802 253.017 2.71381 3.0764 -2.49121e-09 0 -0.00889733 11
452.301 253.049 2.71381 3.0866 -0.00181729 0.501515 -0.00889733 11
451.801 253.077 2.71381 3.09841 -0.00145288 1.00266 -0.00889733 11
451.301 253.099 2.71381 3.10967 -0.00112616 1.50344 -0.00889733 11
450.801 253.115 2.71381 3.12038 -0.000835971 2.00393 -0.00889733 11
450.3 253.125 2.71381 3.13054 -0.000580918 2.50422 -0.00889733 11
449.8 253.131 2.71381 3.14014 -0.000359456 3.00436 -0.00889733 11
449.3 253.131 2.71381 -3.13399 -0.000169926 3.5044 -0.00889733 11
448.8 253.128 2.71381 -3.1255 -1.05514e-05 4.00441 -0.00889733 11
448.3 253.12 2.71381 -3.11754 0.000120965 4.50441 -0.00889733 11
447.8 253.108 2.71381 -3.11012 0.000227049 5.00445 -0.00889733 11
447.301 253.092 2.71381 -3.10322 0.000309554 5.50454 -0.00889733 11
446.801 253.073 2.71381 -3.09686 0.000370215 6.0047 -0.00889733 11
446.301 253.05 2.71381 -3.09102 0.000410779 6.50496 -0.00889733 11
445.801 253.025 2.71381 -3.0857 0.000432993 7.00532 -0.00889733 11
445.302 252.997 2.71381 -3.08091 0.000438595 7.50579 -0.00889733 11
444.802 252.967 2.71381 -3.07665 0.000429305 8.00637 -0.00889733 11
444.302 252.934 2.71381 -3.0729 0.000406828 8.50706 -0.00889733 11
443.803 252.9 2.71381 -3.06968 0.000372847 9.00785 -0.00889733 11
443.303 252.864 2.71381 -3.06697 0.000329024 9.50873 -0.00889733 11
442.804 252.826 2.71381 -3.06478 0.000276997 10.0097 -0.00889733 11
442.304 252.788 2.71381 -3.0631 0.000218386 10.5107 -0.00889733 11
441.804 252.749 2.71381 -3.06194 0.000154788 11.0118 -0.00889733 11
441.305 252.709 2.71381 -3.06129 8.77903e-05 11.5129 -0.00889733 11
440.805 252.669 2.71381 -3.06115 1.8995e-05 12.0141 -0.00889733 11
440.306 252.628 2.71381 -3.06151 -4.98814e-05 12.5152 -0.00889733 11
439.806 252.588 2.71381 -3.06238 -0.000116746 13.0164 -0.00889733 11
439.307 252.549 0.00167706 -3.06373 -0.000178681 13.5175 0.00220151 0
438.807 252.51 0.00167706 -3.06551 -0.000231638 14.0186 0.00220151 0
438.308 252.472 0.00167706 -3.06767 -0.000271004 14.5196 0.00220151 0
437.808 252.435 0.00167706 -3.07009 -0.000293426 15.0205 0.00220151 0
437.308 252.399 0.00167706 -3.07266 -0.000298831 15.5214 0.00220151 0
436.809 252.364 0.00167706 -3.07529 -0.000290747 16.0222 0.00220151 0
436.309 252.331 0.00167706 -3.0779 -0.00027445 16.5229 0.00220151 0
435.81 252.299 0.00167706 -3.08045 -0.0002546 17.0236 0.00220151 0
435.31 252.269 0.00167706 -3.08293 -0.000234077 17.5242 0.00220151 0
434.81 252.239 0.00167706 -3.08531 -0.000214185 18.0247 0.00220151 0
434.311 252.211 0.00167706 -3.08761 -0.000195353 18.5252 0.00220151 0
433.811 252.184 0.00167706 -3.08981 -0.000177671 19.0256 0.00220151 0
433.311 252.158 0.00167706 -3.09192 -0.000161129 19.526 0.00220151 0
432.811 252.133 0.00167706 -3.09394 -0.000145695 20.0263 0.00220151 0
432.312 252.11 0.00167706 -3.09587 -0.000131333 20.5266 0.00220151 0
431.812 252.087 0.00167706 -3.0977 -0.000118003 21.0269 0.00220151 0
431.312 252.065 0.00167706 -3.09943 -0.000105666 21.5272 0.00220151 0
430.812 252.044 0.00167706 -3.10107 -9.42779e-05 22.0274 0.00220151 0
430.313 252.023 0.00167706 -3.10261 -8.37949e-05 22.5276 0.00220151 0
429.813 252.004 0.00167706 -3.10406 -7.41709e-05 23.0277 0.00220151 0
429.313 251.985 0.00167706 -3.1054 -6.53582e-05 23.5279 0.00220151 0
428.813 251.967 0.00167706 -3.10665 -5.73074e-05 24.028 0.00220151 0
428.313 251.95 0.00167706 -3.1078 -4.99675e-05 24.5282 0.00220151 0
427.814 251.933 0.00167706 -3.10884 -4.32859e-05 25.0283 0.00220151 0
427.314 251.916 0.00167706 -3.10979 -3.72083e-05 25.5284 0.00220151 0
426.814 251.9 0.00167706 -3.11063 -3.16791e-05 26.0285 0.00220151 0
426.314 251.885 0.00167706 -3.11137 -2.6641e-05 26.5286 0.00220151 0
425.814 251.87 0.00167706 -3.112 -2.20352e-05 27.0286 0.00220151 0
425.314 251.855 0.00167706 -3.11254 -1.78014e-05 27.5287 0.00220151 0
424.814 251.84 0.00167706 -3.11296 -1.38777e-05 28.0288 0.00220151 0
424.315 251.826 0.00167706 -3.11328 -1.0201e-05 28.5288 0.00220151 0
423.815 251.812 0.00167706 -3.1135 -6.70646e-06 29.0289 0.00220151 0
423.315 251.798 0.00167706 -3.11361 -3.32772e-06 29.529 0.00220151 0
422.815 251.784 0.00167706 -3.11361 -1.07142e-06 30.029 0.00220151 0
