452.802 253.017 2.71407 3.07649 3.00544e-13 0 -0.00889839 11
452.301 253.049 2.71407 3.08688 -0.00184801 0.501511 -0.00889839 11
451.801 253.077 2.71407 3.09888 -0.001467 1.00264 -0.00889839 11
451.301 253.098 2.71407 3.11029 -0.00112775 1.50341 -0.00889839 11
450.801 253.114 2.71407 3.12109 -0.00082878 2.00389 -0.00889839 11
450.3 253.124 2.71407 3.1313 -0.000568388 2.50416 -0.00889839 11
449.8 253.129 2.71407 3.14089 -0.000344715 3.00429 -0.00889839 11
449.3 253.129 2.71407 -3.13329 -0.000155773 3.50434 -0.00889839 11
448.8 253.125 2.71407 -3.12488 6.40925e-07 4.00434 -0.00889839 11
448.3 253.117 2.71407 -3.11702 0.000128478 4.50435 -0.00889839 11
447.8 253.105 2.71407 -3.10968 0.000231403 5.00438 -0.00889839 11
447.301 253.089 2.71407 -3.10287 0.000311223 5.50448 -0.00889839 11
446.801 253.069 2.71407 -3.09658 0.000369652 6.00465 -0.00889839 11
446.301 253.047 2.71407 -3.09081 0.000408411 6.50491 -0.00889839 11
445.801 253.021 2.71407 -3.08557 0.000429214 7.00528 -0.00889839 11
445.302 252.993 2.71407 -3.08084 0.000433769 7.50575 -0.00889839 11
444.802 252.963 2.71407 -3.07664 0.000423767 8.00633 -0.00889839 11
444.302 252.931 2.71407 -3.07294 0.000400881 8.50702 -0.00889839 11
443.803 252.896 2.71407 -3.06977 0.000366764 9.00781 -0.00889839 11
443.303 252.86 2.71407 -3.0671 0.000323047 9.50869 -0.00889839 11
442.804 252.823 2.71407 -3.06495 0.000271339 10.0096 -0.00889839 11
442.304 252.785 2.71407 -3.06331 0.000213229 10.5107 -0.00889839 11
441.804 252.745 2.71407 -3.06218 0.000150285 11.0118 -0.00889839 11
441.305 252.706 2.71407 -3.06155 8.40648e-05 11.5129 -0.00889839 11
440.805 252.666 2.71407 -3.06143 1.61414e-05 12.014 -0.00889839 11
440.306 252.625 2.71407 -3.06181 -5.17997e-05 12.5152 -0.00889839 11
439.806 252.586 2.71407 -3.06269 -0.000117701 13.0163 -0.00889839 11
439.307 252.546 0.00263457 -3.06405 -0.00017869 13.5174 -0.00450528 0
438.807 252.507 0.00263457 -3.06583 -0.000230781 14.0185 -0.00450528 0
438.308 252.469 0.00263457 -3.06798 -0.000269431 14.5195 -0.00450528 0
437.808 252.432 0.00263457 -3.0704 -0.000291348 15.0204 -0.00450528 0
437.308 252.397 0.00263457 -3.07297 -0.000296476 15.5212 -0.00450528 0
436.809 252.363 0.00263457 -3.07559 -0.000288307 16.022 -0.00450528 0
436.309 252.329 0.00263457 -3.07819 -0.000272054 16.5227 -0.00450528 0
435.81 252.298 0.00263457 -3.08074 -0.000252315 17.0234 -0.00450528 0
435.31 252.267 0.00263457 -3.0832 -0.000231926 17.524 -0.00450528 0
434.81 252.238 0.00263457 -3.08558 -0.000212173 18.0245 -0.00450528 0
434.311 252.21 0.00263457 -3.08787 -0.000193477 18.525 -0.00450528 0
433.811 252.183 0.00263457 -3.09006 -0.000175926 19.0254 -0.00450528 0
433.311 252.157 0.00263457 -3.09217 -0.00015951 19.5258 -0.00450528 0
432.811 252.133 0.00263457 -3.09418 -0.000144197 20.0261 -0.00450528 0
432.312 252.109 0.00263457 -3.0961 -0.00012995 20.5264 -0.00450528 0
431.812 252.086 0.00263457 -3.09792 -0.000116731 21.0267 -0.00450528 0
431.312 252.064 0.00263457 -3.09965 -0.000104498 21.5269 -0.00450528 0
430.812 252.043 0.00263457 -3.10128 -9.32104e-05 22.0272 -0.00450528 0
430.313 252.023 0.00263457 -3.10282 -8.28225e-05 22.5273 -0.00450528 0
429.813 252.004 0.00263457 -3.10426 -7.32887e-05 23.0275 -0.00450528 0
429.313 251.985 0.00263457 -3.1056 -6.45615e-05 23.5277 -0.00450528 0
428.813 251.967 0.00263457 -3.10684 -5.65916e-05 24.0278 -0.00450528 0
428.313 251.95 0.00263457 -3.10798 -4.93282e-05 24.5279 -0.00450528 0
427.814 251.933 0.00263457 -3.10902 -4.27189e-05 25.028 -0.00450528 0
427.314 251.917 0.00263457 -3.10996 -3.67097e-05 25.5281 -0.00450528 0
426.814 251.901 0.00263457 -3.1108 -3.12453e-05 26.0282 -0.00450528 0
426.314 251.886 0.00263457 -3.11154 -2.62685e-05 26.5283 -0.00450528 0
425.814 251.871 0.00263457 -3.11217 -2.17211e-05 27.0284 -0.00450528 0
425.314 251.856 0.00263457 -3.1127 -1.75432e-05 27.5285 -0.00450528 0
424.814 251.841 0.00263457 -3.11312 -1.36733e-05 28.0285 -0.00450528 0
424.315 251.827 0.00263457 -3.11344 -1.00487e-05 28.5286 -0.00450528 0
423.815 251.813 0.00263457 -3.11365 -6.6053e-06 29.0287 -0.00450528 0
423.315 251.799 0.00263457 -3.11377 -3.27735e-06 29.5287 -0.00450528 0
422.815 251.785 0.00263457 -3.11377 -1.05562e-06 30.0288 -0.00450528 0
