452.802 253.016 2.71385 3.07644 -2.47915e-09 0 -0.00889749 11
452.301 253.049 2.71385 3.08655 -0.00179919 0.501513 -0.00889749 11
451.801 253.076 2.71385 3.09825 -0.00144298 1.00266 -0.00889749 11
451.301 253.098 2.71385 3.10944 -0.00112269 1.50344 -0.00889749 11
450.801 253.114 2.71385 3.12009 -0.000837207 2.00394 -0.00889749 11
450.3 253.125 2.71385 3.13021 -0.000585261 2.50423 -0.00889749 11
449.8 253.13 2.71385 3.13981 -0.000365442 3.00437 -0.00889749 11
449.3 253.131 2.71385 -3.13432 -0.000176233 3.50443 -0.00889749 11
448.8 253.128 2.71385 -3.1258 -1.60247e-05 4.00443 -0.00889749 11
448.3 253.12 2.71385 -3.11781 0.00011689 4.50444 -0.00889749 11
447.8 253.108 2.71385 -3.11035 0.000224279 5.00447 -0.00889749 11
447.301 253.092 2.71385 -3.10343 0.00030789 5.50455 -0.00889749 11
446.801 253.073 2.71385 -3.09703 0.000369478 6.00472 -0.00889749 11
446.301 253.051 2.71385 -3.09117 0.000410804 6.50497 -0.00889749 11
445.801 253.026 2.71385 -3.08583 0.000433626 7.00533 -0.00889749 11
445.302 252.998 2.71385 -3.08101 0.000439694 7.5058 -0.00889749 11
444.802 252.967 2.71385 -3.07673 0.000430744 8.00638 -0.00889749 11
444.302 252.935 2.71385 -3.07296 0.000408492 8.50706 -0.00889749 11
443.803 252.901 2.71385 -3.06972 0.000374634 9.00785 -0.00889749 11
443.303 252.865 2.71385 -3.06699 0.000330843 9.50873 -0.00889749 11
442.804 252.827 2.71385 -3.06479 0.00027877 10.0097 -0.00889749 11
442.304 252.789 2.71385 -3.0631 0.000220046 10.5107 -0.00889749 11
441.804 252.75 2.71385 -3.06192 0.00015628 11.0118 -0.00889749 11
441.305 252.71 2.71385 -3.06126 8.90699e-05 11.5129 -0.00889749 11
440.805 252.669 2.71385 -3.06112 2.00284e-05 12.0141 -0.00889749 11
440.306 252.629 2.71385 -3.06148 -4.91168e-05 12.5152 -0.00889749 11
439.806 252.589 2.71385 -3.06234 -0.000116261 13.0164 -0.00889749 11
439.307 252.549 0.00241689 -3.06368 -0.000178471 13.5175 0.000462977 0
438.807 252.51 0.00241689 -3.06547 -0.000231681 14.0186 0.000462977 0
438.308 252.472 0.00241689 -3.06762 -0.000271253 14.5196 0.000462977 0
437.808 252.435 0.00241689 -3.07004 -0.00029382 15.0205 0.000462977 0
437.308 252.399 0.00241689 -3.07262 -0.000299301 15.5214 0.000462977 0
436.809 252.365 0.00241689 -3.07525 -0.000291233 16.0222 0.000462977 0
436.309 252.332 0.00241689 -3.07786 -0.000274912 16.5229 0.000462977 0
435.81 252.3 0.00241689 -3.08042 -0.00025502 17.0236 0.000462977 0
435.31 252.269 0.00241689 -3.08289 -0.000234449 17.5242 0.000462977 0
434.81 252.24 0.00241689 -3.08528 -0.000214509 18.0247 0.000462977 0
434.311 252.212 0.00241689 -3.08758 -0.000195633 18.5252 0.000462977 0
433.811 252.185 0.00241689 -3.08979 -0.000177912 19.0256 0.000462977 0
433.311 252.159 0.00241689 -3.0919 -0.000161335 19.526 0.000462977 0
432.811 252.134 0.00241689 -3.09392 -0.00014587 20.0263 0.000462977 0
432.312 252.11 0.00241689 -3.09584 -0.000131481 20.5267 0.000462977 0
431.812 252.087 0.00241689 -3.09768 -0.000118129 21.0269 0.000462977 0
431.312 252.065 0.00241689 -3.09941 -0.000105771 21.5272 0.000462977 0
430.812 252.044 0.00241689 -3.10105 -9.43661e-05 22.0274 0.000462977 0
430.313 252.024 0.00241689 -3.10259 -8.38686e-05 22.5276 0.000462977 0
429.813 252.004 0.00241689 -3.10404 -7.42324e-05 23.0278 0.000462977 0
429.313 251.986 0.00241689 -3.10538 -6.54095e-05 23.5279 0.000462977 0
428.813 251.968 0.00241689 -3.10663 -5.73502e-05 24.0281 0.000462977 0
428.313 251.95 0.00241689 -3.10777 -5.00031e-05 24.5282 0.000462977 0
427.814 251.933 0.00241689 -3.10882 -4.33155e-05 25.0283 0.000462977 0
427.314 251.917 0.00241689 -3.10976 -3.72329e-05 25.5284 0.000462977 0
426.814 251.901 0.00241689 -3.11061 -3.16994e-05 26.0285 0.000462977 0
426.314 251.885 0.00241689 -3.11134 -2.66575e-05 26.5286 0.000462977 0
425.814 251.87 0.00241689 -3.11198 -2.20484e-05 27.0287 0.000462977 0
425.314 251.855 0.00241689 -3.11251 -1.78116e-05 27.5287 0.000462977 0
424.814 251.841 0.00241689 -3.11294 -1.38853e-05 28.0288 0.000462977 0
424.315 251.827 0.00241689 -3.11326 -1.02062e-05 28.5289 0.000462977 0
423.815 251.812 0.00241689 -3.11347 -6.70961e-06 29.0289 0.000462977 0
423.315 251.798 0.00241689 -3.11358 -3.32935e-06 29.529 0.000462977 0
422.815 251.784 0.00241689 -3.11358 -1.07241e-06 30.029 0.000462977 0
