452.802 252.992 2.71394 3.07631 2.97502e-13 0 -0.00889786 11
452.302 253.025 2.71394 3.08627 -0.00177955 0.501519 -0.00889786 11
451.801 253.053 2.71394 3.09782 -0.00143197 1.00267 -0.00889786 11
451.301 253.075 2.71394 3.10886 -0.00111917 1.50347 -0.00889786 11
450.801 253.091 2.71394 3.11938 -0.000840088 2.00398 -0.00889786 11
450.301 253.102 2.71394 3.12938 -0.000593485 2.50428 -0.00889786 11
449.801 253.108 2.71394 3.13885 -0.000378008 3.00444 -0.00889786 11
449.3 253.11 2.71394 -3.13538 -0.000192193 3.50449 -0.00889786 11
448.8 253.107 2.71394 -3.12695 -3.44978e-05 4.0045 -0.00889786 11
448.301 253.099 2.71394 -3.11905 9.66855e-05 4.50451 -0.00889786 11
447.801 253.088 2.71394 -3.11167 0.000203009 5.00453 -0.00889786 11
447.301 253.073 2.71394 -3.10482 0.000286156 5.50461 -0.00889786 11
446.801 253.055 2.71394 -3.09849 0.000347827 6.00475 -0.00889786 11
446.301 253.033 2.71394 -3.09267 0.000389729 6.50499 -0.00889786 11
445.801 253.009 2.71394 -3.08738 0.000413569 7.00532 -0.00889786 11
445.302 252.982 2.71394 -3.08261 0.000421044 7.50575 -0.00889786 11
444.802 252.952 2.71394 -3.07835 0.000413837 8.00629 -0.00889786 11
444.302 252.92 2.71394 -3.07461 0.000393616 8.50693 -0.00889786 11
443.803 252.887 2.71394 -3.07139 0.000362025 9.00767 -0.00889786 11
443.303 252.852 2.71394 -3.06867 0.000320692 9.50851 -0.00889786 11
442.804 252.815 2.71394 -3.06647 0.000271218 10.0094 -0.00889786 11
442.304 252.778 2.71394 -3.06477 0.000215189 10.5104 -0.00889786 11
441.805 252.739 2.71394 -3.06358 0.000154167 11.0114 -0.00889786 11
441.305 252.7 2.71394 -3.0629 8.97067e-05 11.5125 -0.00889786 11
440.805 252.661 2.71394 -3.06272 2.33732e-05 12.0136 -0.00889786 11
440.306 252.621 2.71394 -3.06305 -4.31566e-05 12.5147 -0.00889786 11
439.806 252.582 2.71394 -3.06387 -0.000107845 13.0158 -0.00889786 11
439.307 252.543 0.00221852 -3.06516 -0.000167859 13.5169 -0.00173356 0
438.807 252.505 0.00221852 -3.06689 -0.000219275 14.0179 -0.00173356 0
438.308 252.467 0.00221852 -3.06898 -0.000257621 14.5188 -0.00173356 0
437.808 252.431 0.00221852 -3.07133 -0.000279634 15.0197 -0.00173356 0
437.309 252.396 0.00221852 -3.07384 -0.000285219 15.5206 -0.00173356 0
436.809 252.362 0.00221852 -3.07641 -0.000277754 16.0213 -0.00173356 0
436.309 252.329 0.00221852 -3.07896 -0.000262325 16.522 -0.00173356 0
435.81 252.298 0.00221852 -3.08145 -0.000243434 17.0227 -0.00173356 0
435.31 252.268 0.00221852 -3.08386 -0.000223865 17.5232 -0.00173356 0
434.81 252.239 0.00221852 -3.08619 -0.000204883 18.0237 -0.00173356 0
434.311 252.211 0.00221852 -3.08844 -0.000186908 18.5242 -0.00173356 0
433.811 252.185 0.00221852 -3.09059 -0.000170026 19.0246 -0.00173356 0
433.311 252.159 0.00221852 -3.09265 -0.00015423 19.525 -0.00173356 0
432.811 252.135 0.00221852 -3.09462 -0.00013949 20.0253 -0.00173356 0
432.312 252.111 0.00221852 -3.0965 -0.00012577 20.5256 -0.00173356 0
431.812 252.089 0.00221852 -3.09829 -0.000113035 21.0259 -0.00173356 0
431.312 252.067 0.00221852 -3.09998 -0.000101244 21.5261 -0.00173356 0
430.812 252.046 0.00221852 -3.10158 -9.03589e-05 22.0263 -0.00173356 0
430.313 252.026 0.00221852 -3.10309 -8.0336e-05 22.5265 -0.00173356 0
429.813 252.007 0.00221852 -3.1045 -7.11318e-05 23.0267 -0.00173356 0
429.313 251.988 0.00221852 -3.10581 -6.2701e-05 23.5268 -0.00173356 0
428.813 251.971 0.00221852 -3.10703 -5.49963e-05 24.027 -0.00173356 0
428.313 251.953 0.00221852 -3.10815 -4.79692e-05 24.5271 -0.00173356 0
427.814 251.937 0.00221852 -3.10917 -4.15696e-05 25.0272 -0.00173356 0
427.314 251.92 0.00221852 -3.11009 -3.57457e-05 25.5273 -0.00173356 0
426.814 251.905 0.00221852 -3.11091 -3.04446e-05 26.0274 -0.00173356 0
426.314 251.889 0.00221852 -3.11164 -2.56115e-05 26.5275 -0.00173356 0
425.814 251.874 0.00221852 -3.11226 -2.11904e-05 27.0275 -0.00173356 0
425.314 251.86 0.00221852 -3.11278 -1.71239e-05 27.5276 -0.00173356 0
424.814 251.845 0.00221852 -3.11319 -1.33529e-05 28.0277 -0.00173356 0
424.315 251.831 0.00221852 -3.1135 -9.81728e-06 28.5277 -0.00173356 0
423.815 251.817 0.00221852 -3.11371 -6.4552e-06 29.0278 -0.00173356 0
423.315 251.803 0.00221852 -3.11382 -3.20356e-06 29.5279 -0.00173356 0
422.815 251.789 0.00221852 -3.11382 -1.03196e-06 30.0279 -0.00173356 0
