452.802 253.016 2.71396 3.07648 3.00341e-13 0 -0.00889793 11
452.301 253.048 2.71396 3.08676 -0.00182942 0.501512 -0.00889793 11
451.801 253.076 2.71396 3.09865 -0.0014577 1.00265 -0.00889793 11
451.301 253.097 2.71396 3.10997 -0.00112559 1.50342 -0.00889793 11
450.801 253.113 2.71396 3.12072 -0.00083173 2.00391 -0.00889793 11
450.3 253.123 2.71396 3.13088 -0.000574584 2.50419 -0.00889793 11
449.8 253.129 2.71396 3.14047 -0.000352463 3.00432 -0.00889793 11
449.3 253.129 2.71396 -3.1337 -0.000163555 3.50437 -0.00889793 11
448.8 253.125 2.71396 -3.12525 -5.8886e-06 4.00438 -0.00889793 11
448.3 253.117 2.71396 -3.11735 0.000123668 4.50438 -0.00889793 11
447.8 253.105 2.71396 -3.10997 0.000228118 5.00441 -0.00889793 11
447.301 253.089 2.71396 -3.10312 0.00030925 5.5045 -0.00889793 11
446.801 253.07 2.71396 -3.0968 0.00036879 6.00467 -0.00889793 11
446.301 253.048 2.71396 -3.091 0.00040847 6.50493 -0.00889793 11
445.801 253.022 2.71396 -3.08572 0.000430019 7.00529 -0.00889793 11
445.302 252.994 2.71396 -3.08096 0.000435157 7.50576 -0.00889793 11
444.802 252.964 2.71396 -3.07673 0.000425589 8.00634 -0.00889793 11
444.302 252.932 2.71396 -3.07301 0.000403002 8.50703 -0.00889793 11
443.803 252.897 2.71396 -3.06981 0.000369061 9.00781 -0.00889793 11
443.303 252.861 2.71396 -3.06713 0.00032541 9.50869 -0.00889793 11
442.804 252.824 2.71396 -3.06496 0.000273672 10.0096 -0.00889793 11
442.304 252.786 2.71396 -3.0633 0.000215447 10.5107 -0.00889793 11
441.804 252.746 2.71396 -3.06215 0.000152318 11.0118 -0.00889793 11
441.305 252.707 2.71396 -3.06151 8.58534e-05 11.5129 -0.00889793 11
440.805 252.667 2.71396 -3.06138 1.76394e-05 12.014 -0.00889793 11
440.306 252.626 2.71396 -3.06176 -5.06258e-05 12.5152 -0.00889793 11
439.806 252.587 2.71396 -3.06263 -0.00011687 13.0163 -0.00889793 11
439.307 252.547 0.00351473 -3.06397 -0.000178206 13.5174 -0.00327463 0
438.807 252.508 0.00351473 -3.06576 -0.000230622 14.0185 -0.00327463 0
438.308 252.47 0.00351473 -3.06791 -0.00026955 14.5195 -0.00327463 0
437.808 252.433 0.00351473 -3.07032 -0.000291674 15.0204 -0.00327463 0
437.308 252.398 0.00351473 -3.07289 -0.00029693 15.5213 -0.00327463 0
436.809 252.363 0.00351473 -3.07551 -0.00028882 16.0221 -0.00327463 0
436.309 252.33 0.00351473 -3.07812 -0.000272577 16.5228 -0.00327463 0
435.81 252.298 0.00351473 -3.08066 -0.000252822 17.0234 -0.00327463 0
435.31 252.268 0.00351473 -3.08313 -0.000232408 17.524 -0.00327463 0
434.81 252.239 0.00351473 -3.08551 -0.000212626 18.0245 -0.00327463 0
434.311 252.211 0.00351473 -3.0878 -0.000193901 18.525 -0.00327463 0
433.811 252.184 0.00351473 -3.09 -0.000176322 19.0254 -0.00327463 0
433.311 252.158 0.00351473 -3.0921 -0.00015988 19.5258 -0.00327463 0
432.811 252.133 0.00351473 -3.09412 -0.000144541 20.0262 -0.00327463 0
432.312 252.109 0.00351473 -3.09603 -0.00013027 20.5265 -0.00327463 0
431.812 252.087 0.00351473 -3.09786 -0.000117027 21.0267 -0.00327463 0
431.312 252.065 0.00351473 -3.09959 -0.000104772 21.527 -0.00327463 0
430.812 252.044 0.00351473 -3.10122 -9.3463e-05 22.0272 -0.00327463 0
430.313 252.024 0.00351473 -3.10276 -8.30547e-05 22.5274 -0.00327463 0
429.813 252.004 0.00351473 -3.1042 -7.35015e-05 23.0276 -0.00327463 0
429.313 251.985 0.00351473 -3.10554 -6.47557e-05 23.5277 -0.00327463 0
428.813 251.967 0.00351473 -3.10678 -5.67679e-05 24.0279 -0.00327463 0
428.313 251.95 0.00351473 -3.10792 -4.94873e-05 24.528 -0.00327463 0
427.814 251.933 0.00351473 -3.10896 -4.28615e-05 25.0281 -0.00327463 0
427.314 251.917 0.00351473 -3.1099 -3.68365e-05 25.5282 -0.00327463 0
426.814 251.901 0.00351473 -3.11074 -3.13566e-05 26.0283 -0.00327463 0
426.314 251.886 0.00351473 -3.11148 -2.6365e-05 26.5284 -0.00327463 0
425.814 251.871 0.00351473 -3.11211 -2.18032e-05 27.0284 -0.00327463 0
425.314 251.856 0.00351473 -3.11264 -1.7611e-05 27.5285 -0.00327463 0
424.814 251.841 0.00351473 -3.11307 -1.37273e-05 28.0286 -0.00327463 0
424.315 251.827 0.00351473 -3.11339 -1.00891e-05 28.5286 -0.00327463 0
423.815 251.813 0.00351473 -3.1136 -6.63216e-06 29.0287 -0.00327463 0
423.315 251.799 0.00351473 -3.11371 -3.29078e-06 29.5288 -0.00327463 0
422.815 251.785 0.00351473 -3.11371 -1.05996e-06 30.0288 -0.00327463 0
