452.802 253.017 2.71413 3.07646 -2.34963e-09 0 -0.00889863 11
452.301 253.049 2.71413 3.08664 -0.00181223 0.501513 -0.00889863 11
451.801 253.077 2.71413 3.09843 -0.00144952 1.00265 -0.00889863 11
451.301 253.098 2.71413 3.10967 -0.00112418 1.50343 -0.00889863 11
450.801 253.114 2.71413 3.12037 -0.000835053 2.00393 -0.00889863 11
450.3 253.125 2.71413 3.13051 -0.000580768 2.50421 -0.00889863 11
449.8 253.13 2.71413 3.14011 -0.000359805 3.00435 -0.00889863 11
449.3 253.131 2.71413 -3.13403 -0.000170528 3.5044 -0.00889863 11
448.8 253.127 2.71413 -3.12553 -1.11915e-05 4.00441 -0.00889863 11
448.3 253.119 2.71413 -3.11758 0.000120418 4.50441 -0.00889863 11
447.8 253.107 2.71413 -3.11015 0.000226614 5.00444 -0.00889863 11
447.301 253.092 2.71413 -3.10325 0.000309217 5.50453 -0.00889863 11
446.801 253.072 2.71413 -3.09688 0.000369965 6.0047 -0.00889863 11
446.301 253.05 2.71413 -3.09104 0.000410606 6.50496 -0.00889863 11
445.801 253.025 2.71413 -3.08573 0.000432887 7.00532 -0.00889863 11
445.302 252.997 2.71413 -3.08094 0.000438546 7.50579 -0.00889863 11
444.802 252.967 2.71413 -3.07667 0.000429305 8.00637 -0.00889863 11
444.302 252.934 2.71413 -3.07292 0.000406869 8.50705 -0.00889863 11
443.803 252.9 2.71413 -3.0697 0.000372922 9.00784 -0.00889863 11
443.303 252.864 2.71413 -3.06699 0.000329126 9.50872 -0.00889863 11
442.804 252.826 2.71413 -3.06479 0.00027712 10.0097 -0.00889863 11
442.304 252.788 2.71413 -3.06311 0.000218524 10.5107 -0.00889863 11
441.804 252.749 2.71413 -3.06195 0.000154936 11.0118 -0.00889863 11
441.305 252.709 2.71413 -3.0613 8.7944e-05 11.5129 -0.00889863 11
440.805 252.669 2.71413 -3.06116 1.91504e-05 12.0141 -0.00889863 11
440.306 252.628 2.71413 -3.06152 -4.97279e-05 12.5152 -0.00889863 11
439.806 252.588 2.71413 -3.06239 -0.000116597 13.0164 -0.00889863 11
439.307 252.549 0.00125363 -3.06373 -0.000178541 13.5175 -0.00386706 0
438.807 252.51 0.00125363 -3.06552 -0.000231508 14.0186 -0.00386706 0
438.308 252.472 0.00125363 -3.06767 -0.000270885 14.5196 -0.00386706 0
437.808 252.435 0.00125363 -3.07009 -0.000293319 15.0205 -0.00386706 0
437.308 252.399 0.00125363 -3.07266 -0.000298738 15.5214 -0.00386706 0
436.809 252.364 0.00125363 -3.07529 -0.000290665 16.0222 -0.00386706 0
436.309 252.331 0.00125363 -3.0779 -0.00027438 16.5229 -0.00386706 0
435.81 252.299 0.00125363 -3.08045 -0.00025454 17.0236 -0.00386706 0
435.31 252.269 0.00125363 -3.08293 -0.000234026 17.5241 -0.00386706 0
434.81 252.239 0.00125363 -3.08531 -0.000214142 18.0247 -0.00386706 0
434.311 252.211 0.00125363 -3.08761 -0.000195318 18.5252 -0.00386706 0
433.811 252.184 0.00125363 -3.08981 -0.000177642 19.0256 -0.00386706 0
433.311 252.158 0.00125363 -3.09192 -0.000161105 19.526 -0.00386706 0
432.811 252.133 0.00125363 -3.09394 -0.000145676 20.0263 -0.00386706 0
432.312 252.11 0.00125363 -3.09587 -0.000131318 20.5266 -0.00386706 0
431.812 252.087 0.00125363 -3.0977 -0.000117992 21.0269 -0.00386706 0
431.312 252.065 0.00125363 -3.09943 -0.000105658 21.5271 -0.00386706 0
430.812 252.044 0.00125363 -3.10107 -9.42727e-05 22.0274 -0.00386706 0
430.313 252.023 0.00125363 -3.10261 -8.37919e-05 22.5276 -0.00386706 0
429.813 252.004 0.00125363 -3.10406 -7.41697e-05 23.0277 -0.00386706 0
429.313 251.985 0.00125363 -3.1054 -6.53585e-05 23.5279 -0.00386706 0
428.813 251.967 0.00125363 -3.10665 -5.73088e-05 24.028 -0.00386706 0
428.313 251.95 0.00125363 -3.10779 -4.99696e-05 24.5282 -0.00386706 0
427.814 251.933 0.00125363 -3.10884 -4.32885e-05 25.0283 -0.00386706 0
427.314 251.916 0.00125363 -3.10978 -3.72113e-05 25.5284 -0.00386706 0
426.814 251.9 0.00125363 -3.11063 -3.16822e-05 26.0285 -0.00386706 0
426.314 251.885 0.00125363 -3.11137 -2.66441e-05 26.5285 -0.00386706 0
425.814 251.87 0.00125363 -3.112 -2.20381e-05 27.0286 -0.00386706 0
425.314 251.855 0.00125363 -3.11253 -1.7804e-05 27.5287 -0.00386706 0
424.814 251.84 0.00125363 -3.11296 -1.388e-05 28.0288 -0.00386706 0
424.315 251.826 0.00125363 -3.11328 -1.02028e-05 28.5288 -0.00386706 0
423.815 251.812 0.00125363 -3.11349 -6.7077e-06 29.0289 -0.00386706 0
423.315 251.798 0.00125363 -3.11361 -3.32835e-06 29.529 -0.00386706 0
422.815 251.784 0.00125363 -3.11361 -1.07161e-06 30.029 -0.00386706 0
