452.802 253.018 2.71371 3.07654 3.00633e-13 0 -0.00889695 11
452.301 253.05 2.71371 3.08703 -0.00186429 0.50151 -0.00889695 11
451.801 253.078 2.71371 3.09913 -0.00147469 1.00264 -0.00889695 11
451.301 253.099 2.71371 3.11061 -0.0011289 1.5034 -0.00889695 11
450.801 253.115 2.71371 3.12147 -0.000825285 2.00387 -0.00889695 11
450.3 253.125 2.71371 3.1317 -0.000562002 2.50414 -0.00889695 11
449.8 253.13 2.71371 3.14131 -0.000337021 3.00426 -0.00889695 11
449.3 253.13 2.71371 -3.1329 -0.000148179 3.50431 -0.00889695 11
448.8 253.125 2.71371 -3.12453 6.95321e-06 4.00431 -0.00889695 11
448.3 253.117 2.71371 -3.1167 0.000133115 4.50431 -0.00889695 11
447.8 253.104 2.71371 -3.1094 0.00023456 5.00435 -0.00889695 11
447.301 253.088 2.71371 -3.10263 0.000313109 5.50445 -0.00889695 11
446.801 253.069 2.71371 -3.09637 0.000370462 6.00462 -0.00889695 11
446.301 253.046 2.71371 -3.09064 0.000408328 6.50489 -0.00889695 11
445.801 253.021 2.71371 -3.08542 0.000428409 7.00526 -0.00889695 11
445.302 252.993 2.71371 -3.08073 0.000432399 7.50573 -0.00889695 11
444.802 252.962 2.71371 -3.07654 0.000421978 8.00632 -0.00889695 11
444.302 252.93 2.71371 -3.07288 0.000398805 8.50701 -0.00889695 11
443.803 252.895 2.71371 -3.06972 0.000364519 9.0078 -0.00889695 11
443.303 252.859 2.71371 -3.06708 0.00032074 9.50868 -0.00889695 11
442.804 252.822 2.71371 -3.06495 0.000269063 10.0096 -0.00889695 11
442.304 252.784 2.71371 -3.06332 0.000211066 10.5107 -0.00889695 11
441.804 252.744 2.71371 -3.0622 0.000148303 11.0117 -0.00889695 11
441.305 252.705 2.71371 -3.06159 8.2322e-05 11.5129 -0.00889695 11
440.805 252.665 2.71371 -3.06148 1.46822e-05 12.014 -0.00889695 11
440.306 252.624 2.71371 -3.06187 -5.29427e-05 12.5152 -0.00889695 11
439.806 252.585 2.71371 -3.06276 -0.000118508 13.0163 -0.00889695 11
439.307 252.545 0.00305035 -3.06411 -0.000179161 13.5174 0.00219414 0
438.807 252.506 0.00305035 -3.06591 -0.000230935 14.0184 0.00219414 0
438.308 252.468 0.00305035 -3.06806 -0.000269315 14.5194 0.00219414 0
437.808 252.432 0.00305035 -3.07047 -0.00029103 15.0204 0.00219414 0
437.309 252.396 0.00305035 -3.07304 -0.000296034 15.5212 0.00219414 0
436.809 252.362 0.00305035 -3.07566 -0.000287808 16.022 0.00219414 0
436.309 252.329 0.00305035 -3.07827 -0.000271544 16.5227 0.00219414 0
435.81 252.297 0.00305035 -3.08081 -0.00025182 17.0234 0.00219414 0
435.31 252.267 0.00305035 -3.08327 -0.000231457 17.5239 0.00219414 0
434.81 252.238 0.00305035 -3.08565 -0.000211732 18.0245 0.00219414 0
434.311 252.21 0.00305035 -3.08793 -0.000193064 18.5249 0.00219414 0
433.811 252.183 0.00305035 -3.09013 -0.000175541 19.0254 0.00219414 0
433.311 252.157 0.00305035 -3.09223 -0.00015915 19.5257 0.00219414 0
432.811 252.132 0.00305035 -3.09424 -0.000143862 20.0261 0.00219414 0
432.312 252.109 0.00305035 -3.09616 -0.000129639 20.5264 0.00219414 0
431.812 252.086 0.00305035 -3.09798 -0.000116442 21.0267 0.00219414 0
431.312 252.064 0.00305035 -3.09971 -0.000104232 21.5269 0.00219414 0
430.812 252.043 0.00305035 -3.10134 -9.29642e-05 22.0271 0.00219414 0
430.313 252.023 0.00305035 -3.10288 -8.25961e-05 22.5273 0.00219414 0
429.813 252.004 0.00305035 -3.10432 -7.30814e-05 23.0275 0.00219414 0
429.313 251.985 0.00305035 -3.10565 -6.43723e-05 23.5276 0.00219414 0
428.813 251.967 0.00305035 -3.1069 -5.64198e-05 24.0278 0.00219414 0
428.313 251.95 0.00305035 -3.10804 -4.91732e-05 24.5279 0.00219414 0
427.814 251.933 0.00305035 -3.10908 -4.25799e-05 25.028 0.00219414 0
427.314 251.917 0.00305035 -3.11002 -3.65862e-05 25.5281 0.00219414 0
426.814 251.901 0.00305035 -3.11085 -3.11367e-05 26.0282 0.00219414 0
426.314 251.885 0.00305035 -3.11159 -2.61745e-05 26.5283 0.00219414 0
425.814 251.87 0.00305035 -3.11222 -2.16412e-05 27.0283 0.00219414 0
425.314 251.856 0.00305035 -3.11275 -1.7477e-05 27.5284 0.00219414 0
424.814 251.841 0.00305035 -3.11317 -1.36207e-05 28.0285 0.00219414 0
424.315 251.827 0.00305035 -3.11349 -1.00094e-05 28.5285 0.00219414 0
423.815 251.813 0.00305035 -3.11371 -6.57912e-06 29.0286 0.00219414 0
423.315 251.799 0.00305035 -3.11382 -3.26426e-06 29.5287 0.00219414 0
422.815 251.785 0.00305035 -3.11382 -1.05138e-06 30.0287 0.00219414 0
