452.802 253.018 2.71368 3.07646 -1.77335e-10 0 -0.00889682 11
452.301 253.051 2.71368 3.08686 -0.00185062 0.501513 -0.00889682 11
451.801 253.078 2.71368 3.09887 -0.00146902 1.00265 -0.00889682 11
451.301 253.1 2.71368 3.11029 -0.00112918 1.50341 -0.00889682 11
450.801 253.115 2.71368 3.12111 -0.000829636 2.00389 -0.00889682 11
450.3 253.126 2.71368 3.13132 -0.000568709 2.50417 -0.00889682 11
449.8 253.131 2.71368 3.14094 -0.000344536 3.0043 -0.00889682 11
449.3 253.131 2.71368 -3.13324 -0.000155135 3.50434 -0.00889682 11
448.8 253.127 2.71368 -3.12481 1.70415e-06 4.00434 -0.00889682 11
448.3 253.118 2.71368 -3.11694 0.000129754 4.50435 -0.00889682 11
447.8 253.106 2.71368 -3.1096 0.000232736 5.00439 -0.00889682 11
447.301 253.09 2.71368 -3.10278 0.000312594 5.50448 -0.00889682 11
446.801 253.071 2.71368 -3.09649 0.000371028 6.00465 -0.00889682 11
446.301 253.048 2.71368 -3.09072 0.00040976 6.50492 -0.00889682 11
445.801 253.023 2.71368 -3.08547 0.00043051 7.00528 -0.00889682 11
445.302 252.995 2.71368 -3.08074 0.000434987 7.50576 -0.00889682 11
444.802 252.964 2.71368 -3.07653 0.000424884 8.00634 -0.00889682 11
444.302 252.932 2.71368 -3.07284 0.000401877 8.50703 -0.00889682 11
443.803 252.897 2.71368 -3.06966 0.000367622 9.00782 -0.00889682 11
443.303 252.861 2.71368 -3.067 0.000323752 9.50871 -0.00889682 11
442.804 252.824 2.71368 -3.06484 0.000271879 10.0097 -0.00889682 11
442.304 252.785 2.71368 -3.0632 0.000213594 10.5107 -0.00889682 11
441.804 252.746 2.71368 -3.06207 0.000150469 11.0118 -0.00889682 11
441.305 252.706 2.71368 -3.06144 8.40651e-05 11.5129 -0.00889682 11
440.805 252.666 2.71368 -3.06132 1.59577e-05 12.0141 -0.00889682 11
440.306 252.626 2.71368 -3.06171 -5.21637e-05 12.5152 -0.00889682 11
439.806 252.586 2.71368 -3.06259 -0.000118236 13.0163 -0.00889682 11
439.307 252.547 0.00183328 -3.06395 -0.000179382 13.5174 0.00445302 0
438.807 252.508 0.00183328 -3.06574 -0.000231601 14.0185 0.00445302 0
438.308 252.47 0.00183328 -3.06789 -0.000270341 14.5195 0.00445302 0
437.808 252.433 0.00183328 -3.07031 -0.000292299 15.0204 0.00445302 0
437.308 252.397 0.00183328 -3.07289 -0.000297421 15.5213 0.00445302 0
436.809 252.363 0.00183328 -3.07551 -0.000289208 16.0221 0.00445302 0
436.309 252.33 0.00183328 -3.07812 -0.000272891 16.5228 0.00445302 0
435.81 252.298 0.00183328 -3.08067 -0.00025308 17.0235 0.00445302 0
435.31 252.267 0.00183328 -3.08314 -0.00023262 17.524 0.00445302 0
434.81 252.238 0.00183328 -3.08552 -0.0002128 18.0246 0.00445302 0
434.311 252.21 0.00183328 -3.08781 -0.000194042 18.525 0.00445302 0
433.811 252.183 0.00183328 -3.09001 -0.000176434 19.0255 0.00445302 0
433.311 252.157 0.00183328 -3.09212 -0.000159965 19.5259 0.00445302 0
432.811 252.133 0.00183328 -3.09413 -0.000144604 20.0262 0.00445302 0
432.312 252.109 0.00183328 -3.09605 -0.000130314 20.5265 0.00445302 0
431.812 252.086 0.00183328 -3.09788 -0.000117055 21.0268 0.00445302 0
431.312 252.064 0.00183328 -3.09961 -0.000104787 21.527 0.00445302 0
430.812 252.043 0.00183328 -3.10124 -9.34662e-05 22.0272 0.00445302 0
430.313 252.023 0.00183328 -3.10278 -8.30487e-05 22.5274 0.00445302 0
429.813 252.004 0.00183328 -3.10422 -7.34881e-05 23.0276 0.00445302 0
429.313 251.985 0.00183328 -3.10556 -6.47367e-05 23.5278 0.00445302 0
428.813 251.967 0.00183328 -3.10681 -5.67449e-05 24.0279 0.00445302 0
428.313 251.95 0.00183328 -3.10795 -4.94618e-05 24.528 0.00445302 0
427.814 251.933 0.00183328 -3.10899 -4.28346e-05 25.0281 0.00445302 0
427.314 251.917 0.00183328 -3.10993 -3.68092e-05 25.5282 0.00445302 0
426.814 251.901 0.00183328 -3.11077 -3.13301e-05 26.0283 0.00445302 0
426.314 251.885 0.00183328 -3.11151 -2.634e-05 26.5284 0.00445302 0
425.814 251.87 0.00183328 -3.11214 -2.17804e-05 27.0285 0.00445302 0
425.314 251.856 0.00183328 -3.11267 -1.75911e-05 27.5285 0.00445302 0
424.814 251.841 0.00183328 -3.1131 -1.37107e-05 28.0286 0.00445302 0
424.315 251.827 0.00183328 -3.11342 -1.00763e-05 28.5287 0.00445302 0
423.815 251.813 0.00183328 -3.11363 -6.62335e-06 29.0287 0.00445302 0
423.315 251.799 0.00183328 -3.11374 -3.28619e-06 29.5288 0.00445302 0
422.815 251.785 0.00183328 -3.11374 -1.05818e-06 30.0289 0.00445302 0
