452.802 253.018 2.71375 3.07655 -7.74621e-10 0 -0.00889713 11
452.301 253.051 2.71375 3.08692 -0.00184382 0.501509 -0.00889713 11
451.801 253.078 2.71375 3.0989 -0.00146448 1.00264 -0.00889713 11
451.301 253.1 2.71375 3.1103 -0.00112645 1.50341 -0.00889713 11
450.801 253.115 2.71375 3.1211 -0.000828291 2.00389 -0.00889713 11
450.3 253.126 2.71375 3.1313 -0.000568342 2.50416 -0.00889713 11
449.8 253.131 2.71375 3.14091 -0.000344782 3.00429 -0.00889713 11
449.3 253.131 2.71375 -3.13327 -0.000155667 3.50433 -0.00889713 11
448.8 253.127 2.71375 -3.12484 1.21711e-06 4.00434 -0.00889713 11
448.3 253.119 2.71375 -3.11696 0.000129484 4.50434 -0.00889713 11
447.8 253.106 2.71375 -3.10961 0.00023265 5.00438 -0.00889713 11
447.301 253.09 2.71375 -3.10279 0.000312659 5.50447 -0.00889713 11
446.801 253.071 2.71375 -3.09649 0.000371214 6.00465 -0.00889713 11
446.301 253.048 2.71375 -3.09072 0.00041004 6.50491 -0.00889713 11
445.801 253.023 2.71375 -3.08547 0.000430856 7.00528 -0.00889713 11
445.302 252.995 2.71375 -3.08073 0.000435376 7.50575 -0.00889713 11
444.802 252.964 2.71375 -3.07652 0.000425296 8.00634 -0.00889713 11
444.302 252.932 2.71375 -3.07282 0.000402293 8.50703 -0.00889713 11
443.803 252.897 2.71375 -3.06964 0.000368026 9.00782 -0.00889713 11
443.303 252.861 2.71375 -3.06698 0.00032413 9.5087 -0.00889713 11
442.804 252.824 2.71375 -3.06482 0.00027222 10.0097 -0.00889713 11
442.304 252.786 2.71375 -3.06318 0.000213888 10.5107 -0.00889713 11
441.804 252.746 2.71375 -3.06204 0.00015071 11.0118 -0.00889713 11
441.305 252.707 2.71375 -3.06142 8.42464e-05 11.5129 -0.00889713 11
440.805 252.666 2.71375 -3.0613 1.60759e-05 12.0141 -0.00889713 11
440.306 252.626 2.71375 -3.06168 -5.21102e-05 12.5152 -0.00889713 11
439.806 252.586 2.71375 -3.06256 -0.000118247 13.0163 -0.00889713 11
439.307 252.547 0.00146427 -3.06392 -0.000179454 13.5174 0.00337952 0
438.807 252.508 0.00146427 -3.06571 -0.000231727 14.0185 0.00337952 0
438.308 252.47 0.00146427 -3.06787 -0.00027051 14.5195 0.00337952 0
437.808 252.433 0.00146427 -3.07029 -0.000292498 15.0204 0.00337952 0
437.308 252.397 0.00146427 -3.07286 -0.000297635 15.5213 0.00337952 0
436.809 252.363 0.00146427 -3.07549 -0.000289426 16.0221 0.00337952 0
436.309 252.33 0.00146427 -3.0781 -0.000273105 16.5228 0.00337952 0
435.81 252.298 0.00146427 -3.08065 -0.000253285 17.0235 0.00337952 0
435.31 252.268 0.00146427 -3.08312 -0.000232815 17.5241 0.00337952 0
434.81 252.238 0.00146427 -3.0855 -0.000212983 18.0246 0.00337952 0
434.311 252.21 0.00146427 -3.08779 -0.000194214 18.5251 0.00337952 0
433.811 252.183 0.00146427 -3.08999 -0.000176594 19.0255 0.00337952 0
433.311 252.157 0.00146427 -3.0921 -0.000160114 19.5259 0.00337952 0
432.811 252.133 0.00146427 -3.09412 -0.000144741 20.0262 0.00337952 0
432.312 252.109 0.00146427 -3.09604 -0.000130439 20.5265 0.00337952 0
431.812 252.086 0.00146427 -3.09786 -0.000117169 21.0268 0.00337952 0
431.312 252.064 0.00146427 -3.0996 -0.00010489 21.527 0.00337952 0
430.812 252.043 0.00146427 -3.10123 -9.3559e-05 22.0272 0.00337952 0
430.313 252.023 0.00146427 -3.10277 -8.31317e-05 22.5274 0.00337952 0
429.813 252.004 0.00146427 -3.10421 -7.35619e-05 23.0276 0.00337952 0
429.313 251.985 0.00146427 -3.10555 -6.48019e-05 23.5278 0.00337952 0
428.813 251.967 0.00146427 -3.1068 -5.6802e-05 24.0279 0.00337952 0
428.313 251.95 0.00146427 -3.10794 -4.95114e-05 24.528 0.00337952 0
427.814 251.933 0.00146427 -3.10898 -4.28774e-05 25.0281 0.00337952 0
427.314 251.917 0.00146427 -3.10993 -3.68458e-05 25.5282 0.00337952 0
426.814 251.901 0.00146427 -3.11077 -3.1361e-05 26.0283 0.00337952 0
426.314 251.885 0.00146427 -3.1115 -2.63658e-05 26.5284 0.00337952 0
425.814 251.87 0.00146427 -3.11214 -2.18015e-05 27.0285 0.00337952 0
425.314 251.855 0.00146427 -3.11267 -1.76081e-05 27.5286 0.00337952 0
424.814 251.841 0.00146427 -3.11309 -1.37238e-05 28.0286 0.00337952 0
424.315 251.827 0.00146427 -3.11341 -1.00859e-05 28.5287 0.00337952 0
423.815 251.813 0.00146427 -3.11363 -6.62968e-06 29.0287 0.00337952 0
423.315 251.799 0.00146427 -3.11374 -3.28941e-06 29.5288 0.00337952 0
422.815 251.785 0.00146427 -3.11374 -1.05942e-06 30.0289 0.00337952 0
