452.802 253.019 2.71432 3.07653 -8.24373e-10 0 -0.00889944 11
452.301 253.051 2.71432 3.08692 -0.00184743 0.50151 -0.00889944 11
451.801 253.079 2.71432 3.09892 -0.00146652 1.00264 -0.00889944 11
451.301 253.1 2.71432 3.11033 -0.00112727 1.50341 -0.00889944 11
450.801 253.116 2.71432 3.12114 -0.000828225 2.00389 -0.00889944 11
450.3 253.126 2.71432 3.13135 -0.000567698 2.50416 -0.00889944 11
449.8 253.131 2.71432 3.14096 -0.00034384 3.00429 -0.00889944 11
449.3 253.131 2.71432 -3.13322 -0.000154679 3.50433 -0.00889944 11
448.8 253.127 2.71432 -3.12479 2.0603e-06 4.00434 -0.00889944 11
448.3 253.119 2.71432 -3.11692 0.000130117 4.50434 -0.00889944 11
447.8 253.106 2.71432 -3.10958 0.000233086 5.00438 -0.00889944 11
447.301 253.09 2.71432 -3.10276 0.000312926 5.50447 -0.00889944 11
446.801 253.071 2.71432 -3.09647 0.000371338 6.00465 -0.00889944 11
446.301 253.048 2.71432 -3.0907 0.000410045 6.50491 -0.00889944 11
445.801 253.023 2.71432 -3.08545 0.000430766 7.00528 -0.00889944 11
445.302 252.995 2.71432 -3.08072 0.00043521 7.50575 -0.00889944 11
444.802 252.964 2.71432 -3.07651 0.000425073 8.00634 -0.00889944 11
444.302 252.932 2.71432 -3.07281 0.00040203 8.50703 -0.00889944 11
443.803 252.897 2.71432 -3.06964 0.000367739 9.00782 -0.00889944 11
443.303 252.861 2.71432 -3.06697 0.000323834 9.5087 -0.00889944 11
442.804 252.824 2.71432 -3.06482 0.000271925 10.0097 -0.00889944 11
442.304 252.786 2.71432 -3.06318 0.000213607 10.5107 -0.00889944 11
441.804 252.746 2.71432 -3.06205 0.00015045 11.0118 -0.00889944 11
441.305 252.706 2.71432 -3.06142 8.40161e-05 11.5129 -0.00889944 11
440.805 252.666 2.71432 -3.0613 1.5881e-05 12.0141 -0.00889944 11
440.306 252.626 2.71432 -3.06169 -5.22654e-05 12.5152 -0.00889944 11
439.806 252.586 2.71432 -3.06257 -0.00011836 13.0163 -0.00889944 11
439.307 252.547 0.000581933 -3.06393 -0.000179524 13.5174 -0.00721626 0
438.807 252.508 0.000581933 -3.06572 -0.000231757 14.0185 -0.00721626 0
438.308 252.47 0.000581933 -3.06788 -0.000270505 14.5195 -0.00721626 0
437.808 252.433 0.000581933 -3.0703 -0.000292467 15.0204 -0.00721626 0
437.308 252.397 0.000581933 -3.07287 -0.000297587 15.5213 -0.00721626 0
436.809 252.363 0.000581933 -3.0755 -0.000289371 16.0221 -0.00721626 0
436.309 252.33 0.000581933 -3.07811 -0.000273047 16.5228 -0.00721626 0
435.81 252.298 0.000581933 -3.08066 -0.000253228 17.0235 -0.00721626 0
435.31 252.267 0.000581933 -3.08312 -0.000232761 17.5241 -0.00721626 0
434.81 252.238 0.000581933 -3.08551 -0.000212932 18.0246 -0.00721626 0
434.311 252.21 0.000581933 -3.0878 -0.000194166 18.5251 -0.00721626 0
433.811 252.183 0.000581933 -3.09 -0.000176549 19.0255 -0.00721626 0
433.311 252.157 0.000581933 -3.09211 -0.000160071 19.5259 -0.00721626 0
432.811 252.133 0.000581933 -3.09412 -0.000144702 20.0262 -0.00721626 0
432.312 252.109 0.000581933 -3.09604 -0.000130402 20.5265 -0.00721626 0
431.812 252.086 0.000581933 -3.09787 -0.000117135 21.0268 -0.00721626 0
431.312 252.064 0.000581933 -3.0996 -0.000104858 21.527 -0.00721626 0
430.812 252.043 0.000581933 -3.10124 -9.35296e-05 22.0272 -0.00721626 0
430.313 252.023 0.000581933 -3.10278 -8.31045e-05 22.5274 -0.00721626 0
429.813 252.004 0.000581933 -3.10422 -7.35369e-05 23.0276 -0.00721626 0
429.313 251.985 0.000581933 -3.10556 -6.4779e-05 23.5278 -0.00721626 0
428.813 251.967 0.000581933 -3.1068 -5.67812e-05 24.0279 -0.00721626 0
428.313 251.95 0.000581933 -3.10795 -4.94925e-05 24.528 -0.00721626 0
427.814 251.933 0.000581933 -3.10899 -4.28604e-05 25.0281 -0.00721626 0
427.314 251.916 0.000581933 -3.10993 -3.68307e-05 25.5282 -0.00721626 0
426.814 251.901 0.000581933 -3.11077 -3.13477e-05 26.0283 -0.00721626 0
426.314 251.885 0.000581933 -3.11151 -2.63542e-05 26.5284 -0.00721626 0
425.814 251.87 0.000581933 -3.11214 -2.17917e-05 27.0285 -0.00721626 0
425.314 251.855 0.000581933 -3.11267 -1.75999e-05 27.5286 -0.00721626 0
424.814 251.841 0.000581933 -3.1131 -1.37173e-05 28.0286 -0.00721626 0
424.315 251.827 0.000581933 -3.11342 -1.0081e-05 28.5287 -0.00721626 0
423.815 251.813 0.000581933 -3.11363 -6.62644e-06 29.0287 -0.00721626 0
423.315 251.799 0.000581933 -3.11374 -3.28778e-06 29.5288 -0.00721626 0
422.815 251.785 0.000581933 -3.11374 -1.05889e-06 30.0289 -0.00721626 0
