452.802 253.018 2.71394 3.0765 -7.06222e-10 0 -0.00889788 11
452.301 253.051 2.71394 3.08686 -0.0018421 0.501511 -0.00889788 11
451.801 253.078 2.71394 3.09883 -0.00146415 1.00265 -0.00889788 11
451.301 253.1 2.71394 3.11021 -0.00112715 1.50341 -0.00889788 11
450.801 253.115 2.71394 3.12101 -0.000829676 2.00389 -0.00889788 11
450.3 253.126 2.71394 3.13121 -0.000570108 2.50417 -0.00889788 11
449.8 253.131 2.71394 3.14082 -0.00034665 3.0043 -0.00889788 11
449.3 253.131 2.71394 -3.13336 -0.000157387 3.50435 -0.00889788 11
448.8 253.127 2.71394 -3.12492 -1.7895e-07 4.00435 -0.00889788 11
448.3 253.119 2.71394 -3.11703 0.000128447 4.50435 -0.00889788 11
447.8 253.106 2.71394 -3.10968 0.000231937 5.00439 -0.00889788 11
447.301 253.09 2.71394 -3.10285 0.000312222 5.50448 -0.00889788 11
446.801 253.071 2.71394 -3.09654 0.000371012 6.00466 -0.00889788 11
446.301 253.048 2.71394 -3.09076 0.000410033 6.50492 -0.00889788 11
445.801 253.023 2.71394 -3.0855 0.000431009 7.00529 -0.00889788 11
445.302 252.995 2.71394 -3.08076 0.000435653 7.50576 -0.00889788 11
444.802 252.965 2.71394 -3.07654 0.000425666 8.00634 -0.00889788 11
444.302 252.932 2.71394 -3.07284 0.000402728 8.50703 -0.00889788 11
443.803 252.898 2.71394 -3.06966 0.0003685 9.00782 -0.00889788 11
443.303 252.862 2.71394 -3.06698 0.000324621 9.50871 -0.00889788 11
442.804 252.824 2.71394 -3.06483 0.000272706 10.0097 -0.00889788 11
442.304 252.786 2.71394 -3.06318 0.000214353 10.5107 -0.00889788 11
441.804 252.747 2.71394 -3.06204 0.000151138 11.0118 -0.00889788 11
441.305 252.707 2.71394 -3.06141 8.46258e-05 11.5129 -0.00889788 11
440.805 252.667 2.71394 -3.06129 1.63966e-05 12.0141 -0.00889788 11
440.306 252.626 2.71394 -3.06167 -5.18553e-05 12.5152 -0.00889788 11
439.806 252.586 2.71394 -3.06255 -0.000118062 13.0163 -0.00889788 11
439.307 252.547 0.000743295 -3.06391 -0.00017934 13.5175 0.000469178 0
438.807 252.508 0.000743295 -3.0657 -0.00023168 14.0185 0.000469178 0
438.308 252.47 0.000743295 -3.06785 -0.00027052 14.5195 0.000469178 0
437.808 252.433 0.000743295 -3.07027 -0.000292551 15.0205 0.000469178 0
437.308 252.397 0.000743295 -3.07285 -0.000297716 15.5213 0.000469178 0
436.809 252.363 0.000743295 -3.07547 -0.00028952 16.0221 0.000469178 0
436.309 252.33 0.000743295 -3.07808 -0.000273202 16.5228 0.000469178 0
435.81 252.298 0.000743295 -3.08063 -0.00025338 17.0235 0.000469178 0
435.31 252.268 0.000743295 -3.0831 -0.000232906 17.5241 0.000469178 0
434.81 252.238 0.000743295 -3.08548 -0.000213069 18.0246 0.000469178 0
434.311 252.21 0.000743295 -3.08778 -0.000194294 18.5251 0.000469178 0
433.811 252.183 0.000743295 -3.08998 -0.00017667 19.0255 0.000469178 0
433.311 252.158 0.000743295 -3.09209 -0.000160185 19.5259 0.000469178 0
432.811 252.133 0.000743295 -3.0941 -0.000144807 20.0262 0.000469178 0
432.312 252.109 0.000743295 -3.09602 -0.000130501 20.5265 0.000469178 0
431.812 252.086 0.000743295 -3.09785 -0.000117227 21.0268 0.000469178 0
431.312 252.064 0.000743295 -3.09958 -0.000104943 21.527 0.000469178 0
430.812 252.043 0.000743295 -3.10122 -9.36085e-05 22.0273 0.000469178 0
430.313 252.023 0.000743295 -3.10276 -8.31774e-05 22.5274 0.000469178 0
429.813 252.004 0.000743295 -3.1042 -7.36039e-05 23.0276 0.000469178 0
429.313 251.985 0.000743295 -3.10554 -6.48403e-05 23.5278 0.000469178 0
428.813 251.967 0.000743295 -3.10679 -5.6837e-05 24.0279 0.000469178 0
428.313 251.95 0.000743295 -3.10793 -4.95431e-05 24.528 0.000469178 0
427.814 251.933 0.000743295 -3.10897 -4.29059e-05 25.0281 0.000469178 0
427.314 251.917 0.000743295 -3.10991 -3.68712e-05 25.5282 0.000469178 0
426.814 251.901 0.000743295 -3.11075 -3.13833e-05 26.0283 0.000469178 0
426.314 251.885 0.000743295 -3.11149 -2.63852e-05 26.5284 0.000469178 0
425.814 251.87 0.000743295 -3.11213 -2.1818e-05 27.0285 0.000469178 0
425.314 251.855 0.000743295 -3.11265 -1.76217e-05 27.5286 0.000469178 0
424.814 251.841 0.000743295 -3.11308 -1.37347e-05 28.0286 0.000469178 0
424.315 251.827 0.000743295 -3.1134 -1.0094e-05 28.5287 0.000469178 0
423.815 251.813 0.000743295 -3.11361 -6.63511e-06 29.0288 0.000469178 0
423.315 251.799 0.000743295 -3.11373 -3.29212e-06 29.5288 0.000469178 0
422.815 251.785 0.000743295 -3.11373 -1.0603e-06 30.0289 0.000469178 0
