452.802 253.018 2.7138 3.07649 -7.98578e-10 0 -0.00889731 11
452.301 253.051 2.7138 3.08684 -0.00184078 0.501512 -0.00889731 11
451.801 253.078 2.7138 3.0988 -0.00146363 1.00265 -0.00889731 11
451.301 253.099 2.7138 3.11018 -0.00112722 1.50341 -0.00889731 11
450.801 253.115 2.7138 3.12097 -0.000830171 2.0039 -0.00889731 11
450.3 253.125 2.7138 3.13116 -0.000570852 2.50417 -0.00889731 11
449.8 253.131 2.7138 3.14077 -0.000347491 3.0043 -0.00889731 11
449.3 253.131 2.7138 -3.1334 -0.000158187 3.50435 -0.00889731 11
448.8 253.127 2.7138 -3.12496 -8.23975e-07 4.00435 -0.00889731 11
448.3 253.119 2.7138 -3.11706 0.000127986 4.50436 -0.00889731 11
447.8 253.106 2.7138 -3.1097 0.000231633 5.00439 -0.00889731 11
447.301 253.09 2.7138 -3.10287 0.000312054 5.50449 -0.00889731 11
446.801 253.071 2.7138 -3.09656 0.000370957 6.00466 -0.00889731 11
446.301 253.049 2.7138 -3.09078 0.000410071 6.50492 -0.00889731 11
445.801 253.023 2.7138 -3.08551 0.000431121 7.00529 -0.00889731 11
445.302 252.995 2.7138 -3.08077 0.000435822 7.50576 -0.00889731 11
444.802 252.965 2.7138 -3.07655 0.000425877 8.00635 -0.00889731 11
444.302 252.932 2.7138 -3.07285 0.000402966 8.50703 -0.00889731 11
443.803 252.898 2.7138 -3.06966 0.000368752 9.00783 -0.00889731 11
443.303 252.862 2.7138 -3.06698 0.000324876 9.50871 -0.00889731 11
442.804 252.824 2.7138 -3.06482 0.000272954 10.0097 -0.00889731 11
442.304 252.786 2.7138 -3.06317 0.000214585 10.5107 -0.00889731 11
441.804 252.747 2.7138 -3.06204 0.000151347 11.0118 -0.00889731 11
441.305 252.707 2.7138 -3.06141 8.48055e-05 11.5129 -0.00889731 11
440.805 252.667 2.7138 -3.06128 1.65426e-05 12.0141 -0.00889731 11
440.306 252.627 2.7138 -3.06166 -5.17464e-05 12.5152 -0.00889731 11
439.806 252.587 2.7138 -3.06254 -0.000117992 13.0163 -0.00889731 11
439.307 252.547 0.00237652 -3.0639 -0.000179308 13.5175 0.00131222 0
438.807 252.508 0.00237652 -3.06569 -0.000231684 14.0185 0.00131222 0
438.308 252.47 0.00237652 -3.06784 -0.000270554 14.5195 0.00131222 0
437.808 252.433 0.00237652 -3.07026 -0.000292607 15.0205 0.00131222 0
437.308 252.397 0.00237652 -3.07284 -0.000297784 15.5213 0.00131222 0
436.809 252.363 0.00237652 -3.07546 -0.000289593 16.0221 0.00131222 0
436.309 252.33 0.00237652 -3.07807 -0.000273274 16.5228 0.00131222 0
435.81 252.298 0.00237652 -3.08062 -0.000253449 17.0235 0.00131222 0
435.31 252.268 0.00237652 -3.08309 -0.00023297 17.5241 0.00131222 0
434.81 252.238 0.00237652 -3.08548 -0.000213129 18.0246 0.00131222 0
434.311 252.21 0.00237652 -3.08777 -0.00019435 18.5251 0.00131222 0
433.811 252.183 0.00237652 -3.08997 -0.000176721 19.0255 0.00131222 0
433.311 252.158 0.00237652 -3.09208 -0.000160232 19.5259 0.00131222 0
432.811 252.133 0.00237652 -3.0941 -0.000144851 20.0262 0.00131222 0
432.312 252.109 0.00237652 -3.09602 -0.000130541 20.5265 0.00131222 0
431.812 252.086 0.00237652 -3.09784 -0.000117263 21.0268 0.00131222 0
431.312 252.064 0.00237652 -3.09958 -0.000104977 21.527 0.00131222 0
430.812 252.043 0.00237652 -3.10121 -9.36389e-05 22.0273 0.00131222 0
430.313 252.023 0.00237652 -3.10275 -8.3205e-05 22.5275 0.00131222 0
429.813 252.004 0.00237652 -3.10419 -7.36289e-05 23.0276 0.00131222 0
429.313 251.985 0.00237652 -3.10554 -6.48629e-05 23.5278 0.00131222 0
428.813 251.967 0.00237652 -3.10678 -5.68573e-05 24.0279 0.00131222 0
428.313 251.95 0.00237652 -3.10792 -4.95612e-05 24.528 0.00131222 0
427.814 251.933 0.00237652 -3.10897 -4.2922e-05 25.0282 0.00131222 0
427.314 251.917 0.00237652 -3.10991 -3.68854e-05 25.5283 0.00131222 0
426.814 251.901 0.00237652 -3.11075 -3.13957e-05 26.0283 0.00131222 0
426.314 251.885 0.00237652 -3.11149 -2.63959e-05 26.5284 0.00131222 0
425.814 251.87 0.00237652 -3.11212 -2.1827e-05 27.0285 0.00131222 0
425.314 251.855 0.00237652 -3.11265 -1.76292e-05 27.5286 0.00131222 0
424.814 251.841 0.00237652 -3.11307 -1.37406e-05 28.0286 0.00131222 0
424.315 251.827 0.00237652 -3.11339 -1.00984e-05 28.5287 0.00131222 0
423.815 251.813 0.00237652 -3.11361 -6.63801e-06 29.0288 0.00131222 0
423.315 251.799 0.00237652 -3.11372 -3.29357e-06 29.5288 0.00131222 0
422.815 251.785 0.00237652 -3.11372 -1.06078e-06 30.0289 0.00131222 0
