452.802 253.018 2.7138 3.07652 3.00646e-13 0 -0.00889731 11
452.301 253.05 2.7138 3.08699 -0.00186164 0.501511 -0.00889731 11
451.801 253.078 2.7138 3.09907 -0.00147356 1.00264 -0.00889731 11
451.301 253.099 2.7138 3.11054 -0.00112892 1.5034 -0.00889731 11
450.801 253.114 2.7138 3.12139 -0.000826119 2.00388 -0.00889731 11
450.3 253.124 2.7138 3.13162 -0.000563327 2.50414 -0.00889731 11
449.8 253.129 2.7138 3.14122 -0.000338551 3.00427 -0.00889731 11
449.3 253.13 2.7138 -3.13298 -0.000149661 3.50431 -0.00889731 11
448.8 253.125 2.7138 -3.1246 5.73084e-06 4.00432 -0.00889731 11
448.3 253.117 2.7138 -3.11676 0.000132218 4.50432 -0.00889731 11
447.8 253.104 2.7138 -3.10946 0.00023395 5.00436 -0.00889731 11
447.301 253.088 2.7138 -3.10267 0.000312745 5.50445 -0.00889731 11
446.801 253.069 2.7138 -3.09641 0.000370307 6.00463 -0.00889731 11
446.301 253.046 2.7138 -3.09067 0.000408346 6.50489 -0.00889731 11
445.801 253.021 2.7138 -3.08545 0.000428567 7.00526 -0.00889731 11
445.302 252.993 2.7138 -3.08075 0.000432667 7.50574 -0.00889731 11
444.802 252.962 2.7138 -3.07656 0.000422326 8.00632 -0.00889731 11
444.302 252.93 2.7138 -3.07289 0.000399209 8.50701 -0.00889731 11
443.803 252.895 2.7138 -3.06973 0.000364956 9.0078 -0.00889731 11
443.303 252.859 2.7138 -3.06708 0.000321188 9.50868 -0.00889731 11
442.804 252.822 2.7138 -3.06495 0.000269506 10.0096 -0.00889731 11
442.304 252.784 2.7138 -3.06332 0.000211486 10.5107 -0.00889731 11
441.804 252.745 2.7138 -3.0622 0.000148688 11.0118 -0.00889731 11
441.305 252.705 2.7138 -3.06158 8.26605e-05 11.5129 -0.00889731 11
440.805 252.665 2.7138 -3.06147 1.49655e-05 12.014 -0.00889731 11
440.306 252.625 2.7138 -3.06186 -5.27208e-05 12.5152 -0.00889731 11
439.806 252.585 2.7138 -3.06274 -0.000118352 13.0163 -0.00889731 11
439.307 252.545 0.000619666 -3.0641 -0.00017907 13.5174 0.00340835 0
438.807 252.507 0.000619666 -3.06589 -0.000230905 14.0184 0.00340835 0
438.308 252.469 0.000619666 -3.06804 -0.000269337 14.5194 0.00340835 0
437.808 252.432 0.000619666 -3.07046 -0.000291092 15.0204 0.00340835 0
437.309 252.396 0.000619666 -3.07303 -0.00029612 15.5212 0.00340835 0
436.809 252.362 0.000619666 -3.07565 -0.000287905 16.022 0.00340835 0
436.309 252.329 0.000619666 -3.07825 -0.000271643 16.5227 0.00340835 0
435.81 252.297 0.000619666 -3.08079 -0.000251916 17.0234 0.00340835 0
435.31 252.267 0.000619666 -3.08326 -0.000231548 17.524 0.00340835 0
434.81 252.238 0.000619666 -3.08563 -0.000211818 18.0245 0.00340835 0
434.311 252.21 0.000619666 -3.08792 -0.000193145 18.5249 0.00340835 0
433.811 252.183 0.000619666 -3.09012 -0.000175615 19.0254 0.00340835 0
433.311 252.157 0.000619666 -3.09222 -0.00015922 19.5258 0.00340835 0
432.811 252.132 0.000619666 -3.09423 -0.000143927 20.0261 0.00340835 0
432.312 252.109 0.000619666 -3.09615 -0.000129699 20.5264 0.00340835 0
431.812 252.086 0.000619666 -3.09797 -0.000116498 21.0267 0.00340835 0
431.312 252.064 0.000619666 -3.0997 -0.000104283 21.5269 0.00340835 0
430.812 252.043 0.000619666 -3.10133 -9.3012e-05 22.0271 0.00340835 0
430.313 252.023 0.000619666 -3.10287 -8.26401e-05 22.5273 0.00340835 0
429.813 252.004 0.000619666 -3.1043 -7.31216e-05 23.0275 0.00340835 0
429.313 251.985 0.000619666 -3.10564 -6.44091e-05 23.5276 0.00340835 0
428.813 251.967 0.000619666 -3.10688 -5.64532e-05 24.0278 0.00340835 0
428.313 251.95 0.000619666 -3.10803 -4.92033e-05 24.5279 0.00340835 0
427.814 251.933 0.000619666 -3.10907 -4.26069e-05 25.028 0.00340835 0
427.314 251.917 0.000619666 -3.11001 -3.66102e-05 25.5281 0.00340835 0
426.814 251.901 0.000619666 -3.11084 -3.11578e-05 26.0282 0.00340835 0
426.314 251.885 0.000619666 -3.11158 -2.61928e-05 26.5283 0.00340835 0
425.814 251.87 0.000619666 -3.11221 -2.16567e-05 27.0284 0.00340835 0
425.314 251.856 0.000619666 -3.11274 -1.74899e-05 27.5284 0.00340835 0
424.814 251.841 0.000619666 -3.11316 -1.36309e-05 28.0285 0.00340835 0
424.315 251.827 0.000619666 -3.11348 -1.0017e-05 28.5286 0.00340835 0
423.815 251.813 0.000619666 -3.1137 -6.5842e-06 29.0286 0.00340835 0
423.315 251.799 0.000619666 -3.11381 -3.2668e-06 29.5287 0.00340835 0
422.815 251.785 0.000619666 -3.11381 -1.05221e-06 30.0287 0.00340835 0
