452.802 253.018 2.71396 3.0765 3.00756e-13 0 -0.00889798 11
452.301 253.05 2.71396 3.08699 -0.00186533 0.501511 -0.00889798 11
451.801 253.078 2.71396 3.09909 -0.00147569 1.00264 -0.00889798 11
451.301 253.099 2.71396 3.11057 -0.00112984 1.5034 -0.00889798 11
450.801 253.114 2.71396 3.12143 -0.00082616 2.00388 -0.00889798 11
450.3 253.125 2.71396 3.13167 -0.000562785 2.50414 -0.00889798 11
449.8 253.13 2.71396 3.14128 -0.000337698 3.00427 -0.00889798 11
449.3 253.13 2.71396 -3.13293 -0.000148738 3.50431 -0.00889798 11
448.8 253.125 2.71396 -3.12455 6.51913e-06 4.00431 -0.00889798 11
448.3 253.117 2.71396 -3.11672 0.000132798 4.50432 -0.00889798 11
447.8 253.104 2.71396 -3.10942 0.000234345 5.00436 -0.00889798 11
447.301 253.088 2.71396 -3.10264 0.00031298 5.50445 -0.00889798 11
446.801 253.069 2.71396 -3.09639 0.000370407 6.00463 -0.00889798 11
446.301 253.046 2.71396 -3.09065 0.000408334 6.50489 -0.00889798 11
445.801 253.021 2.71396 -3.08543 0.000428465 7.00526 -0.00889798 11
445.302 252.993 2.71396 -3.08073 0.000432494 7.50574 -0.00889798 11
444.802 252.962 2.71396 -3.07655 0.000422101 8.00632 -0.00889798 11
444.302 252.93 2.71396 -3.07288 0.000398948 8.50701 -0.00889798 11
443.803 252.895 2.71396 -3.06973 0.000364674 9.0078 -0.00889798 11
443.303 252.859 2.71396 -3.06708 0.000320899 9.50868 -0.00889798 11
442.804 252.822 2.71396 -3.06495 0.00026922 10.0096 -0.00889798 11
442.304 252.784 2.71396 -3.06332 0.000211214 10.5107 -0.00889798 11
441.804 252.744 2.71396 -3.0622 0.00014844 11.0118 -0.00889798 11
441.305 252.705 2.71396 -3.06159 8.24419e-05 11.5129 -0.00889798 11
440.805 252.665 2.71396 -3.06148 1.47825e-05 12.014 -0.00889798 11
440.306 252.625 2.71396 -3.06187 -5.28641e-05 12.5152 -0.00889798 11
439.806 252.585 2.71396 -3.06275 -0.000118453 13.0163 -0.00889798 11
439.307 252.545 0.000940648 -3.06411 -0.000179129 13.5174 -0.000378491 0
438.807 252.506 0.000940648 -3.0659 -0.000230924 14.0184 -0.000378491 0
438.308 252.469 0.000940648 -3.06805 -0.000269323 14.5194 -0.000378491 0
437.808 252.432 0.000940648 -3.07047 -0.000291052 15.0204 -0.000378491 0
437.309 252.396 0.000940648 -3.07304 -0.000296064 15.5212 -0.000378491 0
436.809 252.362 0.000940648 -3.07566 -0.000287842 16.022 -0.000378491 0
436.309 252.329 0.000940648 -3.07826 -0.000271579 16.5227 -0.000378491 0
435.81 252.297 0.000940648 -3.0808 -0.000251854 17.0234 -0.000378491 0
435.31 252.267 0.000940648 -3.08327 -0.000231489 17.524 -0.000378491 0
434.81 252.238 0.000940648 -3.08564 -0.000211762 18.0245 -0.000378491 0
434.311 252.21 0.000940648 -3.08793 -0.000193093 18.5249 -0.000378491 0
433.811 252.183 0.000940648 -3.09013 -0.000175567 19.0254 -0.000378491 0
433.311 252.157 0.000940648 -3.09223 -0.000159175 19.5257 -0.000378491 0
432.811 252.132 0.000940648 -3.09424 -0.000143885 20.0261 -0.000378491 0
432.312 252.109 0.000940648 -3.09616 -0.00012966 20.5264 -0.000378491 0
431.812 252.086 0.000940648 -3.09798 -0.000116462 21.0267 -0.000378491 0
431.312 252.064 0.000940648 -3.09971 -0.00010425 21.5269 -0.000378491 0
430.812 252.043 0.000940648 -3.10134 -9.29812e-05 22.0271 -0.000378491 0
430.313 252.023 0.000940648 -3.10287 -8.26117e-05 22.5273 -0.000378491 0
429.813 252.004 0.000940648 -3.10431 -7.30956e-05 23.0275 -0.000378491 0
429.313 251.985 0.000940648 -3.10565 -6.43853e-05 23.5276 -0.000378491 0
428.813 251.967 0.000940648 -3.10689 -5.64317e-05 24.0278 -0.000378491 0
428.313 251.95 0.000940648 -3.10803 -4.91838e-05 24.5279 -0.000378491 0
427.814 251.933 0.000940648 -3.10907 -4.25895e-05 25.028 -0.000378491 0
427.314 251.917 0.000940648 -3.11001 -3.65947e-05 25.5281 -0.000378491 0
426.814 251.901 0.000940648 -3.11085 -3.11442e-05 26.0282 -0.000378491 0
426.314 251.885 0.000940648 -3.11159 -2.6181e-05 26.5283 -0.000378491 0
425.814 251.87 0.000940648 -3.11222 -2.16467e-05 27.0284 -0.000378491 0
425.314 251.856 0.000940648 -3.11275 -1.74816e-05 27.5284 -0.000378491 0
424.814 251.841 0.000940648 -3.11317 -1.36243e-05 28.0285 -0.000378491 0
424.315 251.827 0.000940648 -3.11349 -1.00121e-05 28.5286 -0.000378491 0
423.815 251.813 0.000940648 -3.1137 -6.58092e-06 29.0286 -0.000378491 0
423.315 251.799 0.000940648 -3.11382 -3.26516e-06 29.5287 -0.000378491 0
422.815 251.785 0.000940648 -3.11382 -1.05168e-06 30.0287 -0.000378491 0
