452.802 252.992 2.71415 3.07635 2.97276e-13 0 -0.00889871 11
452.302 253.025 2.71415 3.0863 -0.00177754 0.501517 -0.00889871 11
451.801 253.052 2.71415 3.09785 -0.00143039 1.00267 -0.00889871 11
451.301 253.074 2.71415 3.10888 -0.00111799 1.50346 -0.00889871 11
450.801 253.09 2.71415 3.11939 -0.00083925 2.00398 -0.00889871 11
450.301 253.102 2.71415 3.12938 -0.000592953 2.50428 -0.00889871 11
449.801 253.108 2.71415 3.13885 -0.000377741 3.00443 -0.00889871 11
449.3 253.109 2.71415 -3.13539 -0.000192153 3.50449 -0.00889871 11
448.8 253.106 2.71415 -3.12697 -3.46471e-05 4.0045 -0.00889871 11
448.301 253.099 2.71415 -3.11907 9.63812e-05 4.5045 -0.00889871 11
447.801 253.087 2.71415 -3.1117 0.000202582 5.00453 -0.00889871 11
447.301 253.072 2.71415 -3.10485 0.000285637 5.5046 -0.00889871 11
446.801 253.054 2.71415 -3.09852 0.000347244 6.00475 -0.00889871 11
446.301 253.033 2.71415 -3.09271 0.000389109 6.50498 -0.00889871 11
445.801 253.008 2.71415 -3.08742 0.000412934 7.00531 -0.00889871 11
445.302 252.981 2.71415 -3.08265 0.000420415 7.50574 -0.00889871 11
444.802 252.951 2.71415 -3.0784 0.000413234 8.00628 -0.00889871 11
444.302 252.92 2.71415 -3.07466 0.000393054 8.50692 -0.00889871 11
443.803 252.886 2.71415 -3.07143 0.00036152 9.00766 -0.00889871 11
443.303 252.851 2.71415 -3.06872 0.000320254 9.5085 -0.00889871 11
442.804 252.815 2.71415 -3.06651 0.000270859 10.0094 -0.00889871 11
442.304 252.777 2.71415 -3.06482 0.000214915 10.5104 -0.00889871 11
441.805 252.739 2.71415 -3.06363 0.000153986 11.0114 -0.00889871 11
441.305 252.7 2.71415 -3.06295 8.96204e-05 11.5125 -0.00889871 11
440.805 252.66 2.71415 -3.06277 2.33837e-05 12.0136 -0.00889871 11
440.306 252.621 2.71415 -3.0631 -4.305e-05 12.5147 -0.00889871 11
439.806 252.582 2.71415 -3.06392 -0.000107645 13.0158 -0.00889871 11
439.307 252.543 0.000739252 -3.06521 -0.000167575 13.5168 -0.00420152 0
438.807 252.505 0.000739252 -3.06693 -0.000218919 14.0179 -0.00420152 0
438.308 252.467 0.000739252 -3.06902 -0.000257212 14.5188 -0.00420152 0
437.808 252.431 0.000739252 -3.07138 -0.000279197 15.0197 -0.00420152 0
437.309 252.396 0.000739252 -3.07389 -0.000284776 15.5206 -0.00420152 0
436.809 252.362 0.000739252 -3.07645 -0.000277326 16.0213 -0.00420152 0
436.309 252.329 0.000739252 -3.079 -0.000261923 16.522 -0.00420152 0
435.81 252.298 0.000739252 -3.08149 -0.000243062 17.0226 -0.00420152 0
435.31 252.268 0.000739252 -3.0839 -0.000223524 17.5232 -0.00420152 0
434.81 252.239 0.000739252 -3.08623 -0.000204573 18.0237 -0.00420152 0
434.311 252.211 0.000739252 -3.08846 -0.000186625 18.5242 -0.00420152 0
433.811 252.185 0.000739252 -3.09062 -0.00016977 19.0246 -0.00420152 0
433.311 252.159 0.000739252 -3.09268 -0.000153999 19.5249 -0.00420152 0
432.811 252.135 0.000739252 -3.09465 -0.000139281 20.0253 -0.00420152 0
432.312 252.111 0.000739252 -3.09652 -0.000125583 20.5256 -0.00420152 0
431.812 252.089 0.000739252 -3.09831 -0.000112867 21.0258 -0.00420152 0
431.312 252.067 0.000739252 -3.1 -0.000101095 21.5261 -0.00420152 0
430.812 252.046 0.000739252 -3.1016 -9.02259e-05 22.0263 -0.00420152 0
430.313 252.026 0.000739252 -3.10311 -8.02182e-05 22.5265 -0.00420152 0
429.813 252.007 0.000739252 -3.10452 -7.10279e-05 23.0266 -0.00420152 0
429.313 251.989 0.000739252 -3.10583 -6.26097e-05 23.5268 -0.00420152 0
428.813 251.971 0.000739252 -3.10705 -5.49165e-05 24.0269 -0.00420152 0
428.313 251.953 0.000739252 -3.10816 -4.78999e-05 24.527 -0.00420152 0
427.814 251.937 0.000739252 -3.10918 -4.15097e-05 25.0272 -0.00420152 0
427.314 251.92 0.000739252 -3.1101 -3.56944e-05 25.5273 -0.00420152 0
426.814 251.905 0.000739252 -3.11093 -3.0401e-05 26.0273 -0.00420152 0
426.314 251.889 0.000739252 -3.11165 -2.5575e-05 26.5274 -0.00420152 0
425.814 251.874 0.000739252 -3.11227 -2.11603e-05 27.0275 -0.00420152 0
425.314 251.86 0.000739252 -3.11279 -1.70996e-05 27.5276 -0.00420152 0
424.814 251.845 0.000739252 -3.1132 -1.33341e-05 28.0276 -0.00420152 0
424.315 251.831 0.000739252 -3.11352 -9.80345e-06 28.5277 -0.00420152 0
423.815 251.817 0.000739252 -3.11372 -6.44612e-06 29.0278 -0.00420152 0
423.315 251.803 0.000739252 -3.11384 -3.19907e-06 29.5278 -0.00420152 0
422.815 251.789 0.000739252 -3.11384 -1.03052e-06 30.0279 -0.00420152 0
