452.802 253.017 0.9972 3.0768 1.72027e-10 0 -0.211585 7
452.301 253.05 0.9972 3.08856 -0.00208693 0.5015 -0.211585 7
451.801 253.076 0.9972 3.10157 -0.00153122 1.00258 -0.211585 7
451.301 253.096 0.9972 3.11319 -0.00108134 1.50327 -0.211585 7
450.801 253.111 0.9972 3.12342 -0.000728008 2.00369 -0.211585 7
450.3 253.12 0.9972 3.13224 -0.000460205 2.50393 -0.211585 7
449.8 253.124 0.9972 3.13966 -0.00026653 3.00405 -0.211585 7
449.3 253.125 0.9972 -3.13752 -0.000135335 3.5041 -0.211585 7
448.8 253.123 0.9972 -3.1329 -5.48253e-05 4.00412 -0.211585 7
448.3 253.119 0.00120446 -3.12957 -1.31257e-05 4.50412 -0.00244611 0
447.8 253.113 0.00120446 -3.12728 3.33433e-06 5.00412 -0.00244611 0
447.3 253.106 0.00120446 -3.12563 8.50795e-06 5.50412 -0.00244611 0
446.8 253.098 0.00120446 -3.12434 1.03585e-05 6.00412 -0.00244611 0
446.301 253.089 0.00120446 -3.1233 1.0876e-05 6.50413 -0.00244611 0
445.801 253.08 0.00120446 -3.12244 1.0563e-05 7.00414 -0.00244611 0
445.301 253.07 0.00120446 -3.12174 9.69505e-06 7.50415 -0.00244611 0
444.801 253.061 0.00120446 -3.12119 8.36304e-06 8.00416 -0.00244611 0
444.301 253.05 0.00120446 -3.12078 6.63123e-06 8.50418 -0.00244611 0
443.801 253.04 0.00120446 -3.12051 4.58833e-06 9.00419 -0.00244611 0
443.301 253.029 0.00120446 -3.12037 2.33825e-06 9.50421 -0.00244611 0
442.801 253.019 0 -3.12037 7.56303e-07 10.0042 0 0
