262.158 249.774 0.664837 3.14111 -3.04903e-14 0 -0.210428 14
261.658 249.775 0.664837 3.14071 1.29963e-05 0.500043 -0.210428 14
261.158 249.775 0.664837 3.14028 1.17537e-05 1.00009 -0.210428 14
260.658 249.776 0.664837 3.13991 1.03323e-05 1.50014 -0.210428 14
260.158 249.777 0.664837 3.13961 8.7537e-06 2.00019 -0.210428 14
259.658 249.778 0.664837 3.13937 7.03994e-06 2.50024 -0.210428 14
259.158 249.779 0.664837 3.13919 5.21409e-06 3.00029 -0.210428 14
258.658 249.78 0.664837 3.13908 3.30002e-06 3.50035 -0.210428 14
258.157 249.781 0.664837 3.13904 1.32246e-06 4.00041 -0.210428 14
257.657 249.782 0.664837 3.13906 -6.92983e-07 4.50046 -0.210428 14
257.157 249.784 0.664837 3.13915 -2.7198e-06 5.00052 -0.210428 14
256.657 249.785 0.664837 3.13931 -4.73057e-06 5.50058 -0.210428 14
256.157 249.786 0.664837 3.13954 -6.69691e-06 6.00063 -0.210428 14
255.657 249.787 0.664837 3.13984 -8.5895e-06 6.50069 -0.210428 14
255.157 249.788 0.664837 3.1402 -1.03779e-05 7.00074 -0.210428 14
254.657 249.789 0.664837 3.14062 -1.16699e-05 7.50079 -0.210428 14
254.157 249.789 0.664837 3.14104 -1.14375e-05 8.00083 -0.210428 14
253.657 249.789 0.664837 3.14146 -1.08637e-05 8.50087 -0.210428 14
253.157 249.79 0.664837 -3.14131 -1.03042e-05 9.00091 -0.210428 14
252.657 249.789 0.664837 -3.14091 -9.73427e-06 9.50095 -0.210428 14
252.157 249.789 4.45652e-08 -3.14052 -9.12727e-06 10.001 6.51054e-09 0
251.657 249.789 4.45652e-08 -3.14014 -8.46836e-06 10.501 6.51054e-09 0
251.157 249.788 4.45652e-08 -3.13979 -7.76518e-06 11.0011 6.51054e-09 0
250.657 249.787 4.45652e-08 -3.13945 -7.04473e-06 11.5011 6.51054e-09 0
250.157 249.786 4.45652e-08 -3.13915 -6.33868e-06 12.0011 6.51054e-09 0
249.657 249.785 4.45652e-08 -3.13886 -5.66988e-06 12.5011 6.51054e-09 0
249.157 249.783 4.45652e-08 -3.1386 -5.0487e-06 13.0012 6.51054e-09 0
248.657 249.782 4.45652e-08 -3.13836 -4.47654e-06 13.5012 6.51054e-09 0
248.157 249.78 4.45652e-08 -3.13815 -3.9507e-06 14.0012 6.51054e-09 0
247.657 249.778 4.45652e-08 -3.13796 -3.46726e-06 14.5012 6.51054e-09 0
247.157 249.777 4.45652e-08 -3.13779 -3.0222e-06 15.0012 6.51054e-09 0
246.657 249.775 4.45652e-08 -3.13763 -2.61179e-06 15.5013 6.51054e-09 0
246.157 249.773 4.45652e-08 -3.1375 -2.23254e-06 16.0013 6.51054e-09 0
245.657 249.771 4.45652e-08 -3.13739 -1.88132e-06 16.5013 6.51054e-09 0
245.157 249.769 4.45652e-08 -3.1373 -1.55522e-06 17.0013 6.51054e-09 0
244.657 249.766 4.45652e-08 -3.13722 -1.25167e-06 17.5013 6.51054e-09 0
244.157 249.764 4.45652e-08 -3.13716 -9.68332e-07 18.0013 6.51054e-09 0
243.657 249.762 4.45652e-08 -3.13712 -7.03161e-07 18.5014 6.51054e-09 0
243.157 249.76 4.45652e-08 -3.13709 -4.54359e-07 19.0014 6.51054e-09 0
242.657 249.758 4.45652e-08 -3.13708 -2.2038e-07 19.5014 6.51054e-09 0
242.157 249.755 0 -3.13708 -6.8884e-08 20.0014 0 0
