262.158 249.774 0.462407 3.1411 -3.04903e-14 0 -0.00422265 15
261.658 249.775 0.462407 3.14069 1.34722e-05 0.500043 -0.00422265 15
261.158 249.775 0.462407 3.14025 1.21474e-05 1.00009 -0.462407 15
260.658 249.776 0 3.13987 1.0628e-05 1.50014 0 15
260.158 249.777 0 3.13956 8.93845e-06 2.00019 0 15
259.658 249.778 0 3.13932 7.10411e-06 2.50024 0 15
259.158 249.779 0 3.13915 5.15119e-06 3.0003 0 15
258.658 249.78 0 3.13905 3.10681e-06 3.50035 0 15
258.157 249.781 0 3.13901 9.99029e-07 4.00041 0 15
257.657 249.783 0 3.13905 -1.1432e-06 4.50047 0 15
257.157 249.784 0 3.13916 -3.28993e-06 5.00052 0 15
256.657 249.785 0 3.13934 -5.41028e-06 5.50058 0 15
256.157 249.786 0 3.1396 -7.47232e-06 6.00063 0 15
255.657 249.787 0 3.13992 -9.44315e-06 6.50069 0 15
255.157 249.788 0 3.14032 -1.12888e-05 7.00074 0 15
254.657 249.789 0 3.14077 -1.25539e-05 7.50079 0 15
254.157 249.789 0 3.14123 -1.20525e-05 8.00083 0 15
253.657 249.789 0 -3.14152 -1.11813e-05 8.50087 0 15
253.157 249.789 0 -3.14109 -1.03646e-05 9.00091 0 15
252.657 249.789 0 -3.14069 -9.58756e-06 9.50095 0 15
252.157 249.789 0 -3.1403 -8.83345e-06 10.001 0 15
251.657 249.788 0 -3.13994 -8.09041e-06 10.501 0 15
251.157 249.787 0 -3.1396 -7.35771e-06 11.001 0 15
250.657 249.786 0 -3.13928 -6.64544e-06 11.5011 0 0
250.157 249.785 0 -3.13898 -5.96739e-06 12.0011 0 0
249.657 249.784 0 -3.13871 -5.33362e-06 12.5011 0 0
249.157 249.782 0 -3.13846 -4.74785e-06 13.0011 0 0
248.657 249.781 0 -3.13823 -4.20902e-06 13.5012 0 0
248.157 249.779 0 -3.13803 -3.71386e-06 14.0012 0 0
247.657 249.777 0 -3.13785 -3.25855e-06 14.5012 0 0
247.157 249.775 0 -3.13768 -2.83932e-06 15.0012 0 0
246.657 249.773 0 -3.13754 -2.45268e-06 15.5012 0 0
246.157 249.771 0 -3.13742 -2.09542e-06 16.0013 0 0
245.657 249.769 0 -3.13731 -1.76462e-06 16.5013 0 0
245.157 249.767 0 -3.13722 -1.45761e-06 17.0013 0 0
244.657 249.765 0 -3.13715 -1.17203e-06 17.5013 0 0
244.157 249.763 0 -3.13709 -9.05744e-07 18.0013 0 0
243.657 249.76 0 -3.13705 -6.56893e-07 18.5013 0 0
243.157 249.758 0 -3.13703 -4.23852e-07 19.0014 0 0
242.657 249.756 0 -3.13701 -2.05239e-07 19.5014 0 0
242.157 249.754 0 -3.13701 -6.40053e-08 20.0014 0 0
