260.378 250.31 2.32856 3.01973 -1.28257e-11 0 -0.00773199 11
259.877 250.371 2.32856 3.03112 -0.00357074 0.504551 -0.00773199 11
259.376 250.427 2.32856 3.04428 -0.00305613 1.00836 -0.00773199 11
258.876 250.476 2.32856 3.05681 -0.00258844 1.51139 -0.00773199 11
258.375 250.518 2.32856 3.06869 -0.00216656 2.01377 -0.00773199 11
257.875 250.555 2.32856 3.07992 -0.00178917 2.5156 -0.00773199 11
257.374 250.586 2.32856 3.09049 -0.00145463 3.01698 -0.00773199 11
256.874 250.611 2.32856 3.10041 -0.00116104 3.518 -0.00773199 11
256.374 250.632 2.32856 3.10966 -0.000906288 4.01872 -0.00773199 11
255.873 250.648 2.32856 3.11824 -0.000688096 4.51922 -0.00773199 11
255.373 250.66 2.32856 3.12616 -0.000504048 5.01954 -0.00773199 11
254.873 250.667 2.32856 3.13341 -0.000351625 5.51974 -0.00773199 11
254.373 250.671 2.32856 3.13998 -0.000228233 6.01984 -0.00773199 11
253.873 250.672 2.32856 -3.13729 -0.000131224 6.51989 -0.00773199 11
253.373 250.67 2.32856 -3.13203 -5.79717e-05 7.01991 -0.00773199 11
252.873 250.665 2.32856 -3.12735 -5.28718e-06 7.51991 -0.00773199 11
252.373 250.658 2.32856 -3.12316 3.21163e-05 8.01991 -0.00773199 11
251.873 250.649 2.32856 -3.11937 5.93353e-05 8.51992 -0.00773199 11
251.373 250.638 2.32856 -3.11595 7.8241e-05 9.01995 -0.00773199 11
250.873 250.625 2.32856 -3.11289 8.96233e-05 9.51999 -0.00773199 11
250.373 250.611 2.32856 -3.11021 9.4323e-05 10.0201 -0.00773199 11
249.874 250.595 2.32856 -3.10788 9.31723e-05 10.5201 -0.00773199 11
249.374 250.578 2.32856 -3.10592 8.69944e-05 11.0203 -0.00773199 11
248.874 250.56 2.32856 -3.10432 7.66045e-05 11.5204 -0.00773199 11
248.374 250.542 2.32856 -3.10309 6.28147e-05 12.0205 -0.00773199 11
247.874 250.522 2.32856 -3.10221 4.64567e-05 12.5207 -0.00773199 11
247.375 250.503 2.32856 -3.10168 2.84464e-05 13.0209 -0.00773199 11
246.875 250.483 2.32856 -3.1015 9.90804e-06 13.5211 -0.00773199 11
246.375 250.463 2.32856 -3.10163 -7.71403e-06 14.0213 -0.00773199 11
245.875 250.443 2.32856 -3.10204 -2.27561e-05 14.5215 -0.00773199 11
245.375 250.423 2.32856 -3.10266 -3.38066e-05 15.0216 -0.00773199 11
244.876 250.403 2.32856 -3.10342 -4.03254e-05 15.5218 -0.00773199 11
244.376 250.384 1.92485 -3.10426 -4.28725e-05 16.022 0.0323116 0
243.876 250.366 1.92485 -3.10514 -4.26998e-05 16.5221 0.0323116 0
243.376 250.347 1.92485 -3.10601 -4.1075e-05 17.0223 0.0323116 0
242.876 250.33 1.92485 -3.10687 -3.88625e-05 17.5224 0.0323116 0
242.377 250.312 1.92485 -3.10771 -3.64952e-05 18.0225 0.0323116 0
241.877 250.295 1.92485 -3.10853 -3.41388e-05 18.5226 0.0323116 0
241.377 250.279 1.92485 -3.10932 -3.18438e-05 19.0227 0.0323116 0
240.877 250.263 1.92485 -3.11008 -2.9624e-05 19.5228 0.0323116 0
240.377 250.247 1.92485 -3.11082 -2.74841e-05 20.0229 0.0323116 0
239.877 250.232 1.92485 -3.11154 -2.54265e-05 20.523 0.0323116 0
239.377 250.216 1.92485 -3.11222 -2.3453e-05 21.0231 0.0323116 0
238.878 250.202 1.92485 -3.11287 -2.15646e-05 21.5232 0.0323116 0
238.378 250.187 1.92485 -3.1135 -1.97616e-05 22.0232 0.0323116 0
237.878 250.173 1.92485 -3.11409 -1.80437e-05 22.5233 0.0323116 0
237.378 250.16 1.92485 -3.11465 -1.641e-05 23.0233 0.0323116 0
236.878 250.146 1.92485 -3.11517 -1.48585e-05 23.5234 0.0323116 0
236.378 250.133 1.92485 -3.11566 -1.33867e-05 24.0234 0.0323116 0
235.878 250.12 1.92485 -3.11612 -1.19912e-05 24.5235 0.0323116 0
235.379 250.107 1.92485 -3.11654 -1.06676e-05 25.0235 0.0323116 0
234.879 250.095 1.92485 -3.11692 -9.41092e-06 25.5236 0.0323116 0
234.379 250.082 1.92485 -3.11726 -8.21515e-06 26.0236 0.0323116 0
233.879 250.07 1.92485 -3.11757 -7.07354e-06 26.5236 0.0323116 0
233.379 250.058 1.92485 -3.11783 -5.97855e-06 27.0237 0.0323116 0
232.879 250.046 1.92485 -3.11805 -4.92194e-06 27.5237 0.0323116 0
232.379 250.035 1.92485 -3.11823 -3.89484e-06 28.0237 0.0323116 0
231.879 250.023 1.92485 -3.11837 -2.88788e-06 28.5238 0.0323116 0
231.379 250.011 1.92485 -3.11846 -1.89127e-06 29.0238 0.0323116 0
230.88 250 1.92485 -3.11851 -8.94944e-07 29.5238 0.0323116 0
230.38 249.988 1.92485 -3.11851 -2.06311e-07 30.0238 0.0323116 0
