257.374 250.586 2.73694 3.08721 -4.69087e-12 0 -0.0088929 10
256.874 250.613 2.73694 3.09659 -0.00143398 0.501122 -0.0088929 10
256.374 250.635 2.73694 3.10746 -0.00113063 1.00195 -0.0088929 10
255.873 250.653 2.73694 3.11783 -0.000859004 1.5025 -0.0088929 10
255.373 250.664 2.73694 3.1277 -0.000617991 2.00283 -0.0088929 10
254.873 250.671 2.73694 3.13708 -0.000406358 2.503 -0.0088929 10
254.373 250.674 2.73694 -3.13723 -0.000222777 3.00308 -0.0088929 10
253.873 250.671 2.73694 -3.12886 -6.5843e-05 3.50309 -0.0088929 10
253.373 250.665 2.73694 -3.12099 6.59084e-05 4.00309 -0.0088929 10
252.873 250.655 2.73694 -3.11363 0.000173985 4.50311 -0.0088929 10
252.373 250.641 2.73694 -3.10676 0.000259923 5.00317 -0.0088929 10
251.873 250.623 2.73694 -3.10039 0.00032528 5.50329 -0.0088929 10
251.374 250.603 2.73694 -3.09452 0.000371617 6.0035 -0.0088929 10
250.874 250.579 2.73694 -3.08915 0.0004005 6.50379 -0.0088929 10
250.374 250.553 2.73694 -3.08427 0.000413484 7.00419 -0.0088929 10
249.874 250.524 2.73694 -3.07989 0.000412115 7.50469 -0.0088929 10
249.375 250.493 2.73694 -3.076 0.000397923 8.0053 -0.0088929 10
248.875 250.461 2.73694 -3.0726 0.00037242 8.506 -0.0088929 10
248.376 250.426 2.73694 -3.06969 0.0003371 9.0068 -0.0088929 10
247.876 250.39 2.73694 -3.06727 0.000293434 9.50768 -0.0088929 10
247.376 250.353 2.73694 -3.06533 0.000242877 10.0086 -0.0088929 10
246.877 250.315 2.73694 -3.06388 0.000186863 10.5097 -0.0088929 10
246.377 250.276 2.73694 -3.06292 0.000126809 11.0107 -0.0088929 10
245.878 250.236 2.73694 -3.06243 6.41237e-05 11.5118 -0.0088929 10
245.378 250.197 2.73694 -3.06243 2.29661e-07 12.0129 -0.0088929 10
244.879 250.157 2.73694 -3.06291 -6.33416e-05 12.514 -0.0088929 10
244.379 250.118 2.73694 -3.06385 -0.000124707 13.0151 -0.0088929 10
243.88 250.079 2.73694 -3.06525 -0.000181215 13.5162 -0.0088929 10
243.38 250.041 2.73694 -3.06706 -0.000229173 14.0172 -0.0088929 10
242.88 250.003 2.73694 -3.06922 -0.000264379 14.5182 -0.0088929 10
242.381 249.967 2.32857 -3.07162 -0.000283827 15.0191 -0.00773132 0
241.881 249.932 2.32857 -3.07417 -0.000287551 15.5199 -0.00773132 0
241.382 249.898 2.32857 -3.07676 -0.000278892 16.0206 -0.00773132 0
240.882 249.866 2.32857 -3.07933 -0.000262765 16.5213 -0.00773132 0
240.382 249.835 2.32857 -3.08184 -0.000243471 17.0219 -0.00773132 0
239.883 249.805 2.32857 -3.08428 -0.000223648 17.5225 -0.00773132 0
239.383 249.776 2.32857 -3.08662 -0.00020448 18.023 -0.00773132 0
238.883 249.749 2.32857 -3.08888 -0.000186353 18.5235 -0.00773132 0
238.384 249.722 2.32857 -3.09105 -0.000169344 19.0239 -0.00773132 0
237.884 249.697 2.32857 -3.09313 -0.000153441 19.5242 -0.00773132 0
237.384 249.673 2.32857 -3.09511 -0.000138614 20.0245 -0.00773132 0
236.884 249.65 2.32857 -3.09701 -0.000124826 20.5248 -0.00773132 0
236.385 249.627 2.32857 -3.09881 -0.00011204 21.0251 -0.00773132 0
235.885 249.606 2.32857 -3.10051 -0.000100215 21.5253 -0.00773132 0
235.385 249.585 2.32857 -3.10213 -8.93106e-05 22.0255 -0.00773132 0
234.885 249.566 2.32857 -3.10364 -7.92821e-05 22.5257 -0.00773132 0
234.386 249.547 2.32857 -3.10506 -7.00843e-05 23.0259 -0.00773132 0
233.886 249.528 2.32857 -3.10639 -6.16703e-05 23.526 -0.00773132 0
233.386 249.511 2.32857 -3.10761 -5.39913e-05 24.0261 -0.00773132 0
232.886 249.494 2.32857 -3.10874 -4.69972e-05 24.5262 -0.00773132 0
232.386 249.477 2.32857 -3.10977 -4.06364e-05 25.0264 -0.00773132 0
231.886 249.462 2.32857 -3.1107 -3.48564e-05 25.5264 -0.00773132 0
231.387 249.446 2.32857 -3.11152 -2.96034e-05 26.0265 -0.00773132 0
230.887 249.431 2.32857 -3.11225 -2.48226e-05 26.5266 -0.00773132 0
230.387 249.416 2.32857 -3.11287 -2.04586e-05 27.0267 -0.00773132 0
229.887 249.402 2.32857 -3.1134 -1.64553e-05 27.5267 -0.00773132 0
229.387 249.388 2.32857 -3.11382 -1.27558e-05 28.0268 -0.00773132 0
228.887 249.374 2.32857 -3.11413 -9.30285e-06 28.5269 -0.00773132 0
228.387 249.36 2.32857 -3.11434 -6.03815e-06 29.0269 -0.00773132 0
227.888 249.347 2.32857 -3.11445 -2.90266e-06 29.527 -0.00773132 0
227.388 249.333 2.32857 -3.11445 -8.33942e-07 30.027 -0.00773132 0
