452.802 253.017 0.9972 3.0769 3.00827e-13 0 -0.210668 7
452.301 253.05 0.9972 3.08944 -0.00220574 0.501496 -0.210668 7
451.801 253.076 0.9972 3.10353 -0.00161887 1.00254 -0.210668 7
451.301 253.095 0.9972 3.11642 -0.00113247 1.50319 -0.210668 7
450.801 253.108 0.9972 3.12808 -0.00073919 2.00354 -0.210668 7
450.301 253.114 0.9972 3.13851 -0.000431027 2.50371 -0.210668 7
449.8 253.116 0.9972 -3.13547 -0.000199496 3.00377 -0.210668 7
449.3 253.113 0.9972 -3.12748 -3.57246e-05 3.50378 -0.210668 7
448.8 253.106 0.9972 -3.12069 6.97378e-05 4.00378 -0.210668 7
448.301 253.095 0.00142393 -3.11505 0.000127527 4.5038 0.00484798 0
447.801 253.082 0.00142393 -3.11047 0.000149999 5.00385 0.00484798 0
447.301 253.066 0.00142393 -3.10677 0.000150414 5.50394 0.00484798 0
446.801 253.049 0.00142393 -3.1038 0.000140317 6.00406 0.00484798 0
446.301 253.03 0.00142393 -3.10139 0.000126917 6.50422 0.00484798 0
445.801 253.01 0.00142393 -3.09941 0.000112785 7.00441 0.00484798 0
445.302 252.989 0.00142393 -3.09781 9.77785e-05 7.50463 0.00484798 0
444.802 252.967 0.00142393 -3.09653 8.11899e-05 8.00487 0.00484798 0
444.302 252.945 0.00142393 -3.09558 6.27653e-05 8.50514 0.00484798 0
443.802 252.922 0.00142393 -3.09495 4.27486e-05 9.00542 0.00484798 0
443.303 252.898 0.00142393 -3.09462 2.16365e-05 9.50571 0.00484798 0
442.803 252.875 0 -3.09462 7.01919e-06 10.006 0 0
