452.802 253.017 0.9972 3.0769 3.00787e-13 0 -0.211819 7
452.301 253.05 0.9972 3.08945 -0.0022053 0.501496 -0.211819 7
451.801 253.076 0.9972 3.10354 -0.00161856 1.00254 -0.211819 7
451.301 253.095 0.9972 3.11642 -0.00113227 1.50319 -0.211819 7
450.801 253.107 0.9972 3.12808 -0.000739075 2.00354 -0.211819 7
450.301 253.114 0.9972 3.13851 -0.00043098 2.50371 -0.211819 7
449.8 253.116 0.9972 -3.13547 -0.000199498 3.00377 -0.211819 7
449.3 253.113 0.9972 -3.12748 -3.57587e-05 3.50378 -0.211819 7
448.801 253.106 0.9972 -3.1207 6.96852e-05 4.00378 -0.211819 7
448.301 253.095 0.00133778 -3.11506 0.000127467 4.5038 -0.00311507 0
447.801 253.082 0.00133778 -3.11047 0.000149939 5.00385 -0.00311507 0
447.301 253.066 0.00133778 -3.10678 0.00015036 5.50394 -0.00311507 0
446.801 253.049 0.00133778 -3.10381 0.000140269 6.00406 -0.00311507 0
446.301 253.03 0.00133778 -3.1014 0.000126875 6.50422 -0.00311507 0
445.801 253.01 0.00133778 -3.09942 0.000112749 7.00441 -0.00311507 0
445.302 252.989 0.00133778 -3.09781 9.77475e-05 7.50463 -0.00311507 0
444.802 252.967 0.00133778 -3.09654 8.11645e-05 8.00487 -0.00311507 0
444.302 252.944 0.00133778 -3.09559 6.27458e-05 8.50514 -0.00311507 0
443.802 252.921 0.00133778 -3.09495 4.27354e-05 9.00542 -0.00311507 0
443.303 252.898 0.00133778 -3.09462 2.16298e-05 9.50571 -0.00311507 0
442.803 252.875 0 -3.09462 7.01703e-06 10.006 0 0
