452.802 253.017 0.9972 3.07691 3.00768e-13 0 -0.211208 7
452.301 253.05 0.9972 3.08946 -0.00220507 0.501495 -0.211208 7
451.801 253.076 0.9972 3.10355 -0.00161832 1.00254 -0.211208 7
451.301 253.095 0.9972 3.11643 -0.00113203 1.50318 -0.211208 7
450.801 253.108 0.9972 3.12809 -0.000738846 2.00354 -0.211208 7
450.301 253.114 0.9972 3.13852 -0.000430764 2.50371 -0.211208 7
449.8 253.116 0.9972 -3.13546 -0.000199299 3.00377 -0.211208 7
449.3 253.113 0.9972 -3.12747 -3.55805e-05 3.50378 -0.211208 7
448.801 253.106 0.9972 -3.12068 6.98399e-05 4.00378 -0.211208 7
448.301 253.095 0.00184426 -3.11505 0.000127597 4.5038 0.000325157 0
447.801 253.082 0.00184426 -3.11046 0.000150045 5.00385 0.000325157 0
447.301 253.066 0.00184426 -3.10677 0.000150445 5.50393 0.000325157 0
446.801 253.049 0.00184426 -3.1038 0.000140337 6.00406 0.000325157 0
446.301 253.03 0.00184426 -3.10139 0.00012693 6.50422 0.000325157 0
445.801 253.01 0.00184426 -3.09941 0.000112794 7.00441 0.000325157 0
445.302 252.989 0.00184426 -3.0978 9.7784e-05 7.50463 0.000325157 0
444.802 252.967 0.00184426 -3.09653 8.11934e-05 8.00487 0.000325157 0
444.302 252.944 0.00184426 -3.09558 6.27674e-05 8.50514 0.000325157 0
443.802 252.921 0.00184426 -3.09494 4.27497e-05 9.00542 0.000325157 0
443.303 252.898 0.00184426 -3.09461 2.1637e-05 9.50571 0.000325157 0
442.803 252.875 0 -3.09461 7.01934e-06 10.006 0 0
