452.802 252.992 2.71369 3.07636 2.97212e-13 0 -0.00889686 11
452.302 253.025 2.71369 3.08632 -0.00177689 0.501517 -0.00889686 11
451.801 253.052 2.71369 3.09786 -0.00142984 1.00267 -0.00889686 11
451.301 253.074 2.71369 3.10889 -0.00111752 1.50346 -0.00889686 11
450.801 253.09 2.71369 3.1194 -0.000838868 2.00397 -0.00889686 11
450.301 253.102 2.71369 3.12939 -0.000592644 2.50428 -0.00889686 11
449.801 253.108 2.71369 3.13886 -0.000377498 3.00443 -0.00889686 11
449.3 253.109 2.71369 -3.13538 -0.000191969 3.50449 -0.00889686 11
448.8 253.106 2.71369 -3.12696 -3.45153e-05 4.0045 -0.00889686 11
448.301 253.099 2.71369 -3.11906 9.64679e-05 4.5045 -0.00889686 11
447.801 253.087 2.71369 -3.11169 0.000202631 5.00452 -0.00889686 11
447.301 253.072 2.71369 -3.10484 0.000285653 5.5046 -0.00889686 11
446.801 253.054 2.71369 -3.09851 0.000347233 6.00475 -0.00889686 11
446.301 253.032 2.71369 -3.09271 0.000389076 6.50498 -0.00889686 11
445.801 253.008 2.71369 -3.08742 0.000412885 7.00531 -0.00889686 11
445.302 252.981 2.71369 -3.08265 0.000420354 7.50574 -0.00889686 11
444.802 252.951 2.71369 -3.0784 0.000413165 8.00628 -0.00889686 11
444.302 252.92 2.71369 -3.07466 0.000392981 8.50692 -0.00889686 11
443.803 252.886 2.71369 -3.07143 0.000361446 9.00766 -0.00889686 11
443.303 252.851 2.71369 -3.06872 0.000320182 9.50849 -0.00889686 11
442.804 252.815 2.71369 -3.06652 0.000270792 10.0094 -0.00889686 11
442.304 252.777 2.71369 -3.06482 0.000214855 10.5104 -0.00889686 11
441.805 252.739 2.71369 -3.06364 0.000153934 11.0114 -0.00889686 11
441.305 252.7 2.71369 -3.06295 8.95791e-05 11.5125 -0.00889686 11
440.805 252.66 2.71369 -3.06278 2.33537e-05 12.0136 -0.00889686 11
440.306 252.621 2.71369 -3.0631 -4.30681e-05 12.5147 -0.00889686 11
439.806 252.582 2.71369 -3.06392 -0.000107651 13.0158 -0.00889686 11
439.307 252.543 0.00243787 -3.06521 -0.000167569 13.5168 0.00303883 0
438.807 252.505 0.00243787 -3.06694 -0.000218902 14.0178 0.00303883 0
438.308 252.467 0.00243787 -3.06903 -0.000257187 14.5188 0.00303883 0
437.808 252.431 0.00243787 -3.07138 -0.000279166 15.0197 0.00303883 0
437.309 252.396 0.00243787 -3.07389 -0.000284743 15.5205 0.00303883 0
436.809 252.362 0.00243787 -3.07645 -0.000277292 16.0213 0.00303883 0
436.309 252.329 0.00243787 -3.079 -0.00026189 16.522 0.00303883 0
435.81 252.298 0.00243787 -3.08149 -0.000243031 17.0226 0.00303883 0
435.31 252.268 0.00243787 -3.0839 -0.000223496 17.5232 0.00303883 0
434.81 252.239 0.00243787 -3.08623 -0.000204546 18.0237 0.00303883 0
434.311 252.211 0.00243787 -3.08847 -0.000186601 18.5242 0.00303883 0
433.811 252.185 0.00243787 -3.09062 -0.000169748 19.0246 0.00303883 0
433.311 252.159 0.00243787 -3.09268 -0.000153978 19.5249 0.00303883 0
432.811 252.135 0.00243787 -3.09465 -0.000139263 20.0253 0.00303883 0
432.312 252.111 0.00243787 -3.09653 -0.000125566 20.5256 0.00303883 0
431.812 252.089 0.00243787 -3.09831 -0.000112852 21.0258 0.00303883 0
431.312 252.067 0.00243787 -3.10001 -0.000101081 21.5261 0.00303883 0
430.812 252.046 0.00243787 -3.10161 -9.02134e-05 22.0263 0.00303883 0
430.313 252.026 0.00243787 -3.10311 -8.0207e-05 22.5265 0.00303883 0
429.813 252.007 0.00243787 -3.10452 -7.10179e-05 23.0266 0.00303883 0
429.313 251.989 0.00243787 -3.10583 -6.26007e-05 23.5268 0.00303883 0
428.813 251.971 0.00243787 -3.10705 -5.49085e-05 24.0269 0.00303883 0
428.313 251.953 0.00243787 -3.10817 -4.78928e-05 24.527 0.00303883 0
427.814 251.937 0.00243787 -3.10919 -4.15035e-05 25.0272 0.00303883 0
427.314 251.92 0.00243787 -3.11011 -3.5689e-05 25.5272 0.00303883 0
426.814 251.905 0.00243787 -3.11093 -3.03964e-05 26.0273 0.00303883 0
426.314 251.889 0.00243787 -3.11165 -2.5571e-05 26.5274 0.00303883 0
425.814 251.874 0.00243787 -3.11227 -2.1157e-05 27.0275 0.00303883 0
425.314 251.86 0.00243787 -3.11279 -1.70969e-05 27.5276 0.00303883 0
424.814 251.845 0.00243787 -3.1132 -1.33319e-05 28.0276 0.00303883 0
424.315 251.831 0.00243787 -3.11352 -9.80186e-06 28.5277 0.00303883 0
423.815 251.817 0.00243787 -3.11373 -6.44508e-06 29.0278 0.00303883 0
423.315 251.803 0.00243787 -3.11384 -3.19855e-06 29.5278 0.00303883 0
422.815 251.789 0.00243787 -3.11384 -1.03035e-06 30.0279 0.00303883 0
