452.802 253.018 0.926064 3.07614 3.00742e-13 0 -0.00547298 12
452.301 253.051 0.926064 3.08483 -0.00156669 0.501525 -0.00547298 12
451.801 253.079 0.926064 3.09491 -0.00129338 1.00273 -0.00547298 12
451.301 253.102 0.926064 3.10454 -0.00104649 1.50361 -0.00547298 12
450.8 253.121 0.926064 3.11373 -0.000825139 2.00422 -0.00547298 12
450.3 253.135 0.926064 3.12246 -0.000628338 2.50463 -0.00547298 12
449.8 253.144 0.926064 3.13074 -0.000455032 3.00488 -0.00547298 12
449.3 253.15 0.926064 3.13857 -0.000304102 3.50502 -0.00547298 12
448.8 253.151 0.926064 -3.13724 -0.000174383 4.00508 -0.00547298 12
448.3 253.149 0.926064 -3.13032 -6.46695e-05 4.5051 -0.00547298 12
447.8 253.144 0.926064 -3.12384 2.62695e-05 5.0051 -0.00547298 12
447.3 253.135 0.926064 -3.11782 9.96833e-05 5.50511 -0.00547298 12
446.8 253.123 0.926064 -3.11225 0.000156831 6.00514 -0.00547298 12
446.3 253.108 0.926064 -3.10712 0.000198977 6.50521 -0.00547298 12
445.8 253.091 0.926064 -3.10245 0.000227383 7.00533 -0.00547298 12
445.301 253.071 0.926064 -3.09822 0.000243307 7.5055 -0.00547298 12
444.801 253.05 0.926064 -3.09444 0.000248018 8.00574 -0.00547298 12
444.301 253.026 0.926064 -3.09109 0.000242879 8.50604 -0.00547298 12
443.801 253.001 0.926064 -3.08818 0.000229574 9.0064 -0.00547298 12
443.302 252.974 0.926064 -3.08568 0.00021048 9.50682 -0.00547298 12
442.802 252.946 0.926064 -3.08354 0.000188829 10.0073 -0.00547298 12
442.302 252.917 0.926064 -3.08172 0.000168161 10.5078 -0.00547298 12
441.803 252.887 0.926064 -3.08014 0.00015109 11.0084 -0.00547298 12
441.303 252.856 0.00147458 -3.07874 0.000138353 11.509 -0.00350303 0
440.803 252.825 0.00147458 -3.07747 0.00012901 12.0096 -0.00350303 0
440.304 252.793 0.00147458 -3.0763 0.000121509 12.5103 -0.00350303 0
439.804 252.76 0.00147458 -3.07522 0.000114613 13.011 -0.00350303 0
439.305 252.727 0.00147458 -3.07423 0.000107674 13.5117 -0.00350303 0
438.805 252.693 0.00147458 -3.07332 0.000100462 14.0124 -0.00350303 0
438.305 252.659 0.00147458 -3.07249 9.29414e-05 14.5132 -0.00350303 0
437.806 252.624 0.00147458 -3.07174 8.51386e-05 15.014 -0.00350303 0
437.306 252.59 0.00147458 -3.07107 7.70932e-05 15.5148 -0.00350303 0
436.806 252.554 0.00147458 -3.07048 6.88458e-05 16.0157 -0.00350303 0
436.307 252.519 0.00147458 -3.06997 6.04357e-05 16.5165 -0.00350303 0
435.807 252.483 0.00147458 -3.06953 5.19007e-05 17.0174 -0.00350303 0
435.308 252.447 0.00147458 -3.06917 4.32771e-05 17.5183 -0.00350303 0
434.808 252.411 0.00147458 -3.06888 3.45997e-05 18.0192 -0.00350303 0
434.309 252.374 0.00147458 -3.06866 2.59019e-05 18.5201 -0.00350303 0
433.809 252.338 0.00147458 -3.06852 1.72154e-05 19.021 -0.00350303 0
433.309 252.301 0.00147458 -3.06845 8.57106e-06 19.5219 -0.00350303 0
432.81 252.264 0 -3.06845 2.7465e-06 20.0228 0 0
