452.802 253.018 0.92614 3.0761 3.00904e-13 0 -0.00547131 12
452.301 253.051 0.92614 3.0848 -0.00156803 0.501527 -0.00547131 12
451.801 253.079 0.92614 3.09488 -0.00129451 1.00273 -0.00547131 12
451.301 253.103 0.92614 3.10452 -0.00104744 1.50361 -0.00547131 12
450.8 253.121 0.92614 3.1137 -0.000825907 2.00423 -0.00547131 12
450.3 253.135 0.92614 3.12244 -0.000628948 2.50464 -0.00547131 12
449.8 253.145 0.92614 3.13072 -0.000455502 3.00489 -0.00547131 12
449.3 253.15 0.92614 3.13856 -0.000304449 3.50503 -0.00547131 12
448.8 253.152 0.92614 -3.13725 -0.000174622 4.00509 -0.00547131 12
448.3 253.149 0.92614 -3.13032 -6.4816e-05 4.5051 -0.00547131 12
447.8 253.144 0.92614 -3.12385 2.62013e-05 5.0051 -0.00547131 12
447.3 253.135 0.92614 -3.11782 9.96798e-05 5.50511 -0.00547131 12
446.8 253.123 0.92614 -3.11225 0.00015688 6.00514 -0.00547131 12
446.3 253.108 0.92614 -3.10712 0.000199067 6.50521 -0.00547131 12
445.8 253.091 0.92614 -3.10245 0.000227503 7.00533 -0.00547131 12
445.301 253.072 0.92614 -3.09821 0.000243447 7.50551 -0.00547131 12
444.801 253.05 0.92614 -3.09443 0.000248169 8.00575 -0.00547131 12
444.301 253.026 0.92614 -3.09108 0.000243033 8.50605 -0.00547131 12
443.801 253.001 0.92614 -3.08817 0.000229725 9.00641 -0.00547131 12
443.302 252.974 0.92614 -3.08567 0.000210623 9.50682 -0.00547131 12
442.802 252.946 0.92614 -3.08353 0.000188961 10.0073 -0.00547131 12
442.302 252.917 0.92614 -3.08171 0.000168282 10.5078 -0.00547131 12
441.803 252.887 0.92614 -3.08013 0.000151201 11.0084 -0.00547131 12
441.303 252.857 0.00134667 -3.07872 0.000138456 11.509 0.003414 0
440.803 252.825 0.00134667 -3.07745 0.000129108 12.0096 0.003414 0
440.304 252.793 0.00134667 -3.07628 0.000121602 12.5103 0.003414 0
439.804 252.76 0.00134667 -3.07521 0.000114702 13.011 0.003414 0
439.305 252.727 0.00134667 -3.07421 0.000107758 13.5117 0.003414 0
438.805 252.693 0.00134667 -3.0733 0.000100541 14.0124 0.003414 0
438.305 252.659 0.00134667 -3.07248 9.30147e-05 14.5132 0.003414 0
437.806 252.625 0.00134667 -3.07173 8.52063e-05 15.014 0.003414 0
437.306 252.59 0.00134667 -3.07106 7.71549e-05 15.5148 0.003414 0
436.806 252.554 0.00134667 -3.07047 6.89011e-05 16.0157 0.003414 0
436.307 252.519 0.00134667 -3.06995 6.04845e-05 16.5165 0.003414 0
435.807 252.483 0.00134667 -3.06951 5.19429e-05 17.0174 0.003414 0
435.308 252.447 0.00134667 -3.06915 4.33125e-05 17.5183 0.003414 0
434.808 252.411 0.00134667 -3.06886 3.46281e-05 18.0192 0.003414 0
434.309 252.374 0.00134667 -3.06865 2.59232e-05 18.5201 0.003414 0
433.809 252.338 0.00134667 -3.0685 1.72297e-05 19.021 0.003414 0
433.309 252.301 0.00134667 -3.06843 8.57817e-06 19.5219 0.003414 0
432.81 252.265 0 -3.06843 2.74879e-06 20.0229 0 0
