452.802 253.018 1.99049 3.07707 3.00904e-13 0 -0.0062503 10
452.301 253.05 1.99049 3.09056 -0.00234314 0.501489 -0.0062503 10
451.801 253.076 1.99049 3.10601 -0.00172082 1.0025 -0.0062503 10
451.301 253.094 1.99049 3.12053 -0.00118244 1.50308 -0.0062503 10
450.801 253.104 1.99049 3.13412 -0.000724472 2.00336 -0.0062503 10
450.301 253.108 1.99049 -3.13643 -0.000342744 2.50346 -0.0062503 10
449.801 253.105 1.99049 -3.12474 -3.26094e-05 3.00348 -0.0062503 10
449.301 253.097 1.99049 -3.114 0.000210951 3.50348 -0.0062503 10
448.801 253.083 1.99049 -3.10421 0.00039321 4.00354 -0.0062503 10
448.301 253.064 1.99049 -3.09537 0.000519609 4.50369 -0.0062503 10
447.801 253.041 1.99049 -3.08748 0.000595679 5.00398 -0.0062503 10
447.302 253.014 1.99049 -3.08054 0.000626985 5.50441 -0.0062503 10
446.802 252.984 1.99049 -3.07455 0.000619081 6.005 -0.0062503 10
446.302 252.95 1.99049 -3.06949 0.000577487 6.50574 -0.0062503 10
445.803 252.914 1.99049 -3.06538 0.000507696 7.00663 -0.0062503 10
445.303 252.876 1.99049 -3.0622 0.000415299 7.50764 -0.0062503 10
444.804 252.836 1.99049 -3.05994 0.000306413 8.00876 -0.0062503 10
444.304 252.795 0.00134667 -3.05858 0.000188617 8.50996 0.003414 0
443.805 252.754 0.00134667 -3.05806 7.20065e-05 9.0112 0.003414 0
443.305 252.712 0.00134667 -3.05825 -3.11955e-05 9.51246 0.003414 0
442.805 252.67 0.00134667 -3.059 -0.000109914 10.0137 0.003414 0
442.306 252.629 0.00134667 -3.06011 -0.000158929 10.5149 0.003414 0
441.806 252.588 0.00134667 -3.06141 -0.000180921 11.0161 0.003414 0
441.307 252.548 0.00134667 -3.06278 -0.000183918 11.5173 0.003414 0
440.807 252.508 0.00134667 -3.06412 -0.000176573 12.0184 0.003414 0
440.308 252.47 0.00134667 -3.0654 -0.000164972 12.5194 0.003414 0
439.808 252.431 0.00134667 -3.06661 -0.000152214 13.0205 0.003414 0
439.309 252.394 0.00134667 -3.06773 -0.000139476 13.5214 0.003414 0
438.809 252.357 0.00134667 -3.06878 -0.000127085 14.0224 0.003414 0
438.31 252.321 0.00134667 -3.06974 -0.000115089 14.5233 0.003414 0
437.81 252.285 0.00134667 -3.07062 -0.000103471 15.0242 0.003414 0
437.31 252.249 0.00134667 -3.07142 -9.21986e-05 15.525 0.003414 0
436.811 252.214 0.00134667 -3.07213 -8.1237e-05 16.0258 0.003414 0
436.311 252.179 0.00134667 -3.07275 -7.05494e-05 16.5267 0.003414 0
435.812 252.145 0.00134667 -3.07329 -6.00973e-05 17.0274 0.003414 0
435.312 252.111 0.00134667 -3.07374 -4.9841e-05 17.5282 0.003414 0
434.812 252.077 0.00134667 -3.0741 -3.97391e-05 18.029 0.003414 0
434.313 252.043 0.00134667 -3.07437 -2.97491e-05 18.5297 0.003414 0
433.813 252.009 0.00134667 -3.07455 -1.98268e-05 19.0305 0.003414 0
433.313 251.976 0.00134667 -3.07465 -9.92692e-06 19.5312 0.003414 0
432.814 251.942 0.00134667 -3.07465 -3.22037e-06 20.032 0.003414 0
