452.802 253.015 2.71379 3.07638 -7.83884e-10 0 -0.00889726 11
452.302 253.047 2.71379 3.08647 -0.00179972 0.501516 -0.00889726 11
451.801 253.075 2.71379 3.09817 -0.00144395 1.00266 -0.00889726 11
451.301 253.097 2.71379 3.10935 -0.001124 1.50345 -0.00889726 11
450.801 253.113 2.71379 3.12 -0.000838765 2.00395 -0.00889726 11
450.3 253.124 2.71379 3.13012 -0.000586969 2.50424 -0.00889726 11
449.8 253.129 2.71379 3.13971 -0.000367216 3.00439 -0.00889726 11
449.3 253.13 2.71379 -3.13442 -0.000177995 3.50444 -0.00889726 11
448.8 253.127 2.71379 -3.1259 -1.77076e-05 4.00445 -0.00889726 11
448.3 253.119 2.71379 -3.11791 0.00011533 4.50445 -0.00889726 11
447.8 253.107 2.71379 -3.11045 0.000222854 5.00448 -0.00889726 11
447.301 253.091 2.71379 -3.10352 0.000306603 5.50457 -0.00889726 11
446.801 253.072 2.71379 -3.09713 0.00036833 6.00473 -0.00889726 11
446.301 253.05 2.71379 -3.09126 0.000409795 6.50498 -0.00889726 11
445.801 253.025 2.71379 -3.08592 0.000432757 7.00534 -0.00889726 11
445.302 252.997 2.71379 -3.08111 0.000438964 7.5058 -0.00889726 11
444.802 252.967 2.71379 -3.07682 0.000430151 8.00638 -0.00889726 11
444.302 252.934 2.71379 -3.07305 0.000408033 8.50706 -0.00889726 11
443.803 252.9 2.71379 -3.0698 0.000374305 9.00785 -0.00889726 11
443.303 252.864 2.71379 -3.06708 0.00033064 9.50873 -0.00889726 11
442.804 252.827 2.71379 -3.06487 0.000278689 10.0097 -0.00889726 11
442.304 252.788 2.71379 -3.06318 0.000220081 10.5107 -0.00889726 11
441.804 252.749 2.71379 -3.062 0.000156424 11.0118 -0.00889726 11
441.305 252.709 2.71379 -3.06134 8.93166e-05 11.5129 -0.00889726 11
440.805 252.669 2.71379 -3.06119 2.037e-05 12.0141 -0.00889726 11
440.306 252.629 2.71379 -3.06154 -4.86888e-05 12.5152 -0.00889726 11
439.806 252.589 2.71379 -3.0624 -0.000115756 13.0164 -0.00889726 11
439.307 252.549 0.000814137 -3.06375 -0.000177903 13.5175 0.00360639 0
438.807 252.51 0.000814137 -3.06553 -0.000231066 14.0186 0.00360639 0
438.308 252.472 0.000814137 -3.06768 -0.000270613 14.5196 0.00360639 0
437.808 252.435 0.000814137 -3.07009 -0.000293178 15.0205 0.00360639 0
437.308 252.399 0.000814137 -3.07267 -0.000298679 15.5214 0.00360639 0
436.809 252.365 0.000814137 -3.0753 -0.000290647 16.0222 0.00360639 0
436.309 252.332 0.000814137 -3.07791 -0.000274371 16.5229 0.00360639 0
435.81 252.3 0.000814137 -3.08046 -0.000254525 17.0235 0.00360639 0
435.31 252.269 0.000814137 -3.08293 -0.000233998 17.5241 0.00360639 0
434.81 252.24 0.000814137 -3.08532 -0.000214101 18.0247 0.00360639 0
434.311 252.212 0.000814137 -3.08761 -0.000195265 18.5251 0.00360639 0
433.811 252.185 0.000814137 -3.08982 -0.000177581 19.0256 0.00360639 0
433.311 252.159 0.000814137 -3.09193 -0.000161038 19.526 0.00360639 0
432.811 252.134 0.000814137 -3.09394 -0.000145605 20.0263 0.00360639 0
432.312 252.11 0.000814137 -3.09587 -0.000131245 20.5266 0.00360639 0
431.812 252.087 0.000814137 -3.0977 -0.000117919 21.0269 0.00360639 0
431.312 252.065 0.000814137 -3.09943 -0.000105586 21.5271 0.00360639 0
430.812 252.044 0.000814137 -3.10107 -9.42037e-05 22.0274 0.00360639 0
430.313 252.024 0.000814137 -3.10261 -8.37265e-05 22.5275 0.00360639 0
429.813 252.005 0.000814137 -3.10405 -7.41088e-05 23.0277 0.00360639 0
429.313 251.986 0.000814137 -3.1054 -6.53024e-05 23.5279 0.00360639 0
428.813 251.968 0.000814137 -3.10664 -5.7258e-05 24.028 0.00360639 0
428.313 251.95 0.000814137 -3.10779 -4.99242e-05 24.5281 0.00360639 0
427.814 251.933 0.000814137 -3.10883 -4.32485e-05 25.0283 0.00360639 0
427.314 251.917 0.000814137 -3.10977 -3.71764e-05 25.5284 0.00360639 0
426.814 251.901 0.000814137 -3.11061 -3.16522e-05 26.0285 0.00360639 0
426.314 251.886 0.000814137 -3.11135 -2.66186e-05 26.5285 0.00360639 0
425.814 251.87 0.000814137 -3.11199 -2.20168e-05 27.0286 0.00360639 0
425.314 251.856 0.000814137 -3.11252 -1.77866e-05 27.5287 0.00360639 0
424.814 251.841 0.000814137 -3.11294 -1.38661e-05 28.0288 0.00360639 0
424.315 251.827 0.000814137 -3.11326 -1.01923e-05 28.5288 0.00360639 0
423.815 251.813 0.000814137 -3.11348 -6.70055e-06 29.0289 0.00360639 0
423.315 251.799 0.000814137 -3.11359 -3.32489e-06 29.5289 0.00360639 0
422.815 251.785 0.000814137 -3.11359 -1.07098e-06 30.029 0.00360639 0
