452.802 253.015 2.70948 3.0764 3.00456e-13 0 -0.00878515 10
452.302 253.047 2.70948 3.08662 -0.00182004 0.501515 -0.00878515 10
451.801 253.075 2.70948 3.09844 -0.00145392 1.00266 -0.00878515 10
451.301 253.096 2.70948 3.10971 -0.00112606 1.50343 -0.00878515 10
450.801 253.112 2.70948 3.12042 -0.000835183 2.00393 -0.00878515 10
450.3 253.123 2.70948 3.13057 -0.000579862 2.50421 -0.00878515 10
449.8 253.128 2.70948 3.14016 -0.000358509 3.00435 -0.00878515 10
449.3 253.129 2.70948 -3.134 -0.000169423 3.5044 -0.00878515 10
448.8 253.125 2.70948 -3.12552 -1.0769e-05 4.00441 -0.00878515 10
448.3 253.117 2.70948 -3.11759 0.000120067 4.50441 -0.00878515 10
447.8 253.105 2.70948 -3.11018 0.000225653 5.00444 -0.00878515 10
447.301 253.09 2.70948 -3.1033 0.000307762 5.50453 -0.00878515 10
446.801 253.07 2.70948 -3.09695 0.00036813 6.0047 -0.00878515 10
446.301 253.048 2.70948 -3.09113 0.000408496 6.50496 -0.00878515 10
445.801 253.023 2.70948 -3.08583 0.000430602 7.00531 -0.00878515 10
445.302 252.995 2.70948 -3.08105 0.000436176 7.50578 -0.00878515 10
444.802 252.965 2.70948 -3.0768 0.000426932 8.00636 -0.00878515 10
444.302 252.932 2.70948 -3.07306 0.000404568 8.50704 -0.00878515 10
443.803 252.898 2.70948 -3.06985 0.000370759 9.00782 -0.00878515 10
443.303 252.862 2.70948 -3.06715 0.000327158 9.5087 -0.00878515 10
442.804 252.825 2.70948 -3.06496 0.000275399 10.0097 -0.00878515 10
442.304 252.786 2.70948 -3.06329 0.00021709 10.5107 -0.00878515 10
441.804 252.747 2.70948 -3.06213 0.000153824 11.0118 -0.00878515 10
441.305 252.708 2.70948 -3.06148 8.71795e-05 11.5129 -0.00878515 10
440.805 252.667 2.70948 -3.06134 1.87505e-05 12.014 -0.00878515 10
440.306 252.627 2.70948 -3.06171 -4.97549e-05 12.5152 -0.00878515 10
439.806 252.587 2.70948 -3.06258 -0.000116254 13.0163 -0.00878515 10
439.307 252.548 2.70948 -3.06392 -0.000177847 13.5174 -0.00878515 10
438.807 252.509 2.70948 -3.0657 -0.000230503 14.0185 -0.00878515 10
438.308 252.471 2.70948 -3.06785 -0.000269637 14.5195 -0.00878515 10
437.808 252.434 2.71379 -3.07027 -0.000291915 15.0204 -0.00889726 0
437.308 252.398 2.71379 -3.07284 -0.000297267 15.5213 -0.00889726 0
436.809 252.364 2.71379 -3.07546 -0.0002892 16.0221 -0.00889726 0
436.309 252.331 2.71379 -3.07806 -0.000272965 16.5228 -0.00889726 0
435.81 252.299 2.71379 -3.08061 -0.000253199 17.0235 -0.00889726 0
435.31 252.268 2.71379 -3.08308 -0.000232765 17.524 -0.00889726 0
434.81 252.239 2.71379 -3.08546 -0.000212961 18.0246 -0.00889726 0
434.311 252.211 2.71379 -3.08775 -0.000194216 18.525 -0.00889726 0
433.811 252.184 2.71379 -3.08995 -0.000176616 19.0255 -0.00889726 0
433.311 252.158 2.71379 -3.09205 -0.000160153 19.5258 -0.00889726 0
432.811 252.134 2.71379 -3.09407 -0.000144796 20.0262 -0.00889726 0
432.312 252.11 2.71379 -3.09599 -0.000130506 20.5265 -0.00889726 0
431.812 252.087 2.71379 -3.09781 -0.000117247 21.0268 -0.00889726 0
431.312 252.065 2.71379 -3.09954 -0.000104975 21.527 -0.00889726 0
430.812 252.044 2.71379 -3.10118 -9.36503e-05 22.0272 -0.00889726 0
430.313 252.024 2.71379 -3.10271 -8.3227e-05 22.5274 -0.00889726 0
429.813 252.004 2.71379 -3.10415 -7.36593e-05 23.0276 -0.00889726 0
429.313 251.986 2.71379 -3.10549 -6.48996e-05 23.5278 -0.00889726 0
428.813 251.968 2.71379 -3.10674 -5.68986e-05 24.0279 -0.00889726 0
428.313 251.95 2.71379 -3.10788 -4.96053e-05 24.528 -0.00889726 0
427.814 251.933 2.71379 -3.10892 -4.29673e-05 25.0281 -0.00889726 0
427.314 251.917 2.71379 -3.10986 -3.69304e-05 25.5282 -0.00889726 0
426.814 251.901 2.71379 -3.1107 -3.14392e-05 26.0283 -0.00889726 0
426.314 251.886 2.71379 -3.11144 -2.64366e-05 26.5284 -0.00889726 0
425.814 251.871 2.71379 -3.11207 -2.1864e-05 27.0285 -0.00889726 0
425.314 251.856 2.71379 -3.1126 -1.76614e-05 27.5286 -0.00889726 0
424.814 251.841 2.71379 -3.11303 -1.37674e-05 28.0286 -0.00889726 0
424.315 251.827 2.71379 -3.11334 -1.0119e-05 28.5287 -0.00889726 0
423.815 251.813 2.71379 -3.11356 -6.65208e-06 29.0287 -0.00889726 0
423.315 251.799 2.71379 -3.11367 -3.30074e-06 29.5288 -0.00889726 0
422.815 251.785 2.71379 -3.11367 -1.06318e-06 30.0289 -0.00889726 0
