452.802 252.991 2.71387 3.0764 2.96957e-13 0 -0.00889759 11
452.302 253.024 2.71387 3.08635 -0.00177476 0.501515 -0.00889759 11
451.801 253.051 2.71387 3.09788 -0.00142824 1.00267 -0.00889759 11
451.301 253.073 2.71387 3.1089 -0.00111639 1.50346 -0.00889759 11
450.801 253.089 2.71387 3.1194 -0.000838156 2.00397 -0.00889759 11
450.301 253.101 2.71387 3.12938 -0.000592297 2.50427 -0.00889759 11
449.801 253.107 2.71387 3.13884 -0.000377464 3.00443 -0.00889759 11
449.301 253.108 2.71387 -3.1354 -0.000192198 3.50449 -0.00889759 11
448.801 253.105 2.71387 -3.12699 -3.49616e-05 4.0045 -0.00889759 11
448.301 253.098 2.71387 -3.1191 9.58488e-05 4.5045 -0.00889759 11
447.801 253.086 2.71387 -3.11173 0.00020188 5.00452 -0.00889759 11
447.301 253.072 2.71387 -3.10489 0.000284809 5.5046 -0.00889759 11
446.801 253.053 2.71387 -3.09857 0.000346331 6.00474 -0.00889759 11
446.301 253.032 2.71387 -3.09276 0.000388148 6.50497 -0.00889759 11
445.802 253.007 2.71387 -3.08748 0.00041196 7.0053 -0.00889759 11
445.302 252.98 2.71387 -3.08271 0.000419458 7.50574 -0.00889759 11
444.802 252.951 2.71387 -3.07846 0.000412322 8.00627 -0.00889759 11
444.302 252.919 2.71387 -3.07473 0.00039221 8.50691 -0.00889759 11
443.803 252.886 2.71387 -3.07151 0.000360765 9.00765 -0.00889759 11
443.303 252.851 2.71387 -3.06879 0.000319606 9.50848 -0.00889759 11
442.804 252.814 2.71387 -3.06659 0.000270331 10.0094 -0.00889759 11
442.304 252.777 2.71387 -3.0649 0.000214519 10.5104 -0.00889759 11
441.805 252.738 2.71387 -3.06371 0.000153729 11.0114 -0.00889759 11
441.305 252.699 2.71387 -3.06303 8.95086e-05 11.5125 -0.00889759 11
440.805 252.66 2.71387 -3.06285 2.34183e-05 12.0136 -0.00889759 11
440.306 252.62 2.71387 -3.06318 -4.28706e-05 12.5147 -0.00889759 11
439.806 252.581 2.71387 -3.06399 -0.000107327 13.0157 -0.00889759 11
439.307 252.542 0.000796484 -3.06528 -0.000167129 13.5168 0.0013549 0
438.807 252.504 0.000796484 -3.06701 -0.000218365 14.0178 0.0013549 0
438.308 252.467 0.000796484 -3.06909 -0.00025658 14.5188 0.0013549 0
437.808 252.431 0.000796484 -3.07144 -0.000278524 15.0197 0.0013549 0
437.309 252.395 0.000796484 -3.07395 -0.000284098 15.5205 0.0013549 0
436.809 252.362 0.000796484 -3.07651 -0.000276671 16.0213 0.0013549 0
436.309 252.329 0.000796484 -3.07905 -0.000261308 16.522 0.0013549 0
435.81 252.298 0.000796484 -3.08154 -0.000242493 17.0226 0.0013549 0
435.31 252.268 0.000796484 -3.08395 -0.000223004 17.5231 0.0013549 0
434.81 252.239 0.000796484 -3.08627 -0.000204098 18.0237 0.0013549 0
434.311 252.211 0.000796484 -3.08851 -0.000186194 18.5241 0.0013549 0
433.811 252.185 0.000796484 -3.09066 -0.000169379 19.0245 0.0013549 0
433.311 252.159 0.000796484 -3.09272 -0.000153646 19.5249 0.0013549 0
432.811 252.135 0.000796484 -3.09468 -0.000138963 20.0252 0.0013549 0
432.312 252.111 0.000796484 -3.09656 -0.000125297 20.5255 0.0013549 0
431.812 252.089 0.000796484 -3.09834 -0.000112611 21.0258 0.0013549 0
431.312 252.067 0.000796484 -3.10003 -0.000100867 21.526 0.0013549 0
430.812 252.046 0.000796484 -3.10163 -9.00232e-05 22.0262 0.0013549 0
430.313 252.026 0.000796484 -3.10313 -8.00388e-05 22.5264 0.0013549 0
429.813 252.007 0.000796484 -3.10454 -7.08698e-05 23.0266 0.0013549 0
429.313 251.989 0.000796484 -3.10585 -6.24709e-05 23.5267 0.0013549 0
428.813 251.971 0.000796484 -3.10707 -5.47953e-05 24.0269 0.0013549 0
428.313 251.954 0.000796484 -3.10819 -4.77946e-05 24.527 0.0013549 0
427.814 251.937 0.000796484 -3.1092 -4.14189e-05 25.0271 0.0013549 0
427.314 251.921 0.000796484 -3.11012 -3.56167e-05 25.5272 0.0013549 0
426.814 251.905 0.000796484 -3.11095 -3.03351e-05 26.0273 0.0013549 0
426.314 251.89 0.000796484 -3.11167 -2.55197e-05 26.5274 0.0013549 0
425.814 251.875 0.000796484 -3.11228 -2.11147e-05 27.0274 0.0013549 0
425.314 251.86 0.000796484 -3.1128 -1.70629e-05 27.5275 0.0013549 0
424.814 251.846 0.000796484 -3.11322 -1.33056e-05 28.0276 0.0013549 0
424.315 251.831 0.000796484 -3.11353 -9.78255e-06 28.5276 0.0013549 0
423.815 251.817 0.000796484 -3.11374 -6.43242e-06 29.0277 0.0013549 0
423.315 251.803 0.000796484 -3.11385 -3.19228e-06 29.5278 0.0013549 0
422.815 251.79 0.000796484 -3.11385 -1.02833e-06 30.0278 0.0013549 0
