451.301 253.096 2.70967 3.10654 -2.04553e-11 0 -0.008786 10
450.801 253.114 2.70967 3.1181 -0.00121917 0.500567 -0.008786 10
450.3 253.126 2.70967 3.13064 -0.000739373 1.00089 -0.008786 10
449.8 253.131 2.70967 3.14148 -0.000386094 1.50103 -0.008786 10
449.3 253.131 2.70967 -3.13252 -0.000143086 2.00107 -0.008786 10
448.8 253.127 2.70967 -3.12475 9.01573e-06 2.50107 -0.008786 10
448.3 253.118 2.70967 -3.11786 0.000107092 3.00108 -0.008786 10
447.8 253.106 2.70967 -3.11148 0.00018395 3.50111 -0.008786 10
447.301 253.091 2.70967 -3.10552 0.000245627 4.00119 -0.008786 10
446.801 253.073 2.70967 -3.09996 0.00029269 4.50133 -0.008786 10
446.301 253.052 2.70967 -3.09482 0.000326211 5.00154 -0.008786 10
445.801 253.029 2.70967 -3.09008 0.000347247 5.50183 -0.008786 10
445.302 253.003 2.70967 -3.08575 0.000356847 6.00221 -0.008786 10
444.802 252.975 2.70967 -3.08182 0.000356052 6.50268 -0.008786 10
444.302 252.945 2.70967 -3.07829 0.00034589 7.00324 -0.008786 10
443.803 252.914 2.70967 -3.07516 0.000327375 7.50388 -0.008786 10
443.303 252.881 2.70967 -3.07243 0.00030151 8.00461 -0.008786 10
442.803 252.846 2.70967 -3.07011 0.000269281 8.50541 -0.008786 10
442.304 252.81 2.70967 -3.06817 0.000231662 9.00628 -0.008786 10
441.804 252.773 2.70967 -3.06663 0.000189613 9.5072 -0.008786 10
441.305 252.736 2.70967 -3.06549 0.000144082 10.0082 -0.008786 10
440.805 252.698 2.70967 -3.06474 9.60033e-05 10.5092 -0.008786 10
440.305 252.659 2.70967 -3.06438 4.63034e-05 11.0102 -0.008786 10
439.806 252.621 2.70967 -3.06441 -4.09778e-06 11.5113 -0.008786 10
439.306 252.582 2.70967 -3.06483 -5.42635e-05 12.0123 -0.008786 10
438.807 252.544 2.70967 -3.06564 -0.000103165 12.5134 -0.008786 10
438.307 252.506 2.70967 -3.06683 -0.000149482 13.0144 -0.008786 10
437.808 252.468 2.70967 -3.06838 -0.000191281 13.5153 -0.008786 10
437.308 252.432 2.70967 -3.07026 -0.00022581 14.0162 -0.008786 10
436.808 252.396 2.70967 -3.07241 -0.000249968 14.5171 -0.008786 10
436.309 252.361 2.70948 -3.07476 -0.000261658 15.0179 -0.00878515 0
435.809 252.328 2.70948 -3.0772 -0.000261198 15.5187 -0.00878515 0
435.31 252.296 2.70948 -3.07968 -0.000251407 16.0193 -0.00878515 0
434.81 252.265 2.70948 -3.08213 -0.000236185 16.5199 -0.00878515 0
434.31 252.235 2.70948 -3.08452 -0.000218818 17.0205 -0.00878515 0
433.811 252.206 2.70948 -3.08685 -0.000201249 17.521 -0.00878515 0
433.311 252.179 2.70948 -3.08909 -0.000184314 18.0214 -0.00878515 0
432.811 252.153 2.70948 -3.09126 -0.00016827 18.5218 -0.00878515 0
432.311 252.128 2.70948 -3.09334 -0.000153163 19.0222 -0.00878515 0
431.812 252.103 2.70948 -3.09535 -0.000138982 19.5225 -0.00878515 0
431.312 252.08 2.70948 -3.09727 -0.000125708 20.0228 -0.00878515 0
430.812 252.058 2.70948 -3.09911 -0.000113316 20.523 -0.00878515 0
430.312 252.037 2.70948 -3.10086 -0.00010178 21.0233 -0.00878515 0
429.813 252.016 2.70948 -3.10253 -9.10749e-05 21.5235 -0.00878515 0
429.313 251.997 2.70948 -3.10411 -8.11701e-05 22.0236 -0.00878515 0
428.813 251.978 2.70948 -3.1056 -7.20354e-05 22.5238 -0.00878515 0
428.313 251.96 2.70948 -3.107 -6.36382e-05 23.0239 -0.00878515 0
427.813 251.943 2.70948 -3.10831 -5.59437e-05 23.524 -0.00878515 0
427.314 251.926 2.70948 -3.10952 -4.89154e-05 24.0242 -0.00878515 0
426.814 251.91 2.70948 -3.11064 -4.25144e-05 24.5243 -0.00878515 0
426.314 251.895 2.70948 -3.11167 -3.66995e-05 25.0243 -0.00878515 0
425.814 251.88 2.70948 -3.1126 -3.14275e-05 25.5244 -0.00878515 0
425.314 251.865 2.70948 -3.11344 -2.66524e-05 26.0245 -0.00878515 0
424.814 251.851 2.70948 -3.11417 -2.23261e-05 26.5245 -0.00878515 0
424.314 251.837 2.70948 -3.1148 -1.83976e-05 27.0246 -0.00878515 0
423.815 251.824 2.70948 -3.11533 -1.48134e-05 27.5246 -0.00878515 0
423.315 251.811 2.70948 -3.11576 -1.15172e-05 28.0247 -0.00878515 0
422.815 251.798 2.70948 -3.11608 -8.45002e-06 28.5247 -0.00878515 0
422.315 251.785 2.70948 -3.1163 -5.54998e-06 29.0248 -0.00878515 0
421.815 251.773 2.70948 -3.11641 -2.74938e-06 29.5248 -0.00878515 0
421.315 251.76 2.70948 -3.11641 -8.75119e-07 30.0249 -0.00878515 0
