449.8 253.131 2.70943 3.13915 1.09809e-10 0 -0.00878518 10
449.3 253.132 2.70943 -3.1315 -0.000316472 0.500056 -0.00878518 10
448.8 253.127 2.70943 -3.12263 4.44229e-05 1.00006 -0.00878518 10
448.3 253.118 2.70943 -3.11668 0.000108701 1.50007 -0.00878518 10
447.8 253.105 2.70943 -3.11136 0.000160158 2.00011 -0.00878518 10
447.301 253.09 2.70943 -3.10637 0.000202051 2.50018 -0.00878518 10
446.801 253.073 2.70943 -3.10169 0.000234401 3.00031 -0.00878518 10
446.301 253.053 2.70943 -3.09733 0.000257883 3.5005 -0.00878518 10
445.801 253.031 2.70943 -3.09328 0.000273151 4.00075 -0.00878518 10
445.301 253.006 2.70943 -3.08955 0.000280851 4.50107 -0.00878518 10
444.802 252.98 2.70943 -3.08614 0.000281621 5.00146 -0.00878518 10
444.302 252.953 2.70943 -3.08304 0.000276091 5.50192 -0.00878518 10
443.802 252.923 2.70943 -3.08024 0.000264883 6.00245 -0.00878518 10
443.303 252.893 2.70943 -3.07776 0.000248607 6.50305 -0.00878518 10
442.803 252.861 2.70943 -3.07558 0.000227865 7.0037 -0.00878518 10
442.303 252.828 2.70943 -3.07372 0.00020325 7.50442 -0.00878518 10
441.804 252.794 2.70943 -3.07215 0.000175342 8.00519 -0.00878518 10
441.304 252.759 2.70943 -3.0709 0.000144716 8.50599 -0.00878518 10
440.805 252.724 2.70943 -3.06994 0.000111935 9.00684 -0.00878518 10
440.305 252.688 2.70943 -3.06929 7.75571e-05 9.50772 -0.00878518 10
439.805 252.652 2.70943 -3.06894 4.21291e-05 10.0086 -0.00878518 10
439.306 252.615 2.70943 -3.06889 6.19259e-06 10.5095 -0.00878518 10
438.806 252.579 2.70943 -3.06913 -2.97172e-05 11.0104 -0.00878518 10
438.307 252.543 2.70943 -3.06968 -6.50673e-05 11.5113 -0.00878518 10
437.807 252.507 2.70943 -3.07052 -9.93112e-05 12.0122 -0.00878518 10
437.308 252.471 2.70943 -3.07166 -0.000131831 12.5131 -0.00878518 10
436.808 252.436 2.70943 -3.07308 -0.000161795 13.0139 -0.00878518 10
436.308 252.402 2.70943 -3.07478 -0.000187922 13.5147 -0.00878518 10
435.809 252.368 2.70943 -3.07673 -0.00020836 14.0154 -0.00878518 10
435.309 252.336 2.70943 -3.07887 -0.000221057 14.5161 -0.00878518 10
434.809 252.304 2.70967 -3.08116 -0.00022475 15.0167 -0.008786 0
434.31 252.274 2.70967 -3.0835 -0.000219929 15.5173 -0.008786 0
433.81 252.245 2.70967 -3.08585 -0.00020881 16.0178 -0.008786 0
433.31 252.217 2.70967 -3.08816 -0.000194251 16.5183 -0.008786 0
432.811 252.191 2.70967 -3.0904 -0.00017857 17.0187 -0.008786 0
432.311 252.165 2.70967 -3.09257 -0.000163085 17.5191 -0.008786 0
431.811 252.14 2.70967 -3.09467 -0.000148335 18.0194 -0.008786 0
431.312 252.117 2.70967 -3.09669 -0.00013447 18.5197 -0.008786 0
430.812 252.094 2.70967 -3.09862 -0.000121503 19.02 -0.008786 0
430.312 252.073 2.70967 -3.10048 -0.000109416 19.5202 -0.008786 0
429.812 252.052 2.70967 -3.10225 -9.81831e-05 20.0204 -0.008786 0
429.312 252.033 2.70967 -3.10395 -8.77759e-05 20.5206 -0.008786 0
428.813 252.014 2.70967 -3.10556 -7.81658e-05 21.0207 -0.008786 0
428.313 251.996 2.70967 -3.10709 -6.93222e-05 21.5209 -0.008786 0
427.813 251.979 2.70967 -3.10853 -6.12132e-05 22.021 -0.008786 0
427.313 251.962 2.70967 -3.10989 -5.38053e-05 22.5211 -0.008786 0
426.813 251.946 2.70967 -3.11116 -4.70637e-05 23.0212 -0.008786 0
426.313 251.931 2.70967 -3.11235 -4.09523e-05 23.5213 -0.008786 0
425.814 251.916 2.70967 -3.11344 -3.54336e-05 24.0213 -0.008786 0
425.314 251.902 2.70967 -3.11445 -3.04687e-05 24.5214 -0.008786 0
424.814 251.889 2.70967 -3.11538 -2.60175e-05 25.0214 -0.008786 0
424.314 251.876 2.70967 -3.11621 -2.20384e-05 25.5215 -0.008786 0
423.814 251.863 2.70967 -3.11695 -1.84888e-05 26.0215 -0.008786 0
423.314 251.851 2.70967 -3.11761 -1.53245e-05 26.5216 -0.008786 0
422.814 251.839 2.70967 -3.11817 -1.25003e-05 27.0216 -0.008786 0
422.314 251.827 2.70967 -3.11864 -9.96956e-06 27.5216 -0.008786 0
421.815 251.815 2.70967 -3.11901 -7.68439e-06 28.0217 -0.008786 0
421.315 251.804 2.70967 -3.1193 -5.59571e-06 28.5217 -0.008786 0
420.815 251.793 2.70967 -3.11949 -3.65314e-06 29.0217 -0.008786 0
420.315 251.782 2.70967 -3.11959 -1.80506e-06 29.5217 -0.008786 0
419.815 251.771 2.70967 -3.11959 -5.80281e-07 30.0218 -0.008786 0
