445.801 253.031 2.70907 -3.0949 -1.27248e-13 0 -0.00878384 10
445.301 253.007 2.70907 -3.09317 0.000146761 0.500291 -0.00878384 10
444.802 252.983 2.70907 -3.09122 0.000143831 1.00061 -0.00878384 10
444.302 252.958 2.70907 -3.08942 0.000139173 1.50097 -0.00878384 10
443.802 252.932 2.70907 -3.08778 0.000132946 2.00136 -0.00878384 10
443.303 252.905 2.70907 -3.08629 0.000125305 2.50179 -0.00878384 10
442.803 252.877 2.70907 -3.08495 0.000116405 3.00225 -0.00878384 10
442.303 252.849 2.70907 -3.08376 0.000106392 3.50273 -0.00878384 10
441.804 252.82 2.70907 -3.08272 9.54123e-05 4.00325 -0.00878384 10
441.304 252.79 2.70907 -3.08182 8.36066e-05 4.50378 -0.00878384 10
440.804 252.76 2.70907 -3.08107 7.11127e-05 5.00434 -0.00878384 10
440.305 252.73 2.70907 -3.08047 5.80649e-05 5.50492 -0.00878384 10
439.805 252.7 2.70907 -3.08002 4.4594e-05 6.00551 -0.00878384 10
439.305 252.669 2.70907 -3.0797 3.0828e-05 6.50611 -0.00878384 10
438.806 252.638 2.70907 -3.07953 1.68916e-05 7.00672 -0.00878384 10
438.306 252.607 2.70907 -3.0795 2.90652e-06 7.50733 -0.00878384 10
437.806 252.576 2.70907 -3.07961 -1.10082e-05 8.00794 -0.00878384 10
437.307 252.545 2.70907 -3.07986 -2.47364e-05 8.50855 -0.00878384 10
436.807 252.514 2.70907 -3.08025 -3.81643e-05 9.00916 -0.00878384 10
436.307 252.483 2.70907 -3.08078 -5.11807e-05 9.50975 -0.00878384 10
435.808 252.453 2.70907 -3.08144 -6.36769e-05 10.0103 -0.00878384 10
435.308 252.423 2.70907 -3.08224 -7.55464e-05 10.5109 -0.00878384 10
434.808 252.393 2.70907 -3.08318 -8.66844e-05 11.0115 -0.00878384 10
434.309 252.364 2.70907 -3.08425 -9.69867e-05 11.512 -0.00878384 10
433.809 252.335 2.70907 -3.08545 -0.000106343 12.0125 -0.00878384 10
433.309 252.307 2.70907 -3.08679 -0.00011461 12.513 -0.00878384 10
432.81 252.28 2.70907 -3.08825 -0.000121555 13.0134 -0.00878384 10
432.31 252.253 2.70907 -3.08983 -0.000126767 13.5138 -0.00878384 10
431.81 252.227 2.70907 -3.09152 -0.00012963 14.0142 -0.00878384 10
431.31 252.202 2.70907 -3.09328 -0.000129499 14.5146 -0.00878384 10
430.811 252.178 2.70943 -3.09508 -0.000126101 15.0149 -0.00878518 0
430.311 252.155 2.70943 -3.09689 -0.000119844 15.5152 -0.00878518 0
429.811 252.132 2.70943 -3.09867 -0.000111716 16.0154 -0.00878518 0
429.311 252.111 2.70943 -3.10042 -0.000102806 16.5157 -0.00878518 0
428.812 252.09 2.70943 -3.10211 -9.38935e-05 17.0159 -0.00878518 0
428.312 252.07 2.70943 -3.10374 -8.53577e-05 17.516 -0.00878518 0
427.812 252.051 2.70943 -3.10532 -7.73165e-05 18.0162 -0.00878518 0
427.312 252.033 2.70943 -3.10684 -6.97831e-05 18.5163 -0.00878518 0
426.812 252.016 2.70943 -3.1083 -6.2746e-05 19.0165 -0.00878518 0
426.313 251.999 2.70943 -3.10971 -5.61919e-05 19.5166 -0.00878518 0
425.813 251.983 2.70943 -3.11105 -5.01081e-05 20.0167 -0.00878518 0
425.313 251.968 2.70943 -3.11234 -4.44813e-05 20.5167 -0.00878518 0
424.813 251.953 2.70943 -3.11356 -3.92976e-05 21.0168 -0.00878518 0
424.313 251.939 2.70943 -3.11472 -3.45419e-05 21.5169 -0.00878518 0
423.813 251.926 2.70943 -3.11582 -3.01983e-05 22.0169 -0.00878518 0
423.313 251.913 2.70943 -3.11685 -2.62499e-05 22.517 -0.00878518 0
422.814 251.901 2.70943 -3.11782 -2.26788e-05 23.017 -0.00878518 0
422.314 251.889 2.70943 -3.11873 -1.94661e-05 23.517 -0.00878518 0
421.814 251.877 2.70943 -3.11956 -1.6592e-05 24.0171 -0.00878518 0
421.314 251.866 2.70943 -3.12034 -1.40358e-05 24.5171 -0.00878518 0
420.814 251.856 2.70943 -3.12105 -1.17758e-05 25.0171 -0.00878518 0
420.314 251.846 2.70943 -3.12168 -9.78924e-06 25.5171 -0.00878518 0
419.814 251.836 2.70943 -3.12226 -8.05255e-06 26.0171 -0.00878518 0
419.314 251.826 2.70943 -3.12276 -6.54112e-06 26.5171 -0.00878518 0
418.814 251.816 2.70943 -3.12319 -5.2294e-06 27.0172 -0.00878518 0
418.314 251.807 2.70943 -3.12355 -4.09086e-06 27.5172 -0.00878518 0
417.814 251.798 2.70943 -3.12384 -3.09799e-06 28.0172 -0.00878518 0
417.315 251.789 2.70943 -3.12406 -2.22234e-06 28.5172 -0.00878518 0
416.815 251.781 2.70943 -3.12421 -1.43443e-06 29.0172 -0.00878518 0
416.315 251.772 2.70943 -3.12429 -7.03809e-07 29.5172 -0.00878518 0
415.815 251.763 2.70943 -3.12429 -2.25407e-07 30.0172 -0.00878518 0
