441.304 252.79 2.70894 -3.08232 2.06837e-13 0 -0.00878332 10
440.804 252.761 2.70894 -3.08268 -4.03788e-05 0.500546 -0.00878332 10
440.305 252.731 2.70894 -3.08316 -4.37451e-05 1.00108 -0.00878332 10
439.805 252.702 2.70894 -3.08367 -4.69043e-05 1.50161 -0.00878332 10
439.305 252.673 2.70894 -3.08423 -4.9852e-05 2.00213 -0.00878332 10
438.806 252.644 2.70894 -3.08482 -5.25843e-05 2.50263 -0.00878332 10
438.306 252.616 2.70894 -3.08544 -5.50983e-05 3.00312 -0.00878332 10
437.806 252.588 2.70894 -3.08611 -5.73914e-05 3.50359 -0.00878332 10
437.306 252.56 2.70894 -3.08681 -5.94618e-05 4.00405 -0.00878332 10
436.807 252.533 2.70894 -3.08754 -6.13083e-05 4.5045 -0.00878332 10
436.307 252.506 2.70894 -3.0883 -6.29301e-05 5.00493 -0.00878332 10
435.807 252.479 2.70894 -3.0891 -6.43271e-05 5.50534 -0.00878332 10
435.308 252.453 2.70894 -3.08993 -6.54996e-05 6.00574 -0.00878332 10
434.808 252.427 2.70894 -3.09079 -6.64483e-05 6.50613 -0.00878332 10
434.308 252.402 2.70894 -3.09168 -6.71745e-05 7.00649 -0.00878332 10
433.808 252.377 2.70894 -3.09259 -6.76799e-05 7.50684 -0.00878332 10
433.309 252.352 2.70894 -3.09354 -6.79664e-05 8.00717 -0.00878332 10
432.809 252.328 2.70894 -3.09451 -6.80367e-05 8.50749 -0.00878332 10
432.309 252.304 2.70894 -3.09551 -6.78935e-05 9.00779 -0.00878332 10
431.81 252.281 2.70894 -3.09653 -6.75399e-05 9.50807 -0.00878332 10
431.31 252.259 2.70894 -3.09758 -6.69795e-05 10.0083 -0.00878332 10
430.81 252.237 2.70894 -3.09865 -6.62161e-05 10.5086 -0.00878332 10
430.31 252.215 2.70894 -3.09974 -6.52537e-05 11.0088 -0.00878332 10
429.81 252.194 2.70894 -3.10086 -6.4096e-05 11.509 -0.00878332 10
429.311 252.174 2.70894 -3.10199 -6.27445e-05 12.0092 -0.00878332 10
428.811 252.154 2.70894 -3.10315 -6.11921e-05 12.5094 -0.00878332 10
428.311 252.135 2.70894 -3.10432 -5.94083e-05 13.0096 -0.00878332 10
427.811 252.116 2.70894 -3.10551 -5.73225e-05 13.5097 -0.00878332 10
427.311 252.098 2.70894 -3.1067 -5.48286e-05 14.0099 -0.00878332 10
426.812 252.081 2.70894 -3.1079 -5.18419e-05 14.51 -0.00878332 10
426.312 252.064 2.70907 -3.10907 -4.83883e-05 15.0101 -0.00878384 0
425.812 252.048 2.70907 -3.11022 -4.46423e-05 15.5102 -0.00878384 0
425.312 252.032 2.70907 -3.11134 -4.08522e-05 16.0103 -0.00878384 0
424.812 252.017 2.70907 -3.11243 -3.72154e-05 16.5104 -0.00878384 0
424.312 252.002 2.70907 -3.11348 -3.3815e-05 17.0104 -0.00878384 0
423.813 251.988 2.70907 -3.1145 -3.06494e-05 17.5105 -0.00878384 0
423.313 251.975 2.70907 -3.11548 -2.76901e-05 18.0105 -0.00878384 0
422.813 251.962 2.70907 -3.11644 -2.49154e-05 18.5106 -0.00878384 0
422.313 251.949 2.70907 -3.11736 -2.23149e-05 19.0106 -0.00878384 0
421.813 251.937 2.70907 -3.11824 -1.98846e-05 19.5107 -0.00878384 0
421.313 251.925 2.70907 -3.11909 -1.76219e-05 20.0107 -0.00878384 0
420.813 251.914 2.70907 -3.11991 -1.55247e-05 20.5107 -0.00878384 0
420.313 251.903 2.70907 -3.12069 -1.35901e-05 21.0107 -0.00878384 0
419.813 251.893 2.70907 -3.12143 -1.18148e-05 21.5108 -0.00878384 0
419.314 251.883 2.70907 -3.12213 -1.01949e-05 22.0108 -0.00878384 0
418.814 251.873 2.70907 -3.12279 -8.72594e-06 22.5108 -0.00878384 0
418.314 251.864 2.70907 -3.12342 -7.40297e-06 23.0108 -0.00878384 0
417.814 251.855 2.70907 -3.124 -6.2204e-06 23.5108 -0.00878384 0
417.314 251.846 2.70907 -3.12455 -5.17208e-06 24.0108 -0.00878384 0
416.814 251.837 2.70907 -3.12505 -4.25127e-06 24.5108 -0.00878384 0
416.314 251.829 2.70907 -3.12551 -3.45063e-06 25.0108 -0.00878384 0
415.814 251.821 2.70907 -3.12593 -2.76222e-06 25.5108 -0.00878384 0
415.314 251.813 2.70907 -3.1263 -2.17751e-06 26.0108 -0.00878384 0
414.814 251.805 2.70907 -3.12663 -1.68733e-06 26.5108 -0.00878384 0
414.314 251.798 2.70907 -3.12692 -1.2819e-06 27.0108 -0.00878384 0
413.814 251.791 2.70907 -3.12716 -9.50787e-07 27.5108 -0.00878384 0
413.314 251.783 2.70907 -3.12735 -6.8293e-07 28.0108 -0.00878384 0
412.814 251.776 2.70907 -3.1275 -4.66609e-07 28.5108 -0.00878384 0
412.314 251.769 2.70907 -3.12759 -2.89443e-07 29.0108 -0.00878384 0
411.814 251.762 2.70907 -3.12764 -1.3838e-07 29.5108 -0.00878384 0
411.315 251.755 2.70907 -3.12764 -4.37661e-08 30.0108 -0.00878384 0
