435.807 252.479 2.70899 -3.08895 -3.79622e-13 0 -0.00878343 10
435.308 252.453 2.70899 -3.09021 -0.000120404 0.500402 -0.00878343 10
434.808 252.427 2.70899 -3.09171 -0.000114097 1.00078 -0.00878343 10
434.308 252.402 2.70899 -3.09319 -0.000107927 1.50113 -0.00878343 10
433.808 252.378 2.70899 -3.09464 -0.000101903 2.00145 -0.00878343 10
433.309 252.354 2.70899 -3.09607 -9.60328e-05 2.50174 -0.00878343 10
432.809 252.332 2.70899 -3.09747 -9.03224e-05 3.00202 -0.00878343 10
432.309 252.31 2.70899 -3.09884 -8.47784e-05 3.50227 -0.00878343 10
431.809 252.288 2.70899 -3.10018 -7.94068e-05 4.00249 -0.00878343 10
431.31 252.267 2.70899 -3.1015 -7.42125e-05 4.5027 -0.00878343 10
430.81 252.247 2.70899 -3.10279 -6.92002e-05 5.00289 -0.00878343 10
430.31 252.228 2.70899 -3.10404 -6.43737e-05 5.50306 -0.00878343 10
429.81 252.209 2.70899 -3.10527 -5.97364e-05 6.00322 -0.00878343 10
429.31 252.191 2.70899 -3.10646 -5.5291e-05 6.50336 -0.00878343 10
428.811 252.173 2.70899 -3.10762 -5.10396e-05 7.00349 -0.00878343 10
428.311 252.157 2.70899 -3.10875 -4.69837e-05 7.5036 -0.00878343 10
427.811 252.14 2.70899 -3.10984 -4.31241e-05 8.00371 -0.00878343 10
427.311 252.124 2.70899 -3.1109 -3.9461e-05 8.5038 -0.00878343 10
426.811 252.109 2.70899 -3.11192 -3.59942e-05 9.00388 -0.00878343 10
426.311 252.094 2.70899 -3.11291 -3.27225e-05 9.50395 -0.00878343 10
425.812 252.08 2.70899 -3.11386 -2.96443e-05 10.004 -0.00878343 10
425.312 252.066 2.70899 -3.11476 -2.67573e-05 10.5041 -0.00878343 10
424.812 252.052 2.70899 -3.11563 -2.40587e-05 11.0041 -0.00878343 10
424.312 252.039 2.70899 -3.11646 -2.15447e-05 11.5042 -0.00878343 10
423.812 252.027 2.70899 -3.11725 -1.9211e-05 12.0042 -0.00878343 10
423.312 252.015 2.70899 -3.118 -1.70519e-05 12.5042 -0.00878343 10
422.812 252.003 2.70899 -3.11871 -1.50611e-05 13.0043 -0.00878343 10
422.312 251.991 2.70899 -3.11937 -1.32328e-05 13.5043 -0.00878343 10
421.813 251.98 2.70899 -3.11999 -1.15678e-05 14.0043 -0.00878343 10
421.313 251.97 2.70899 -3.12056 -1.00792e-05 14.5043 -0.00878343 10
420.813 251.959 2.70894 -3.1211 -8.79139e-06 15.0044 -0.00878332 0
420.313 251.949 2.70894 -3.12161 -7.72322e-06 15.5044 -0.00878332 0
419.813 251.939 2.70894 -3.12209 -6.866e-06 16.0044 -0.00878332 0
419.313 251.929 2.70894 -3.12255 -6.17801e-06 16.5044 -0.00878332 0
418.813 251.92 2.70894 -3.123 -5.60191e-06 17.0044 -0.00878332 0
418.313 251.91 2.70894 -3.12343 -5.08877e-06 17.5044 -0.00878332 0
417.813 251.901 2.70894 -3.12386 -4.60947e-06 18.0044 -0.00878332 0
417.313 251.892 2.70894 -3.12428 -4.15195e-06 18.5044 -0.00878332 0
416.813 251.884 2.70894 -3.12469 -3.7133e-06 19.0044 -0.00878332 0
416.313 251.875 2.70894 -3.12508 -3.29406e-06 19.5045 -0.00878332 0
415.813 251.867 2.70894 -3.12547 -2.89563e-06 20.0045 -0.00878332 0
415.314 251.859 2.70894 -3.12584 -2.51946e-06 20.5045 -0.00878332 0
414.814 251.851 2.70894 -3.1262 -2.16685e-06 21.0045 -0.00878332 0
414.314 251.843 2.70894 -3.12655 -1.83892e-06 21.5045 -0.00878332 0
413.814 251.836 2.70894 -3.12688 -1.53659e-06 22.0045 -0.00878332 0
413.314 251.828 2.70894 -3.1272 -1.26057e-06 22.5045 -0.00878332 0
412.814 251.821 2.70894 -3.1275 -1.01135e-06 23.0045 -0.00878332 0
412.314 251.814 2.70894 -3.12778 -7.89192e-07 23.5045 -0.00878332 0
411.814 251.807 2.70894 -3.12805 -5.94111e-07 24.0045 -0.00878332 0
411.314 251.8 2.70894 -3.1283 -4.2588e-07 24.5045 -0.00878332 0
410.814 251.794 2.70894 -3.12852 -2.84007e-07 25.0045 -0.00878332 0
410.314 251.787 2.70894 -3.12873 -1.67732e-07 25.5045 -0.00878332 0
409.814 251.781 2.70894 -3.12892 -7.60111e-08 26.0045 -0.00878332 0
409.314 251.775 2.70894 -3.12909 -7.51178e-09 26.5045 -0.00878332 0
408.814 251.768 2.70894 -3.12924 3.94016e-08 27.0045 -0.00878332 0
408.314 251.762 2.70894 -3.12936 6.66769e-08 27.5045 -0.00878332 0
407.814 251.756 2.70894 -3.12946 7.65847e-08 28.0045 -0.00878332 0
407.314 251.75 2.70894 -3.12954 7.17294e-08 28.5045 -0.00878332 0
406.814 251.744 2.70894 -3.12959 5.50595e-08 29.0045 -0.00878332 0
406.314 251.738 2.70894 -3.12962 2.98785e-08 29.5045 -0.00878332 0
405.814 251.732 2.70894 -3.12962 9.98381e-09 30.0045 -0.00878332 0
