429.81 252.209 2.70905 -3.10489 1.15767e-13 0 -0.00878365 10
429.31 252.191 2.70905 -3.10602 -6.45688e-05 0.500146 -0.00878365 10
428.811 252.173 2.70905 -3.10735 -5.93989e-05 1.00028 -0.00878365 10
428.311 252.156 2.70905 -3.10864 -5.44639e-05 1.5004 -0.00878365 10
427.811 252.139 2.70905 -3.1099 -4.97653e-05 2.0005 -0.00878365 10
427.311 252.124 2.70905 -3.11113 -4.53042e-05 2.50059 -0.00878365 10
426.811 252.108 2.70905 -3.11231 -4.10809e-05 3.00067 -0.00878365 10
426.311 252.094 2.70905 -3.11346 -3.70951e-05 3.50074 -0.00878365 10
425.812 252.08 2.70905 -3.11457 -3.33458e-05 4.0008 -0.00878365 10
425.312 252.066 2.70905 -3.11564 -2.98314e-05 4.50085 -0.00878365 10
424.812 252.053 2.70905 -3.11668 -2.65496e-05 5.0009 -0.00878365 10
424.312 252.041 2.70905 -3.11767 -2.34975e-05 5.50094 -0.00878365 10
423.812 252.029 2.70905 -3.11862 -2.06714e-05 6.00097 -0.00878365 10
423.312 252.017 2.70905 -3.11952 -1.8067e-05 6.501 -0.00878365 10
422.812 252.006 2.70905 -3.12039 -1.56793e-05 7.00102 -0.00878365 10
422.312 251.996 2.70905 -3.12121 -1.35028e-05 7.50104 -0.00878365 10
421.812 251.985 2.70905 -3.12199 -1.15311e-05 8.00105 -0.00878365 10
421.313 251.976 2.70905 -3.12272 -9.75707e-06 8.50107 -0.00878365 10
420.813 251.966 2.70905 -3.1234 -8.17311e-06 9.00108 -0.00878365 10
420.313 251.957 2.70905 -3.12404 -6.77075e-06 9.50108 -0.00878365 10
419.813 251.948 2.70905 -3.12463 -5.54087e-06 10.0011 -0.00878365 10
419.313 251.94 2.70905 -3.12517 -4.47361e-06 10.5011 -0.00878365 10
418.813 251.932 2.70905 -3.12567 -3.55838e-06 11.0011 -0.00878365 10
418.313 251.924 2.70905 -3.12611 -2.78389e-06 11.5011 -0.00878365 10
417.813 251.916 2.70905 -3.1265 -2.13813e-06 12.0011 -0.00878365 10
417.313 251.908 2.70905 -3.12684 -1.60855e-06 12.5011 -0.00878365 10
416.813 251.901 2.70905 -3.12713 -1.18232e-06 13.0011 -0.00878365 10
416.313 251.894 2.70905 -3.12737 -8.47021e-07 13.5011 -0.00878365 10
415.813 251.887 2.70905 -3.12756 -5.91225e-07 14.0011 -0.00878365 10
415.313 251.88 2.70905 -3.12771 -4.04676e-07 14.5011 -0.00878365 10
414.813 251.873 2.70899 -3.12782 -2.77617e-07 15.0011 -0.00878343 0
414.313 251.866 2.70899 -3.12791 -1.99568e-07 15.5011 -0.00878343 0
413.813 251.859 2.70899 -3.12799 -1.58412e-07 16.0011 -0.00878343 0
413.313 251.852 2.70899 -3.12806 -1.40966e-07 16.5011 -0.00878343 0
412.813 251.845 2.70899 -3.12813 -1.35253e-07 17.0011 -0.00878343 0
412.314 251.839 2.70899 -3.12821 -1.32768e-07 17.5011 -0.00878343 0
411.814 251.832 2.70899 -3.12829 -1.2897e-07 18.0011 -0.00878343 0
411.314 251.825 2.70899 -3.12837 -1.22148e-07 18.5011 -0.00878343 0
410.814 251.819 2.70899 -3.12847 -1.12013e-07 19.0011 -0.00878343 0
410.314 251.812 2.70899 -3.12856 -9.88209e-08 19.5011 -0.00878343 0
409.814 251.806 2.70899 -3.12866 -8.30146e-08 20.0011 -0.00878343 0
409.314 251.799 2.70899 -3.12876 -6.51092e-08 20.5011 -0.00878343 0
408.814 251.793 2.70899 -3.12886 -4.56608e-08 21.0011 -0.00878343 0
408.314 251.786 2.70899 -3.12896 -2.5252e-08 21.5011 -0.00878343 0
407.814 251.78 2.70899 -3.12906 -4.48058e-09 22.0011 -0.00878343 0
407.314 251.774 2.70899 -3.12916 1.6051e-08 22.5011 -0.00878343 0
406.814 251.768 2.70899 -3.12926 3.57473e-08 23.0011 -0.00878343 0
406.314 251.761 2.70899 -3.12936 5.40302e-08 23.5011 -0.00878343 0
405.814 251.755 2.70899 -3.12945 7.035e-08 24.0011 -0.00878343 0
405.314 251.749 2.70899 -3.12954 8.41967e-08 24.5011 -0.00878343 0
404.814 251.743 2.70899 -3.12963 9.51103e-08 25.0011 -0.00878343 0
404.314 251.737 2.70899 -3.12971 1.02692e-07 25.5011 -0.00878343 0
403.814 251.731 2.70899 -3.12978 1.06617e-07 26.0011 -0.00878343 0
403.314 251.725 2.70899 -3.12985 1.0664e-07 26.5011 -0.00878343 0
402.814 251.72 2.70899 -3.12991 1.02613e-07 27.0011 -0.00878343 0
402.314 251.714 2.70899 -3.12996 9.44939e-08 27.5011 -0.00878343 0
401.814 251.708 2.70899 -3.13001 8.23539e-08 28.0011 -0.00878343 0
401.314 251.702 2.70899 -3.13004 6.63937e-08 28.5011 -0.00878343 0
400.814 251.696 2.70899 -3.13006 4.69517e-08 29.0011 -0.00878343 0
400.314 251.691 2.70899 -3.13008 2.45162e-08 29.5011 -0.00878343 0
399.814 251.685 2.70899 -3.13008 8.0547e-09 30.0011 -0.00878343 0
