424.312 252.041 2.70908 -3.11732 -1.32556e-13 0 -0.00878372 10
423.812 252.029 2.70908 -3.11804 -1.97476e-05 0.500034 -0.00878372 10
423.312 252.017 2.70908 -3.11888 -1.7784e-05 1.00006 -0.00878372 10
422.812 252.005 2.70908 -3.1197 -1.5923e-05 1.50009 -0.00878372 10
422.312 251.995 2.70908 -3.12049 -1.41663e-05 2.00011 -0.00878372 10
421.812 251.984 2.70908 -3.12126 -1.2515e-05 2.50013 -0.00878372 10
421.313 251.974 2.70908 -3.122 -1.09702e-05 3.00015 -0.00878372 10
420.813 251.964 2.70908 -3.12271 -9.53217e-06 3.50016 -0.00878372 10
420.313 251.955 2.70908 -3.1234 -8.20105e-06 4.00017 -0.00878372 10
419.813 251.945 2.70908 -3.12406 -6.97645e-06 4.50018 -0.00878372 10
419.313 251.937 2.70908 -3.12469 -5.85757e-06 5.00018 -0.00878372 10
418.813 251.928 2.70908 -3.12529 -4.84314e-06 5.50019 -0.00878372 10
418.313 251.92 2.70908 -3.12585 -3.93148e-06 6.00019 -0.00878372 10
417.813 251.912 2.70908 -3.12639 -3.12044e-06 6.50019 -0.00878372 10
417.313 251.905 2.70908 -3.1269 -2.40739e-06 7.00019 -0.00878372 10
416.813 251.897 2.70908 -3.12737 -1.78923e-06 7.5002 -0.00878372 10
416.313 251.89 2.70908 -3.12781 -1.26238e-06 8.0002 -0.00878372 10
415.813 251.883 2.70908 -3.12821 -8.22773e-07 8.5002 -0.00878372 10
415.313 251.877 2.70908 -3.12858 -4.65817e-07 9.0002 -0.00878372 10
414.813 251.87 2.70908 -3.12891 -1.86416e-07 9.5002 -0.00878372 10
414.313 251.864 2.70908 -3.12921 2.10532e-08 10.0002 -0.00878372 10
413.813 251.858 2.70908 -3.12947 1.62748e-07 10.5002 -0.00878372 10
413.313 251.852 2.70908 -3.12969 2.45373e-07 11.0002 -0.00878372 10
412.813 251.846 2.70908 -3.12987 2.76197e-07 11.5002 -0.00878372 10
412.314 251.84 2.70908 -3.13002 2.63088e-07 12.0002 -0.00878372 10
411.814 251.834 2.70908 -3.13012 2.14645e-07 12.5002 -0.00878372 10
411.314 251.828 2.70908 -3.13018 1.40584e-07 13.0002 -0.00878372 10
410.814 251.822 2.70908 -3.13021 5.2462e-08 13.5002 -0.00878372 10
410.314 251.817 2.70908 -3.13019 -3.57974e-08 14.0002 -0.00878372 10
409.814 251.811 2.70908 -3.13014 -1.09163e-07 14.5002 -0.00878372 10
409.314 251.805 2.70905 -3.13007 -1.55724e-07 15.0002 -0.00878365 0
408.814 251.8 2.70905 -3.12999 -1.71766e-07 15.5002 -0.00878365 0
408.314 251.794 2.70905 -3.1299 -1.6298e-07 16.0002 -0.00878365 0
407.814 251.788 2.70905 -3.12982 -1.40125e-07 16.5002 -0.00878365 0
407.314 251.782 2.70905 -3.12974 -1.13069e-07 17.0002 -0.00878365 0
406.814 251.776 2.70905 -3.12968 -8.77063e-08 17.5002 -0.00878365 0
406.314 251.77 2.70905 -3.12962 -6.6255e-08 18.0002 -0.00878365 0
405.814 251.764 2.70905 -3.12958 -4.88724e-08 18.5002 -0.00878365 0
405.314 251.758 2.70905 -3.12955 -3.49479e-08 19.0002 -0.00878365 0
404.814 251.752 2.70905 -3.12952 -2.37323e-08 19.5002 -0.00878365 0
404.314 251.746 2.70905 -3.12951 -1.45486e-08 20.0002 -0.00878365 0
403.814 251.74 2.70905 -3.1295 -6.83994e-09 20.5002 -0.00878365 0
403.314 251.734 2.70905 -3.1295 -1.69559e-10 21.0002 -0.00878365 0
402.814 251.728 2.70905 -3.12951 5.78799e-09 21.5002 -0.00878365 0
402.314 251.722 2.70905 -3.12952 1.12578e-08 22.0002 -0.00878365 0
401.814 251.716 2.70905 -3.12953 1.63758e-08 22.5002 -0.00878365 0
401.314 251.71 2.70905 -3.12955 2.11999e-08 23.0002 -0.00878365 0
400.814 251.704 2.70905 -3.12958 2.57208e-08 23.5002 -0.00878365 0
400.314 251.698 2.70905 -3.12961 2.98738e-08 24.0002 -0.00878365 0
399.814 251.692 2.70905 -3.12963 3.35491e-08 24.5002 -0.00878365 0
399.314 251.686 2.70905 -3.12966 3.66033e-08 25.0002 -0.00878365 0
398.814 251.68 2.70905 -3.12969 3.88709e-08 25.5002 -0.00878365 0
398.315 251.674 2.70905 -3.12972 4.01749e-08 26.0002 -0.00878365 0
397.815 251.668 2.70905 -3.12975 4.0338e-08 26.5002 -0.00878365 0
397.315 251.662 2.70905 -3.12978 3.91942e-08 27.0002 -0.00878365 0
396.815 251.656 2.70905 -3.1298 3.65996e-08 27.5002 -0.00878365 0
396.315 251.65 2.70905 -3.12982 3.24436e-08 28.0002 -0.00878365 0
395.815 251.644 2.70905 -3.12984 2.66602e-08 28.5002 -0.00878365 0
395.315 251.639 2.70905 -3.12985 1.92393e-08 29.0002 -0.00878365 0
394.815 251.633 2.70905 -3.12986 1.02377e-08 29.5002 -0.00878365 0
394.315 251.627 2.70905 -3.12986 3.38586e-09 30.0002 -0.00878365 0
