419.813 251.945 2.70908 -3.12382 8.73982e-13 0 -0.00878374 10
419.313 251.937 2.70908 -3.12424 -5.14058e-06 0.500007 -0.00878374 10
418.813 251.928 2.70908 -3.12474 -4.51139e-06 1.00001 -0.00878374 10
418.313 251.92 2.70908 -3.12522 -3.91474e-06 1.50002 -0.00878374 10
417.813 251.911 2.70908 -3.12569 -3.35246e-06 2.00002 -0.00878374 10
417.313 251.903 2.70908 -3.12614 -2.82614e-06 2.50002 -0.00878374 10
416.813 251.896 2.70908 -3.12658 -2.33717e-06 3.00003 -0.00878374 10
416.313 251.888 2.70908 -3.127 -1.88669e-06 3.50003 -0.00878374 10
415.813 251.881 2.70908 -3.12741 -1.47561e-06 4.00003 -0.00878374 10
415.313 251.874 2.70908 -3.12779 -1.10459e-06 4.50003 -0.00878374 10
414.813 251.867 2.70908 -3.12816 -7.74014e-07 5.00003 -0.00878374 10
414.313 251.86 2.70908 -3.12851 -4.84002e-07 5.50003 -0.00878374 10
413.813 251.854 2.70908 -3.12884 -2.34387e-07 6.00003 -0.00878374 10
413.314 251.847 2.70908 -3.12914 -2.4711e-08 6.50003 -0.00878374 10
412.814 251.841 2.70908 -3.12943 1.4579e-07 7.00003 -0.00878374 10
412.314 251.835 2.70908 -3.12969 2.78195e-07 7.50003 -0.00878374 10
411.814 251.829 2.70908 -3.12993 3.73906e-07 8.00003 -0.00878374 10
411.314 251.823 2.70908 -3.13014 4.34665e-07 8.50003 -0.00878374 10
410.814 251.817 2.70908 -3.13034 4.62558e-07 9.00003 -0.00878374 10
410.314 251.812 2.70908 -3.1305 4.6003e-07 9.50003 -0.00878374 10
409.814 251.806 2.70908 -3.13064 4.29896e-07 10 -0.00878374 10
409.314 251.801 2.70908 -3.13075 3.75351e-07 10.5 -0.00878374 10
408.814 251.795 2.70908 -3.13084 2.99982e-07 11 -0.00878374 10
408.314 251.79 2.70908 -3.13089 2.07791e-07 11.5 -0.00878374 10
407.814 251.785 2.70908 -3.13092 1.03242e-07 12 -0.00878374 10
407.314 251.779 2.70908 -3.13092 -8.55293e-09 12.5 -0.00878374 10
406.814 251.774 2.70908 -3.13089 -1.21363e-07 13 -0.00878374 10
406.314 251.769 2.70908 -3.13082 -2.2702e-07 13.5 -0.00878374 10
405.814 251.763 2.70908 -3.13074 -3.14966e-07 14 -0.00878374 10
405.314 251.758 2.70908 -3.13062 -3.73809e-07 14.5 -0.00878374 10
404.814 251.752 2.70908 -3.1305 -3.95801e-07 15 -0.00878372 0
404.314 251.747 2.70908 -3.13036 -3.81692e-07 15.5 -0.00878372 0
403.814 251.741 2.70908 -3.13023 -3.41232e-07 16 -0.00878372 0
403.314 251.735 2.70908 -3.1301 -2.88189e-07 16.5 -0.00878372 0
402.814 251.73 2.70908 -3.12998 -2.34169e-07 17 -0.00878372 0
402.314 251.724 2.70908 -3.12988 -1.85733e-07 17.5 -0.00878372 0
401.814 251.718 2.70908 -3.12979 -1.451e-07 18 -0.00878372 0
401.314 251.712 2.70908 -3.12971 -1.12118e-07 18.5 -0.00878372 0
400.814 251.706 2.70908 -3.12964 -8.57773e-08 19 -0.00878372 0
400.314 251.7 2.70908 -3.12959 -6.4921e-08 19.5 -0.00878372 0
399.814 251.694 2.70908 -3.12954 -4.8484e-08 20 -0.00878372 0
399.314 251.688 2.70908 -3.1295 -3.55442e-08 20.5 -0.00878372 0
398.814 251.682 2.70908 -3.12948 -2.53238e-08 21 -0.00878372 0
398.314 251.676 2.70908 -3.12946 -1.71797e-08 21.5 -0.00878372 0
397.815 251.67 2.70908 -3.12944 -1.05927e-08 22 -0.00878372 0
397.315 251.664 2.70908 -3.12944 -5.15667e-09 22.5 -0.00878372 0
396.815 251.658 2.70908 -3.12943 -5.66629e-10 23 -0.00878372 0
396.315 251.652 2.70908 -3.12944 3.39191e-09 23.5 -0.00878372 0
395.815 251.646 2.70908 -3.12945 6.8542e-09 24 -0.00878372 0
395.315 251.64 2.70908 -3.12946 9.88763e-09 24.5 -0.00878372 0
394.815 251.634 2.70908 -3.12947 1.25028e-08 25 -0.00878372 0
394.315 251.628 2.70908 -3.12949 1.46647e-08 25.5 -0.00878372 0
393.815 251.621 2.70908 -3.12951 1.63041e-08 26 -0.00878372 0
393.315 251.615 2.70908 -3.12952 1.73286e-08 26.5 -0.00878372 0
392.815 251.609 2.70908 -3.12954 1.7634e-08 27 -0.00878372 0
392.315 251.603 2.70908 -3.12956 1.71153e-08 27.5 -0.00878372 0
391.815 251.597 2.70908 -3.12957 1.5678e-08 28 -0.00878372 0
391.315 251.591 2.70908 -3.12959 1.32498e-08 28.5 -0.00878372 0
390.815 251.585 2.70908 -3.12959 9.79101e-09 29 -0.00878372 0
390.315 251.579 2.70908 -3.1296 5.30653e-09 29.5 -0.00878372 0
389.815 251.573 2.70908 -3.1296 1.76731e-09 30 -0.00878372 0
