413.813 251.854 2.70908 -3.1287 -2.39788e-17 0 -0.00878374 10
413.314 251.847 2.70908 -3.12883 -8.58529e-08 0.5 -0.00878374 10
412.814 251.841 2.70908 -3.12898 -3.92101e-08 1 -0.00878374 10
412.314 251.834 2.70908 -3.12913 6.86505e-09 1.5 -0.00878374 10
411.814 251.828 2.70908 -3.12928 5.14864e-08 2 -0.00878374 10
411.314 251.822 2.70908 -3.12943 9.37909e-08 2.5 -0.00878374 10
410.814 251.816 2.70908 -3.12957 1.3295e-07 3 -0.00878374 10
410.314 251.81 2.70908 -3.12971 1.68178e-07 3.5 -0.00878374 10
409.814 251.804 2.70908 -3.12984 1.98748e-07 4 -0.00878374 10
409.314 251.798 2.70908 -3.12997 2.23999e-07 4.5 -0.00878374 10
408.814 251.792 2.70908 -3.13009 2.43344e-07 5 -0.00878374 10
408.314 251.787 2.70908 -3.13021 2.5629e-07 5.5 -0.00878374 10
407.814 251.781 2.70908 -3.13031 2.6244e-07 6 -0.00878374 10
407.314 251.775 2.70908 -3.13041 2.61508e-07 6.5 -0.00878374 10
406.814 251.77 2.70908 -3.1305 2.53329e-07 7 -0.00878374 10
406.314 251.764 2.70908 -3.13058 2.37871e-07 7.5 -0.00878374 10
405.814 251.759 2.70908 -3.13065 2.15246e-07 8 -0.00878374 10
405.314 251.753 2.70908 -3.1307 1.8572e-07 8.5 -0.00878374 10
404.814 251.748 2.70908 -3.13075 1.49725e-07 9 -0.00878374 10
404.314 251.742 2.70908 -3.13078 1.07869e-07 9.50001 -0.00878374 10
403.814 251.737 2.70908 -3.13079 6.09496e-08 10 -0.00878374 10
403.314 251.731 2.70908 -3.1308 9.96314e-09 10.5 -0.00878374 10
402.814 251.726 2.70908 -3.13079 -4.38823e-08 11 -0.00878374 10
402.314 251.721 2.70908 -3.13076 -9.91505e-08 11.5 -0.00878374 10
401.814 251.715 2.70908 -3.13071 -1.54138e-07 12 -0.00878374 10
401.314 251.71 2.70908 -3.13065 -2.06762e-07 12.5 -0.00878374 10
400.814 251.704 2.70908 -3.13057 -2.5428e-07 13 -0.00878374 10
400.314 251.699 2.70908 -3.13047 -2.92879e-07 13.5 -0.00878374 10
399.814 251.693 2.70908 -3.13036 -3.17565e-07 14 -0.00878374 10
399.314 251.688 2.70908 -3.13023 -3.23309e-07 14.5 -0.00878374 10
398.814 251.682 2.70908 -3.13009 -3.07715e-07 15 -0.00878373 0
398.314 251.676 2.70908 -3.12996 -2.7348e-07 15.5 -0.00878373 0
397.815 251.67 2.70908 -3.12982 -2.28028e-07 16 -0.00878373 0
397.315 251.665 2.70908 -3.1297 -1.80123e-07 16.5 -0.00878373 0
396.815 251.659 2.70908 -3.12959 -1.36333e-07 17 -0.00878373 0
396.315 251.653 2.70908 -3.12949 -9.97737e-08 17.5 -0.00878373 0
395.815 251.647 2.70908 -3.1294 -7.0933e-08 18 -0.00878373 0
395.315 251.64 2.70908 -3.12933 -4.90121e-08 18.5 -0.00878373 0
394.815 251.634 2.70908 -3.12926 -3.28355e-08 19 -0.00878373 0
394.315 251.628 2.70908 -3.12921 -2.12434e-08 19.5 -0.00878373 0
393.815 251.622 2.70908 -3.12917 -1.32069e-08 20 -0.00878373 0
393.315 251.616 2.70908 -3.12914 -7.84616e-09 20.5 -0.00878373 0
392.815 251.609 2.70908 -3.12911 -4.42464e-09 21 -0.00878373 0
392.315 251.603 2.70908 -3.1291 -2.33842e-09 21.5 -0.00878373 0
391.815 251.597 2.70908 -3.12909 -1.10501e-09 22 -0.00878373 0
391.315 251.591 2.70908 -3.12908 -3.52132e-10 22.5 -0.00878373 0
390.815 251.584 2.70908 -3.12908 1.93519e-10 23 -0.00878373 0
390.315 251.578 2.70908 -3.12909 7.17549e-10 23.5 -0.00878373 0
389.815 251.572 2.70908 -3.1291 1.32908e-09 24 -0.00878373 0
389.315 251.566 2.70908 -3.12911 2.07203e-09 24.5 -0.00878373 0
388.815 251.56 2.70908 -3.12913 2.93628e-09 25 -0.00878373 0
388.315 251.553 2.70908 -3.12915 3.86908e-09 25.5 -0.00878373 0
387.815 251.547 2.70908 -3.12917 4.78603e-09 26 -0.00878373 0
387.315 251.541 2.70908 -3.12919 5.58262e-09 26.5 -0.00878373 0
386.815 251.535 2.70908 -3.12921 6.1443e-09 27 -0.00878373 0
386.315 251.528 2.70908 -3.12922 6.36236e-09 27.5 -0.00878373 0
385.815 251.522 2.70908 -3.12924 6.13623e-09 28 -0.00878373 0
385.315 251.516 2.70908 -3.12925 5.39358e-09 28.5 -0.00878373 0
384.815 251.51 2.70908 -3.12926 4.09719e-09 29 -0.00878373 0
384.316 251.504 2.70908 -3.12927 2.25701e-09 29.5 -0.00878373 0
383.816 251.498 2.70908 -3.12927 7.57739e-10 30 -0.00878373 0
