409.314 251.798 2.70908 -3.12991 -1.17222e-16 0 -0.00878374 10
408.814 251.792 2.70908 -3.12993 4.79214e-08 0.5 -0.00878374 10
408.314 251.786 2.70908 -3.12997 5.77443e-08 1 -0.00878374 10
407.814 251.781 2.70908 -3.13 6.69846e-08 1.5 -0.00878374 10
407.314 251.775 2.70908 -3.13004 7.55298e-08 2 -0.00878374 10
406.814 251.769 2.70908 -3.13008 8.32172e-08 2.5 -0.00878374 10
406.314 251.763 2.70908 -3.13012 8.98447e-08 3 -0.00878374 10
405.814 251.758 2.70908 -3.13016 9.51817e-08 3.5 -0.00878374 10
405.314 251.752 2.70908 -3.13021 9.89804e-08 4 -0.00878374 10
404.814 251.746 2.70908 -3.13025 1.00986e-07 4.5 -0.00878374 10
404.314 251.741 2.70908 -3.13029 1.0095e-07 5 -0.00878374 10
403.814 251.735 2.70908 -3.13033 9.86376e-08 5.5 -0.00878374 10
403.314 251.729 2.70908 -3.13036 9.38412e-08 6 -0.00878374 10
402.814 251.724 2.70908 -3.1304 8.63913e-08 6.5 -0.00878374 10
402.314 251.718 2.70908 -3.13042 7.6167e-08 7 -0.00878374 10
401.814 251.712 2.70908 -3.13045 6.31071e-08 7.5 -0.00878374 10
401.314 251.707 2.70908 -3.13046 4.72218e-08 8.00001 -0.00878374 10
400.814 251.701 2.70908 -3.13047 2.8603e-08 8.50001 -0.00878374 10
400.314 251.696 2.70908 -3.13047 7.43612e-09 9.00001 -0.00878374 10
399.814 251.69 2.70908 -3.13047 -1.5989e-08 9.50001 -0.00878374 10
399.314 251.685 2.70908 -3.13045 -4.12668e-08 10 -0.00878374 10
398.814 251.679 2.70908 -3.13043 -6.78647e-08 10.5 -0.00878374 10
398.315 251.673 2.70908 -3.1304 -9.51115e-08 11 -0.00878374 10
397.815 251.668 2.70908 -3.13035 -1.22183e-07 11.5 -0.00878374 10
397.315 251.662 2.70908 -3.13029 -1.48072e-07 12 -0.00878374 10
396.815 251.657 2.70908 -3.13022 -1.71523e-07 12.5 -0.00878374 10
396.315 251.651 2.70908 -3.13014 -1.90866e-07 13 -0.00878374 10
395.815 251.645 2.70908 -3.13004 -2.03806e-07 13.5 -0.00878374 10
395.315 251.639 2.70908 -3.12994 -2.07471e-07 14 -0.00878374 10
394.815 251.634 2.70908 -3.12982 -1.9925e-07 14.5 -0.00878374 10
394.315 251.628 2.70908 -3.1297 -1.78519e-07 15 -0.00878374 0
393.815 251.622 2.70908 -3.12957 -1.47998e-07 15.5 -0.00878374 0
393.315 251.616 2.70908 -3.12946 -1.13129e-07 16 -0.00878374 0
392.815 251.61 2.70908 -3.12935 -7.96391e-08 16.5 -0.00878374 0
392.315 251.604 2.70908 -3.12925 -5.13335e-08 17 -0.00878374 0
391.815 251.597 2.70908 -3.12917 -2.95719e-08 17.5 -0.00878374 0
391.315 251.591 2.70908 -3.1291 -1.40547e-08 18 -0.00878374 0
390.815 251.585 2.70908 -3.12904 -3.78579e-09 18.5 -0.00878374 0
390.315 251.579 2.70908 -3.12899 2.35444e-09 19 -0.00878374 0
389.815 251.572 2.70908 -3.12895 5.39184e-09 19.5 -0.00878374 0
389.315 251.566 2.70908 -3.12892 6.20799e-09 20 -0.00878374 0
388.815 251.56 2.70908 -3.12889 5.53971e-09 20.5 -0.00878374 0
388.315 251.553 2.70908 -3.12888 3.98902e-09 21 -0.00878374 0
387.815 251.547 2.70908 -3.12887 2.03404e-09 21.5 -0.00878374 0
387.315 251.541 2.70908 -3.12887 4.0622e-11 22 -0.00878374 0
386.815 251.534 2.70908 -3.12888 -1.72762e-09 22.5 -0.00878374 0
386.315 251.528 2.70908 -3.12889 -3.09336e-09 23 -0.00878374 0
385.815 251.522 2.70908 -3.1289 -3.9633e-09 23.5 -0.00878374 0
385.315 251.515 2.70908 -3.12892 -4.30799e-09 24 -0.00878374 0
384.816 251.509 2.70908 -3.12894 -4.15509e-09 24.5 -0.00878374 0
384.316 251.503 2.70908 -3.12896 -3.57716e-09 25 -0.00878374 0
383.816 251.496 2.70908 -3.12899 -2.68047e-09 25.5 -0.00878374 0
383.316 251.49 2.70908 -3.12901 -1.59372e-09 26 -0.00878374 0
382.816 251.484 2.70908 -3.12903 -4.5695e-10 26.5 -0.00878374 0
382.316 251.477 2.70908 -3.12906 5.89952e-10 27 -0.00878374 0
381.816 251.471 2.70908 -3.12908 1.41824e-09 27.5 -0.00878374 0
381.316 251.465 2.70908 -3.1291 1.92165e-09 28 -0.00878374 0
380.816 251.459 2.70908 -3.12911 2.0276e-09 28.5 -0.00878374 0
380.316 251.452 2.70908 -3.12912 1.70853e-09 29 -0.00878374 0
379.816 251.446 2.70908 -3.12913 9.92908e-10 29.5 -0.00878374 0
379.316 251.44 2.70908 -3.12913 3.41142e-10 30 -0.00878374 0
