452.802 252.993 2.71381 3.07644 2.97078e-13 0 -0.00889735 11
452.302 253.025 2.71381 3.0864 -0.00177511 0.501514 -0.00889735 11
451.801 253.053 2.71381 3.09794 -0.00142812 1.00266 -0.00889735 11
451.301 253.075 2.71381 3.10897 -0.00111588 1.50345 -0.00889735 11
450.801 253.091 2.71381 3.11948 -0.0008373 2.00397 -0.00889735 11
450.301 253.102 2.71381 3.12947 -0.000591162 2.50427 -0.00889735 11
449.801 253.108 2.71381 3.13893 -0.000376106 3.00442 -0.00889735 11
449.3 253.11 2.71381 -3.13531 -0.000190672 3.50448 -0.00889735 11
448.8 253.107 2.71381 -3.12689 -3.33155e-05 4.00449 -0.00889735 11
448.301 253.099 2.71381 -3.11899 9.75679e-05 4.50449 -0.00889735 11
447.801 253.088 2.71381 -3.11162 0.000203629 5.00451 -0.00889735 11
447.301 253.073 2.71381 -3.10477 0.00028655 5.50459 -0.00889735 11
446.801 253.055 2.71381 -3.09845 0.000348028 6.00474 -0.00889735 11
446.301 253.033 2.71381 -3.09264 0.000389769 6.50497 -0.00889735 11
445.801 253.009 2.71381 -3.08736 0.000413478 7.0053 -0.00889735 11
445.302 252.981 2.71381 -3.08259 0.000420849 7.50574 -0.00889735 11
444.802 252.952 2.71381 -3.07834 0.000413564 8.00628 -0.00889735 11
444.302 252.92 2.71381 -3.0746 0.000393286 8.50692 -0.00889735 11
443.803 252.887 2.71381 -3.07138 0.000361661 9.00766 -0.00889735 11
443.303 252.852 2.71381 -3.06866 0.000320311 9.50849 -0.00889735 11
442.804 252.815 2.71381 -3.06646 0.000270838 10.0094 -0.00889735 11
442.304 252.777 2.71381 -3.06477 0.000214823 10.5104 -0.00889735 11
441.805 252.739 2.71381 -3.06358 0.000153828 11.0114 -0.00889735 11
441.305 252.7 2.71381 -3.0629 8.9404e-05 11.5125 -0.00889735 11
440.805 252.661 2.71381 -3.06273 2.31155e-05 12.0136 -0.00889735 11
440.306 252.621 2.71381 -3.06306 -4.33634e-05 12.5147 -0.00889735 11
439.806 252.582 2.71381 -3.06388 -0.000107997 13.0158 -0.00889735 11
439.307 252.543 0.00124594 -3.06517 -0.000167956 13.5168 0.00206331 0
438.807 252.505 0.00124594 -3.0669 -0.000219319 14.0179 0.00206331 0
438.308 252.467 0.00124594 -3.06899 -0.000257619 14.5188 0.00206331 0
437.808 252.431 0.00124594 -3.07135 -0.000279599 15.0197 0.00206331 0
437.309 252.396 0.00124594 -3.07386 -0.000285161 15.5206 0.00206331 0
436.809 252.362 0.00124594 -3.07642 -0.000277685 16.0213 0.00206331 0
436.309 252.329 0.00124594 -3.07897 -0.000262254 16.522 0.00206331 0
435.81 252.298 0.00124594 -3.08146 -0.000243363 17.0226 0.00206331 0
435.31 252.268 0.00124594 -3.08388 -0.000223798 17.5232 0.00206331 0
434.81 252.239 0.00124594 -3.0862 -0.00020482 18.0237 0.00206331 0
434.311 252.211 0.00124594 -3.08845 -0.000186848 18.5242 0.00206331 0
433.811 252.185 0.00124594 -3.0906 -0.00016997 19.0246 0.00206331 0
433.311 252.159 0.00124594 -3.09266 -0.000154177 19.525 0.00206331 0
432.811 252.135 0.00124594 -3.09463 -0.00013944 20.0253 0.00206331 0
432.312 252.111 0.00124594 -3.09651 -0.000125724 20.5256 0.00206331 0
431.812 252.089 0.00124594 -3.0983 -0.000112991 21.0259 0.00206331 0
431.312 252.067 0.00124594 -3.09999 -0.000101204 21.5261 0.00206331 0
430.812 252.046 0.00124594 -3.10159 -9.03216e-05 22.0263 0.00206331 0
430.313 252.026 0.00124594 -3.1031 -8.03015e-05 22.5265 0.00206331 0
429.813 252.007 0.00124594 -3.10451 -7.11001e-05 23.0267 0.00206331 0
429.313 251.988 0.00124594 -3.10582 -6.26718e-05 23.5268 0.00206331 0
428.813 251.971 0.00124594 -3.10704 -5.49697e-05 24.0269 0.00206331 0
428.313 251.953 0.00124594 -3.10816 -4.7945e-05 24.5271 0.00206331 0
427.814 251.937 0.00124594 -3.10918 -4.15478e-05 25.0272 0.00206331 0
427.314 251.92 0.00124594 -3.1101 -3.57263e-05 25.5273 0.00206331 0
426.814 251.905 0.00124594 -3.11092 -3.04274e-05 26.0274 0.00206331 0
426.314 251.889 0.00124594 -3.11164 -2.55966e-05 26.5274 0.00206331 0
425.814 251.874 0.00124594 -3.11227 -2.11777e-05 27.0275 0.00206331 0
425.314 251.86 0.00124594 -3.11278 -1.71133e-05 27.5276 0.00206331 0
424.814 251.845 0.00124594 -3.1132 -1.33445e-05 28.0277 0.00206331 0
424.315 251.831 0.00124594 -3.11351 -9.81098e-06 28.5277 0.00206331 0
423.815 251.817 0.00124594 -3.11372 -6.451e-06 29.0278 0.00206331 0
423.315 251.803 0.00124594 -3.11383 -3.20146e-06 29.5278 0.00206331 0
422.815 251.789 0.00124594 -3.11383 -1.03128e-06 30.0279 0.00206331 0
