404.314 251.741 2.70908 -3.13026 3.3153e-15 0 -0.00878374 10
403.814 251.735 2.70908 -3.13023 -1.07512e-07 0.5 -0.00878374 10
403.314 251.729 2.70908 -3.13019 -8.58192e-08 1 -0.00878374 10
402.814 251.723 2.70908 -3.13016 -6.74942e-08 1.5 -0.00878374 10
402.314 251.718 2.70908 -3.13014 -5.2048e-08 2 -0.00878374 10
401.814 251.712 2.70908 -3.13012 -3.90897e-08 2.5 -0.00878374 10
401.314 251.706 2.70908 -3.13011 -2.83158e-08 3 -0.00878374 10
400.814 251.701 2.70908 -3.1301 -1.94987e-08 3.5 -0.00878374 10
400.314 251.695 2.70908 -3.13009 -1.24757e-08 4 -0.00878374 10
399.814 251.689 2.70908 -3.13009 -7.1381e-09 4.5 -0.00878374 10
399.314 251.683 2.70908 -3.13008 -3.42019e-09 5 -0.00878374 10
398.814 251.678 2.70908 -3.13008 -1.28792e-09 5.5 -0.00878374 10
398.315 251.672 2.70908 -3.13008 -7.27843e-10 6 -0.00878374 10
397.815 251.666 2.70908 -3.13008 -1.73614e-09 6.5 -0.00878374 10
397.315 251.66 2.70908 -3.13008 -4.3074e-09 7 -0.00878374 10
396.815 251.655 2.70908 -3.13008 -8.42347e-09 7.5 -0.00878374 10
396.315 251.649 2.70908 -3.13007 -1.40422e-08 8 -0.00878374 10
395.815 251.643 2.70908 -3.13006 -2.10864e-08 8.50001 -0.00878374 10
395.315 251.637 2.70908 -3.13004 -2.94328e-08 9.00001 -0.00878374 10
394.815 251.631 2.70908 -3.13003 -3.89003e-08 9.50001 -0.00878374 10
394.315 251.626 2.70908 -3.13 -4.92395e-08 10 -0.00878374 10
393.815 251.62 2.70908 -3.12997 -6.01206e-08 10.5 -0.00878374 10
393.315 251.614 2.70908 -3.12993 -7.11228e-08 11 -0.00878374 10
392.815 251.608 2.70908 -3.12988 -8.17205e-08 11.5 -0.00878374 10
392.315 251.602 2.70908 -3.12983 -9.12642e-08 12 -0.00878374 10
391.815 251.597 2.70908 -3.12976 -9.89406e-08 12.5 -0.00878374 10
391.315 251.591 2.70908 -3.12969 -1.03697e-07 13 -0.00878374 10
390.815 251.585 2.70908 -3.1296 -1.04174e-07 13.5 -0.00878374 10
390.315 251.579 2.70908 -3.12951 -9.88356e-08 14 -0.00878374 10
389.815 251.573 2.70908 -3.12941 -8.66122e-08 14.5 -0.00878374 10
389.315 251.567 2.70908 -3.1293 -6.79465e-08 15 -0.00878373 0
388.815 251.56 2.70908 -3.1292 -4.54007e-08 15.5 -0.00878373 0
388.315 251.554 2.70908 -3.1291 -2.28845e-08 16 -0.00878373 0
387.815 251.548 2.70908 -3.12901 -3.89096e-09 16.5 -0.00878373 0
387.315 251.542 2.70908 -3.12893 9.78494e-09 17 -0.00878373 0
386.815 251.535 2.70908 -3.12887 1.80414e-08 17.5 -0.00878373 0
386.315 251.529 2.70908 -3.12881 2.17169e-08 18 -0.00878373 0
385.815 251.523 2.70908 -3.12877 2.18975e-08 18.5 -0.00878373 0
385.315 251.516 2.70908 -3.12873 1.96027e-08 19 -0.00878373 0
384.815 251.51 2.70908 -3.12871 1.56991e-08 19.5 -0.00878373 0
384.316 251.503 2.70908 -3.12869 1.09011e-08 20 -0.00878373 0
383.816 251.497 2.70908 -3.12868 5.78547e-09 20.5 -0.00878373 0
383.316 251.49 2.70908 -3.12868 8.03717e-10 21 -0.00878373 0
382.816 251.484 2.70908 -3.12869 -3.70593e-09 21.5 -0.00878373 0
382.316 251.477 2.70908 -3.1287 -7.50711e-09 22 -0.00878373 0
381.816 251.471 2.70908 -3.12871 -1.04543e-08 22.5 -0.00878373 0
381.316 251.465 2.70908 -3.12873 -1.24813e-08 23 -0.00878373 0
380.816 251.458 2.70908 -3.12876 -1.35902e-08 23.5 -0.00878373 0
380.316 251.452 2.70908 -3.12878 -1.384e-08 24 -0.00878373 0
379.816 251.445 2.70908 -3.12881 -1.33354e-08 24.5 -0.00878373 0
379.316 251.439 2.70908 -3.12884 -1.22157e-08 25 -0.00878373 0
378.816 251.433 2.70908 -3.12887 -1.06432e-08 25.5 -0.00878373 0
378.316 251.426 2.70908 -3.1289 -8.79255e-09 26 -0.00878373 0
377.816 251.42 2.70908 -3.12893 -6.83895e-09 26.5 -0.00878373 0
377.316 251.414 2.70908 -3.12895 -4.94738e-09 27 -0.00878373 0
376.816 251.407 2.70908 -3.12898 -3.26113e-09 27.5 -0.00878373 0
376.316 251.401 2.70908 -3.129 -1.8907e-09 28 -0.00878373 0
375.816 251.395 2.70908 -3.12901 -9.02502e-10 28.5 -0.00878373 0
375.316 251.388 2.70908 -3.12902 -3.07717e-10 29 -0.00878373 0
374.816 251.382 2.70908 -3.12903 -5.112e-11 29.5 -0.00878373 0
374.316 251.376 2.70908 -3.12903 -8.51646e-14 30 -0.00878373 0
