399.314 251.683 2.70908 -3.13007 5.73674e-15 0 -0.00878374 10
398.814 251.678 2.70908 -3.13002 -1.34452e-07 0.5 -0.00878374 10
398.315 251.672 2.70908 -3.12996 -1.09018e-07 1 -0.00878374 10
397.815 251.666 2.70908 -3.12992 -8.79879e-08 1.5 -0.00878374 10
397.315 251.66 2.70908 -3.12987 -7.06326e-08 2 -0.00878374 10
396.815 251.654 2.70908 -3.12984 -5.63412e-08 2.5 -0.00878374 10
396.315 251.648 2.70908 -3.12981 -4.46102e-08 3 -0.00878374 10
395.815 251.642 2.70908 -3.12979 -3.5032e-08 3.5 -0.00878374 10
395.315 251.637 2.70908 -3.12977 -2.72839e-08 4 -0.00878374 10
394.815 251.631 2.70908 -3.12976 -2.11172e-08 4.5 -0.00878374 10
394.315 251.625 2.70908 -3.12974 -1.63454e-08 5 -0.00878374 10
393.815 251.619 2.70908 -3.12973 -1.2834e-08 5.5 -0.00878374 10
393.315 251.613 2.70908 -3.12973 -1.04883e-08 6 -0.00878374 10
392.815 251.607 2.70908 -3.12972 -9.2429e-09 6.5 -0.00878374 10
392.315 251.601 2.70908 -3.12971 -9.05039e-09 7 -0.00878374 10
391.815 251.595 2.70908 -3.12971 -9.87001e-09 7.5 -0.00878374 10
391.315 251.589 2.70908 -3.1297 -1.16565e-08 8 -0.00878374 10
390.815 251.583 2.70908 -3.12969 -1.4349e-08 8.5 -0.00878374 10
390.315 251.577 2.70908 -3.12967 -1.78596e-08 9 -0.00878374 10
389.815 251.571 2.70908 -3.12965 -2.20622e-08 9.5 -0.00878374 10
389.315 251.565 2.70908 -3.12963 -2.67816e-08 10 -0.00878374 10
388.815 251.559 2.70908 -3.12961 -3.17815e-08 10.5 -0.00878374 10
388.315 251.553 2.70908 -3.12957 -3.67538e-08 11 -0.00878374 10
387.815 251.547 2.70908 -3.12953 -4.13063e-08 11.5 -0.00878374 10
387.315 251.541 2.70908 -3.12949 -4.49471e-08 12 -0.00878374 10
386.815 251.535 2.70908 -3.12943 -4.70624e-08 12.5 -0.00878374 10
386.315 251.529 2.70908 -3.12937 -4.68803e-08 13 -0.00878374 10
385.815 251.523 2.70908 -3.12929 -4.34845e-08 13.5 -0.00878374 10
385.315 251.517 2.70908 -3.12921 -3.5991e-08 14 -0.00878374 10
384.815 251.511 2.70908 -3.12913 -2.40828e-08 14.5 -0.00878374 10
384.316 251.504 2.70908 -3.12904 -8.72608e-09 15 -0.00878373 0
383.816 251.498 2.70908 -3.12895 7.61428e-09 15.5 -0.00878373 0
383.316 251.492 2.70908 -3.12886 2.18393e-08 16 -0.00878373 0
382.816 251.486 2.70908 -3.12879 3.16484e-08 16.5 -0.00878373 0
382.316 251.479 2.70908 -3.12872 3.63332e-08 17 -0.00878373 0
381.816 251.473 2.70908 -3.12867 3.64802e-08 17.5 -0.00878373 0
381.316 251.466 2.70908 -3.12863 3.32111e-08 18 -0.00878373 0
380.816 251.46 2.70908 -3.12859 2.76446e-08 18.5 -0.00878373 0
380.316 251.453 2.70908 -3.12857 2.07158e-08 19 -0.00878373 0
379.816 251.447 2.70908 -3.12856 1.31723e-08 19.5 -0.00878373 0
379.316 251.44 2.70908 -3.12855 5.60673e-09 20 -0.00878373 0
378.816 251.434 2.70908 -3.12855 -1.52103e-09 20.5 -0.00878373 0
378.316 251.427 2.70908 -3.12856 -7.86841e-09 21 -0.00878373 0
377.816 251.421 2.70908 -3.12857 -1.31984e-08 21.5 -0.00878373 0
377.316 251.414 2.70908 -3.12859 -1.7368e-08 22 -0.00878373 0
376.816 251.408 2.70908 -3.12862 -2.03172e-08 22.5 -0.00878373 0
376.316 251.401 2.70908 -3.12864 -2.20574e-08 23 -0.00878373 0
375.816 251.395 2.70908 -3.12867 -2.26602e-08 23.5 -0.00878373 0
375.316 251.388 2.70908 -3.12871 -2.22465e-08 24 -0.00878373 0
374.816 251.382 2.70908 -3.12874 -2.09751e-08 24.5 -0.00878373 0
374.316 251.375 2.70908 -3.12877 -1.90312e-08 25 -0.00878373 0
373.816 251.369 2.70908 -3.12881 -1.66156e-08 25.5 -0.00878373 0
373.316 251.363 2.70908 -3.12884 -1.39332e-08 26 -0.00878373 0
372.816 251.356 2.70908 -3.12887 -1.1182e-08 26.5 -0.00878373 0
372.317 251.35 2.70908 -3.1289 -8.54188e-09 27 -0.00878373 0
371.817 251.343 2.70908 -3.12893 -6.16324e-09 27.5 -0.00878373 0
371.317 251.337 2.70908 -3.12895 -4.1559e-09 28 -0.00878373 0
370.817 251.331 2.70908 -3.12897 -2.57794e-09 28.5 -0.00878373 0
370.317 251.325 2.70908 -3.12898 -1.42448e-09 29 -0.00878373 0
369.817 251.318 2.70908 -3.12899 -6.16451e-10 29.5 -0.00878373 0
369.317 251.312 2.70908 -3.12899 -1.8312e-10 30 -0.00878373 0
