393.315 251.613 2.70908 -3.12972 3.91112e-15 0 -0.00878374 10
392.815 251.607 2.70908 -3.12967 -8.88379e-08 0.5 -0.00878374 10
392.315 251.601 2.70908 -3.12961 -6.90694e-08 1 -0.00878374 10
391.815 251.595 2.70908 -3.12956 -5.33621e-08 1.5 -0.00878374 10
391.315 251.589 2.70908 -3.12952 -4.09362e-08 2 -0.00878374 10
390.815 251.583 2.70908 -3.12949 -3.11379e-08 2.5 -0.00878374 10
390.315 251.577 2.70908 -3.12946 -2.34277e-08 3 -0.00878374 10
389.815 251.571 2.70908 -3.12944 -1.73695e-08 3.5 -0.00878374 10
389.315 251.565 2.70908 -3.12942 -1.26193e-08 4 -0.00878374 10
388.815 251.559 2.70908 -3.12941 -8.91392e-09 4.5 -0.00878374 10
388.315 251.553 2.70908 -3.1294 -6.0599e-09 5 -0.00878374 10
387.815 251.546 2.70908 -3.1294 -3.92231e-09 5.5 -0.00878374 10
387.315 251.54 2.70908 -3.12939 -2.41323e-09 6 -0.00878374 10
386.815 251.534 2.70908 -3.12939 -1.48181e-09 6.5 -0.00878374 10
386.315 251.528 2.70908 -3.12939 -1.09831e-09 7 -0.00878374 10
385.815 251.522 2.70908 -3.12939 -1.25184e-09 7.5 -0.00878374 10
385.315 251.516 2.70908 -3.12938 -1.93024e-09 8 -0.00878374 10
384.815 251.51 2.70908 -3.12938 -3.11326e-09 8.5 -0.00878374 10
384.316 251.504 2.70908 -3.12937 -4.76042e-09 9 -0.00878374 10
383.816 251.498 2.70908 -3.12936 -6.79973e-09 9.5 -0.00878374 10
383.316 251.492 2.70908 -3.12935 -9.11644e-09 10 -0.00878374 10
382.816 251.485 2.70908 -3.12933 -1.15419e-08 10.5 -0.00878374 10
382.316 251.479 2.70908 -3.1293 -1.38418e-08 11 -0.00878374 10
381.816 251.473 2.70908 -3.12927 -1.57052e-08 11.5 -0.00878374 10
381.316 251.467 2.70908 -3.12924 -1.67311e-08 12 -0.00878374 10
380.816 251.461 2.70908 -3.12919 -1.64151e-08 12.5 -0.00878374 10
380.316 251.455 2.70908 -3.12914 -1.41421e-08 13 -0.00878374 10
379.816 251.448 2.70908 -3.12908 -9.23674e-09 13.5 -0.00878374 10
379.316 251.442 2.70908 -3.12901 -1.18074e-09 14 -0.00878374 10
378.816 251.436 2.70908 -3.12893 9.91067e-09 14.5 -0.00878374 10
378.316 251.43 2.70908 -3.12885 2.27602e-08 15 -0.00878373 0
377.816 251.423 2.70908 -3.12877 3.49443e-08 15.5 -0.00878373 0
377.316 251.417 2.70908 -3.1287 4.38301e-08 16 -0.00878373 0
376.816 251.41 2.70908 -3.12863 4.78293e-08 16.5 -0.00878373 0
376.316 251.404 2.70908 -3.12858 4.6901e-08 17 -0.00878373 0
375.816 251.397 2.70908 -3.12854 4.20637e-08 17.5 -0.00878373 0
375.316 251.391 2.70908 -3.1285 3.46186e-08 18 -0.00878373 0
374.816 251.384 2.70908 -3.12848 2.56978e-08 18.5 -0.00878373 0
374.316 251.378 2.70908 -3.12846 1.61729e-08 19 -0.00878373 0
373.816 251.371 2.70908 -3.12846 6.70519e-09 19.5 -0.00878373 0
373.316 251.365 2.70908 -3.12846 -2.20179e-09 20 -0.00878373 0
372.816 251.358 2.70908 -3.12847 -1.01726e-08 20.5 -0.00878373 0
372.317 251.351 2.70908 -3.12848 -1.69437e-08 21 -0.00878373 0
371.817 251.345 2.70908 -3.1285 -2.23512e-08 21.5 -0.00878373 0
371.317 251.338 2.70908 -3.12853 -2.63195e-08 22 -0.00878373 0
370.817 251.332 2.70908 -3.12856 -2.88496e-08 22.5 -0.00878373 0
370.317 251.325 2.70908 -3.12859 -3.00086e-08 23 -0.00878373 0
369.817 251.319 2.70908 -3.12863 -2.99178e-08 23.5 -0.00878373 0
369.317 251.312 2.70908 -3.12866 -2.87419e-08 24 -0.00878373 0
368.817 251.306 2.70908 -3.1287 -2.66774e-08 24.5 -0.00878373 0
368.317 251.299 2.70908 -3.12874 -2.39419e-08 25 -0.00878373 0
367.817 251.293 2.70908 -3.12878 -2.07623e-08 25.5 -0.00878373 0
367.317 251.287 2.70908 -3.12881 -1.73642e-08 26 -0.00878373 0
366.817 251.28 2.70908 -3.12885 -1.39593e-08 26.5 -0.00878373 0
366.317 251.274 2.70908 -3.12888 -1.07391e-08 27 -0.00878373 0
365.817 251.267 2.70908 -3.12891 -7.85451e-09 27.5 -0.00878373 0
365.317 251.261 2.70908 -3.12893 -5.41367e-09 28 -0.00878373 0
364.817 251.255 2.70908 -3.12895 -3.46631e-09 28.5 -0.00878373 0
364.317 251.248 2.70908 -3.12897 -1.99354e-09 29 -0.00878373 0
363.817 251.242 2.70908 -3.12897 -8.96448e-10 29.5 -0.00878373 0
363.317 251.236 2.70908 -3.12897 -2.72714e-10 30 -0.00878373 0
