388.315 251.553 2.70908 -3.1294 1.98713e-15 0 -0.00878374 10
387.815 251.546 2.70908 -3.12935 -3.66766e-08 0.5 -0.00878374 10
387.315 251.54 2.70908 -3.12931 -2.60627e-08 1 -0.00878374 10
386.815 251.534 2.70908 -3.12927 -1.82328e-08 1.5 -0.00878374 10
386.315 251.528 2.70908 -3.12925 -1.25163e-08 2 -0.00878374 10
385.815 251.522 2.70908 -3.12923 -8.36927e-09 2.5 -0.00878374 10
385.315 251.516 2.70908 -3.12921 -5.35404e-09 3 -0.00878374 10
384.816 251.51 2.70908 -3.1292 -3.13256e-09 3.5 -0.00878374 10
384.316 251.503 2.70908 -3.1292 -1.45424e-09 4 -0.00878374 10
383.816 251.497 2.70908 -3.1292 -1.44637e-10 4.5 -0.00878374 10
383.316 251.491 2.70908 -3.1292 9.05732e-10 5 -0.00878374 10
382.816 251.485 2.70908 -3.1292 1.75258e-09 5.5 -0.00878374 10
382.316 251.479 2.70908 -3.12921 2.40931e-09 6 -0.00878374 10
381.816 251.472 2.70908 -3.12922 2.85803e-09 6.5 -0.00878374 10
381.316 251.466 2.70908 -3.12923 3.06093e-09 7 -0.00878374 10
380.816 251.46 2.70908 -3.12923 2.97147e-09 7.5 -0.00878374 10
380.316 251.454 2.70908 -3.12924 2.54579e-09 8 -0.00878374 10
379.816 251.448 2.70908 -3.12924 1.75369e-09 8.5 -0.00878374 10
379.316 251.441 2.70908 -3.12925 5.90134e-10 9 -0.00878374 10
378.816 251.435 2.70908 -3.12924 -9.13589e-10 9.5 -0.00878374 10
378.316 251.429 2.70908 -3.12924 -2.67853e-09 10 -0.00878374 10
377.816 251.423 2.70908 -3.12922 -4.56687e-09 10.5 -0.00878374 10
377.316 251.417 2.70908 -3.12921 -6.37066e-09 11 -0.00878374 10
376.816 251.411 2.70908 -3.12918 -7.80018e-09 11.5 -0.00878374 10
376.316 251.404 2.70908 -3.12915 -8.47207e-09 12 -0.00878374 10
375.816 251.398 2.70908 -3.12911 -7.89764e-09 12.5 -0.00878374 10
375.316 251.392 2.70908 -3.12907 -5.48354e-09 13 -0.00878374 10
374.816 251.386 2.70908 -3.12901 -5.93296e-10 13.5 -0.00878374 10
374.316 251.379 2.70908 -3.12894 7.2243e-09 14 -0.00878374 10
373.816 251.373 2.70908 -3.12887 1.77675e-08 14.5 -0.00878374 10
373.316 251.367 2.70908 -3.1288 2.96932e-08 15 -0.00878374 0
372.816 251.36 2.70908 -3.12872 4.05879e-08 15.5 -0.00878374 0
372.316 251.354 2.70908 -3.12866 4.7929e-08 16 -0.00878374 0
371.817 251.347 2.70908 -3.12859 5.03057e-08 16.5 -0.00878374 0
371.317 251.341 2.70908 -3.12854 4.78513e-08 17 -0.00878374 0
370.817 251.334 2.70908 -3.1285 4.17006e-08 17.5 -0.00878374 0
370.317 251.328 2.70908 -3.12847 3.32022e-08 18 -0.00878374 0
369.817 251.321 2.70908 -3.12845 2.34876e-08 18.5 -0.00878374 0
369.317 251.315 2.70908 -3.12844 1.34052e-08 19 -0.00878374 0
368.817 251.308 2.70908 -3.12844 3.58593e-09 19.5 -0.00878374 0
368.317 251.301 2.70908 -3.12844 -5.49734e-09 20 -0.00878374 0
367.817 251.295 2.70908 -3.12845 -1.34983e-08 20.5 -0.00878374 0
367.317 251.288 2.70908 -3.12847 -2.01808e-08 21 -0.00878374 0
366.817 251.282 2.70908 -3.12849 -2.54048e-08 21.5 -0.00878374 0
366.317 251.275 2.70908 -3.12852 -2.91206e-08 22 -0.00878374 0
365.817 251.269 2.70908 -3.12855 -3.13477e-08 22.5 -0.00878374 0
365.317 251.262 2.70908 -3.12859 -3.21727e-08 23 -0.00878374 0
364.817 251.256 2.70908 -3.12862 -3.17339e-08 23.5 -0.00878374 0
364.317 251.249 2.70908 -3.12866 -3.02109e-08 24 -0.00878374 0
363.817 251.243 2.70908 -3.1287 -2.78129e-08 24.5 -0.00878374 0
363.317 251.236 2.70908 -3.12874 -2.47683e-08 25 -0.00878374 0
362.817 251.23 2.70908 -3.12878 -2.13128e-08 25.5 -0.00878374 0
362.317 251.223 2.70908 -3.12882 -1.76785e-08 26 -0.00878374 0
361.817 251.217 2.70908 -3.12885 -1.4083e-08 26.5 -0.00878374 0
361.317 251.211 2.70908 -3.12888 -1.07176e-08 27 -0.00878374 0
360.817 251.204 2.70908 -3.12891 -7.73656e-09 27.5 -0.00878374 0
360.317 251.198 2.70908 -3.12894 -5.24583e-09 28 -0.00878374 0
359.818 251.192 2.70908 -3.12896 -3.29183e-09 28.5 -0.00878374 0
359.318 251.185 2.70908 -3.12897 -1.85027e-09 29 -0.00878374 0
358.818 251.179 2.70908 -3.12898 -8.15008e-10 29.5 -0.00878374 0
358.318 251.173 2.70908 -3.12898 -2.44998e-10 30 -0.00878374 0
