383.816 251.497 2.70908 -3.12919 4.40874e-16 0 -0.00878374 10
383.316 251.491 2.70908 -3.12916 -1.15529e-08 0.5 -0.00878374 10
382.816 251.485 2.70908 -3.12913 -6.75229e-09 1 -0.00878374 10
382.316 251.478 2.70908 -3.1291 -3.72789e-09 1.5 -0.00878374 10
381.816 251.472 2.70908 -3.12908 -1.92278e-09 2 -0.00878374 10
381.316 251.466 2.70908 -3.12907 -8.95381e-10 2.5 -0.00878374 10
380.816 251.46 2.70908 -3.12907 -3.08165e-10 3 -0.00878374 10
380.316 251.453 2.70908 -3.12907 8.36805e-11 3.5 -0.00878374 10
379.816 251.447 2.70908 -3.12908 4.43295e-10 4 -0.00878374 10
379.316 251.441 2.70908 -3.12909 8.6363e-10 4.5 -0.00878374 10
378.816 251.435 2.70908 -3.1291 1.37857e-09 5 -0.00878374 10
378.316 251.428 2.70908 -3.12911 1.97429e-09 5.5 -0.00878374 10
377.816 251.422 2.70908 -3.12913 2.60043e-09 6 -0.00878374 10
377.316 251.416 2.70908 -3.12914 3.1813e-09 6.5 -0.00878374 10
376.816 251.41 2.70908 -3.12916 3.62729e-09 7 -0.00878374 10
376.316 251.404 2.70908 -3.12917 3.84596e-09 7.5 -0.00878374 10
375.816 251.397 2.70908 -3.12918 3.75349e-09 8 -0.00878374 10
375.316 251.391 2.70908 -3.12919 3.28573e-09 8.5 -0.00878374 10
374.816 251.385 2.70908 -3.1292 2.40954e-09 9 -0.00878374 10
374.316 251.379 2.70908 -3.12921 1.13409e-09 9.5 -0.00878374 10
373.816 251.373 2.70908 -3.1292 -4.77886e-10 10 -0.00878374 10
373.316 251.366 2.70908 -3.1292 -2.29885e-09 10.5 -0.00878374 10
372.816 251.36 2.70908 -3.12918 -4.12512e-09 11 -0.00878374 10
372.316 251.354 2.70908 -3.12916 -5.66544e-09 11.5 -0.00878374 10
371.817 251.348 2.70908 -3.12914 -6.52904e-09 12 -0.00878374 10
371.317 251.341 2.70908 -3.1291 -6.21446e-09 12.5 -0.00878374 10
370.817 251.335 2.70908 -3.12905 -4.11064e-09 13 -0.00878374 10
370.317 251.329 2.70908 -3.129 4.40244e-10 13.5 -0.00878374 10
369.817 251.323 2.70908 -3.12894 7.91262e-09 14 -0.00878374 10
369.317 251.316 2.70908 -3.12887 1.81267e-08 14.5 -0.00878374 10
368.817 251.31 2.70908 -3.12879 2.97545e-08 15 -0.00878374 0
368.317 251.304 2.70908 -3.12872 4.03885e-08 15.5 -0.00878374 0
367.817 251.297 2.70908 -3.12865 4.75057e-08 16 -0.00878374 0
367.317 251.291 2.70908 -3.12859 4.96965e-08 16.5 -0.00878374 0
366.817 251.284 2.70908 -3.12854 4.71007e-08 17 -0.00878374 0
366.317 251.278 2.70908 -3.1285 4.08556e-08 17.5 -0.00878374 0
365.817 251.271 2.70908 -3.12847 3.23133e-08 18 -0.00878374 0
365.317 251.265 2.70908 -3.12845 2.26006e-08 18.5 -0.00878374 0
364.817 251.258 2.70908 -3.12844 1.25594e-08 19 -0.00878374 0
364.317 251.251 2.70908 -3.12844 2.81364e-09 19.5 -0.00878374 0
363.817 251.245 2.70908 -3.12845 -6.17078e-09 20 -0.00878374 0
363.317 251.238 2.70908 -3.12846 -1.40541e-08 20.5 -0.00878374 0
362.817 251.232 2.70908 -3.12848 -2.06059e-08 21 -0.00878374 0
362.317 251.225 2.70908 -3.1285 -2.5693e-08 21.5 -0.00878374 0
361.817 251.219 2.70908 -3.12853 -2.92679e-08 22 -0.00878374 0
361.317 251.212 2.70908 -3.12856 -3.13574e-08 22.5 -0.00878374 0
360.817 251.206 2.70908 -3.12859 -3.20516e-08 23 -0.00878374 0
360.317 251.199 2.70908 -3.12863 -3.14923e-08 23.5 -0.00878374 0
359.818 251.193 2.70908 -3.12867 -2.98624e-08 24 -0.00878374 0
359.318 251.186 2.70908 -3.12871 -2.7374e-08 24.5 -0.00878374 0
358.818 251.18 2.70908 -3.12875 -2.42577e-08 25 -0.00878374 0
358.318 251.173 2.70908 -3.12879 -2.07512e-08 25.5 -0.00878374 0
357.818 251.167 2.70908 -3.12883 -1.70882e-08 26 -0.00878374 0
357.318 251.16 2.70908 -3.12886 -1.34869e-08 26.5 -0.00878374 0
356.818 251.154 2.70908 -3.12889 -1.01394e-08 27 -0.00878374 0
356.318 251.148 2.70908 -3.12892 -7.20018e-09 27.5 -0.00878374 0
355.818 251.141 2.70908 -3.12895 -4.7747e-09 28 -0.00878374 0
355.318 251.135 2.70908 -3.12897 -2.90865e-09 28.5 -0.00878374 0
354.818 251.129 2.70908 -3.12898 -1.57654e-09 29 -0.00878374 0
354.318 251.122 2.70908 -3.12899 -6.70534e-10 29.5 -0.00878374 0
353.818 251.116 2.70908 -3.12899 -1.9729e-10 30 -0.00878374 0
