378.316 251.428 2.70908 -3.1291 -2.3434e-14 0 -0.00878374 10
377.816 251.422 2.70908 -3.12907 -3.72438e-09 0.5 -0.00878374 10
377.316 251.416 2.70908 -3.12905 -1.23631e-09 1 -0.00878374 10
376.816 251.41 2.70908 -3.12903 -7.28684e-11 1.5 -0.00878374 10
376.316 251.403 2.70908 -3.12902 2.69184e-10 2 -0.00878374 10
375.816 251.397 2.70908 -3.12901 1.80818e-10 2.5 -0.00878374 10
375.316 251.391 2.70908 -3.12901 -4.80976e-11 3 -0.00878374 10
374.816 251.385 2.70908 -3.12902 -2.17536e-10 3.5 -0.00878374 10
374.316 251.378 2.70908 -3.12903 -2.05928e-10 4 -0.00878374 10
373.816 251.372 2.70908 -3.12904 4.10012e-11 4.5 -0.00878374 10
373.316 251.366 2.70908 -3.12906 5.21518e-10 5 -0.00878374 10
372.816 251.359 2.70908 -3.12908 1.18914e-09 5.5 -0.00878374 10
372.316 251.353 2.70908 -3.12909 1.96387e-09 6 -0.00878374 10
371.817 251.347 2.70908 -3.12911 2.74348e-09 6.5 -0.00878374 10
371.317 251.341 2.70908 -3.12913 3.41476e-09 7 -0.00878374 10
370.817 251.334 2.70908 -3.12915 3.86476e-09 7.5 -0.00878374 10
370.317 251.328 2.70908 -3.12917 3.99199e-09 8 -0.00878374 10
369.817 251.322 2.70908 -3.12918 3.71778e-09 8.5 -0.00878374 10
369.317 251.316 2.70908 -3.12919 2.99754e-09 9 -0.00878374 10
368.817 251.31 2.70908 -3.12919 1.83183e-09 9.5 -0.00878374 10
368.317 251.303 2.70908 -3.1292 2.77925e-10 10 -0.00878374 10
367.817 251.297 2.70908 -3.12919 -1.53914e-09 10.5 -0.00878374 10
367.317 251.291 2.70908 -3.12918 -3.4153e-09 11 -0.00878374 10
366.817 251.285 2.70908 -3.12916 -5.05475e-09 11.5 -0.00878374 10
366.317 251.279 2.70908 -3.12913 -6.06304e-09 12 -0.00878374 10
365.817 251.272 2.70908 -3.1291 -5.9264e-09 12.5 -0.00878374 10
365.317 251.266 2.70908 -3.12906 -4.02184e-09 13 -0.00878374 10
364.817 251.26 2.70908 -3.129 3.2523e-10 13.5 -0.00878374 10
364.317 251.254 2.70908 -3.12894 7.60964e-09 14 -0.00878374 10
363.817 251.247 2.70908 -3.12887 1.76732e-08 14.5 -0.00878374 10
363.317 251.241 2.70908 -3.1288 2.9204e-08 15 -0.00878374 0
362.817 251.234 2.70908 -3.12873 3.97975e-08 15.5 -0.00878374 0
362.317 251.228 2.70908 -3.12866 4.69208e-08 16 -0.00878374 0
361.817 251.222 2.70908 -3.1286 4.91485e-08 16.5 -0.00878374 0
361.317 251.215 2.70908 -3.12855 4.6606e-08 17 -0.00878374 0
360.817 251.209 2.70908 -3.12851 4.04254e-08 17.5 -0.00878374 0
360.317 251.202 2.70908 -3.12848 3.19519e-08 18 -0.00878374 0
359.817 251.195 2.70908 -3.12846 2.23108e-08 18.5 -0.00878374 0
359.318 251.189 2.70908 -3.12845 1.23425e-08 19 -0.00878374 0
358.818 251.182 2.70908 -3.12844 2.6696e-09 19.5 -0.00878374 0
358.318 251.176 2.70908 -3.12845 -6.24321e-09 20 -0.00878374 0
357.818 251.169 2.70908 -3.12846 -1.40572e-08 20.5 -0.00878374 0
357.318 251.163 2.70908 -3.12848 -2.05431e-08 21 -0.00878374 0
356.818 251.156 2.70908 -3.1285 -2.55686e-08 21.5 -0.00878374 0
356.318 251.149 2.70908 -3.12853 -2.90869e-08 22 -0.00878374 0
355.818 251.143 2.70908 -3.12856 -3.11257e-08 22.5 -0.00878374 0
355.318 251.136 2.70908 -3.1286 -3.17758e-08 23 -0.00878374 0
354.818 251.13 2.70908 -3.12864 -3.11796e-08 23.5 -0.00878374 0
354.318 251.123 2.70908 -3.12867 -2.95204e-08 24 -0.00878374 0
353.818 251.117 2.70908 -3.12871 -2.7011e-08 24.5 -0.00878374 0
353.318 251.111 2.70908 -3.12875 -2.38831e-08 25 -0.00878374 0
352.818 251.104 2.70908 -3.12879 -2.03721e-08 25.5 -0.00878374 0
352.318 251.098 2.70908 -3.12883 -1.67145e-08 26 -0.00878374 0
351.818 251.091 2.70908 -3.12887 -1.31279e-08 26.5 -0.00878374 0
351.318 251.085 2.70908 -3.1289 -9.80455e-09 27 -0.00878374 0
350.818 251.079 2.70908 -3.12893 -6.89866e-09 27.5 -0.00878374 0
350.318 251.072 2.70908 -3.12895 -4.51586e-09 28 -0.00878374 0
349.818 251.066 2.70908 -3.12897 -2.70173e-09 28.5 -0.00878374 0
349.318 251.06 2.70908 -3.12899 -1.43042e-09 29 -0.00878374 0
348.818 251.053 2.70908 -3.12899 -5.93995e-10 29.5 -0.00878374 0
348.318 251.047 2.70908 -3.12899 -1.72152e-10 30 -0.00878374 0
