372.816 251.359 2.70908 -3.12906 8.99535e-17 0 -0.00878374 10
372.316 251.353 2.70908 -3.12904 -1.09911e-09 0.5 -0.00878374 10
371.817 251.347 2.70908 -3.12901 4.09137e-10 1 -0.00878374 10
371.317 251.341 2.70908 -3.129 8.22374e-10 1.5 -0.00878374 10
370.817 251.334 2.70908 -3.12899 6.1243e-10 2 -0.00878374 10
370.317 251.328 2.70908 -3.12899 1.40684e-10 2.5 -0.00878374 10
369.817 251.322 2.70908 -3.12899 -3.30554e-10 3 -0.00878374 10
369.317 251.315 2.70908 -3.129 -6.2675e-10 3.5 -0.00878374 10
368.817 251.309 2.70908 -3.12901 -6.50118e-10 4 -0.00878374 10
368.317 251.303 2.70908 -3.12903 -3.68036e-10 4.5 -0.00878374 10
367.817 251.296 2.70908 -3.12905 1.97982e-10 5 -0.00878374 10
367.317 251.29 2.70908 -3.12907 9.8352e-10 5.5 -0.00878374 10
366.817 251.284 2.70908 -3.12909 1.89374e-09 6 -0.00878374 10
366.317 251.278 2.70908 -3.12911 2.80962e-09 6.5 -0.00878374 10
365.817 251.271 2.70908 -3.12913 3.60868e-09 7 -0.00878374 10
365.317 251.265 2.70908 -3.12915 4.16693e-09 7.5 -0.00878374 10
364.817 251.259 2.70908 -3.12917 4.37481e-09 8 -0.00878374 10
364.317 251.253 2.70908 -3.12918 4.14732e-09 8.5 -0.00878374 10
363.817 251.247 2.70908 -3.12919 3.43559e-09 9 -0.00878374 10
363.317 251.24 2.70908 -3.1292 2.23781e-09 9.5 -0.00878374 10
362.817 251.234 2.70908 -3.1292 6.10846e-10 10 -0.00878374 10
362.317 251.228 2.70908 -3.1292 -1.31886e-09 10.5 -0.00878374 10
361.817 251.222 2.70908 -3.12919 -3.34382e-09 11 -0.00878374 10
361.317 251.216 2.70908 -3.12917 -5.16387e-09 11.5 -0.00878374 10
360.817 251.209 2.70908 -3.12914 -6.37443e-09 12 -0.00878374 10
360.317 251.203 2.70908 -3.12911 -6.45473e-09 12.5 -0.00878374 10
359.817 251.197 2.70908 -3.12906 -4.76774e-09 13 -0.00878374 10
359.317 251.191 2.70908 -3.12901 -6.20467e-10 13.5 -0.00878374 10
358.818 251.184 2.70908 -3.12895 6.50692e-09 14 -0.00878374 10
358.318 251.178 2.70908 -3.12888 1.64845e-08 14.5 -0.00878374 10
357.818 251.172 2.70908 -3.12881 2.80217e-08 15 -0.00878374 0
357.318 251.165 2.70908 -3.12873 3.87155e-08 15.5 -0.00878374 0
356.818 251.159 2.70908 -3.12867 4.6011e-08 16 -0.00878374 0
356.318 251.152 2.70908 -3.1286 4.84485e-08 16.5 -0.00878374 0
355.818 251.146 2.70908 -3.12855 4.6121e-08 17 -0.00878374 0
355.318 251.139 2.70908 -3.12851 4.01395e-08 17.5 -0.00878374 0
354.818 251.133 2.70908 -3.12848 3.184e-08 18 -0.00878374 0
354.318 251.126 2.70908 -3.12846 2.23458e-08 18.5 -0.00878374 0
353.818 251.12 2.70908 -3.12845 1.24986e-08 19 -0.00878374 0
353.318 251.113 2.70908 -3.12845 2.92224e-09 19.5 -0.00878374 0
352.818 251.107 2.70908 -3.12846 -5.91306e-09 20 -0.00878374 0
352.318 251.1 2.70908 -3.12847 -1.36689e-08 20.5 -0.00878374 0
351.818 251.093 2.70908 -3.12849 -2.01128e-08 21 -0.00878374 0
351.318 251.087 2.70908 -3.12851 -2.51104e-08 21.5 -0.00878374 0
350.818 251.08 2.70908 -3.12854 -2.8613e-08 22 -0.00878374 0
350.318 251.074 2.70908 -3.12857 -3.06464e-08 22.5 -0.00878374 0
349.818 251.067 2.70908 -3.1286 -3.12998e-08 23 -0.00878374 0
349.318 251.061 2.70908 -3.12864 -3.07142e-08 23.5 -0.00878374 0
348.818 251.054 2.70908 -3.12868 -2.90717e-08 24 -0.00878374 0
348.318 251.048 2.70908 -3.12872 -2.65839e-08 24.5 -0.00878374 0
347.818 251.041 2.70908 -3.12876 -2.34807e-08 25 -0.00878374 0
347.319 251.035 2.70908 -3.1288 -1.99996e-08 25.5 -0.00878374 0
346.819 251.029 2.70908 -3.12884 -1.63737e-08 26 -0.00878374 0
346.319 251.022 2.70908 -3.12887 -1.28212e-08 26.5 -0.00878374 0
345.819 251.016 2.70908 -3.1289 -9.53397e-09 27 -0.00878374 0
345.319 251.01 2.70908 -3.12893 -6.66645e-09 27.5 -0.00878374 0
344.819 251.003 2.70908 -3.12896 -4.32413e-09 28 -0.00878374 0
344.319 250.997 2.70908 -3.12898 -2.55297e-09 28.5 -0.00878374 0
343.819 250.991 2.70908 -3.12899 -1.32772e-09 29 -0.00878374 0
343.319 250.984 2.70908 -3.129 -5.40856e-10 29.5 -0.00878374 0
342.819 250.978 2.70908 -3.129 -1.5475e-10 30 -0.00878374 0
