367.817 251.296 2.70908 -3.12903 2.28599e-14 0 -0.00878374 10
367.317 251.29 2.70908 -3.12901 4.65338e-10 0.5 -0.00878374 10
366.817 251.284 2.70908 -3.12899 1.23283e-09 1 -0.00878374 10
366.317 251.278 2.70908 -3.12898 1.11138e-09 1.5 -0.00878374 10
365.817 251.271 2.70908 -3.12898 5.4373e-10 2 -0.00878374 10
365.317 251.265 2.70908 -3.12898 -1.39335e-10 2.5 -0.00878374 10
364.817 251.259 2.70908 -3.12898 -7.03099e-10 3 -0.00878374 10
364.317 251.252 2.70908 -3.12899 -9.98686e-10 3.5 -0.00878374 10
363.817 251.246 2.70908 -3.12901 -9.51574e-10 4 -0.00878374 10
363.317 251.24 2.70908 -3.12903 -5.50599e-10 4.5 -0.00878374 10
362.817 251.234 2.70908 -3.12905 1.63602e-10 5 -0.00878374 10
362.317 251.227 2.70908 -3.12907 1.10951e-09 5.5 -0.00878374 10
361.817 251.221 2.70908 -3.12909 2.1761e-09 6 -0.00878374 10
361.317 251.215 2.70908 -3.12911 3.23428e-09 6.5 -0.00878374 10
360.817 251.209 2.70908 -3.12914 4.14789e-09 7 -0.00878374 10
360.317 251.202 2.70908 -3.12916 4.78504e-09 7.5 -0.00878374 10
359.817 251.196 2.70908 -3.12918 5.02937e-09 8 -0.00878374 10
359.318 251.19 2.70908 -3.12919 4.79133e-09 8.5 -0.00878374 10
358.818 251.184 2.70908 -3.1292 4.0193e-09 9 -0.00878374 10
358.318 251.177 2.70908 -3.12921 2.71099e-09 9.5 -0.00878374 10
357.818 251.171 2.70908 -3.12921 9.24733e-10 10 -0.00878374 10
357.318 251.165 2.70908 -3.12921 -1.20941e-09 10.5 -0.00878374 10
356.818 251.159 2.70908 -3.1292 -3.47831e-09 11 -0.00878374 10
356.318 251.153 2.70908 -3.12918 -5.57406e-09 11.5 -0.00878374 10
355.818 251.146 2.70908 -3.12916 -7.08211e-09 12 -0.00878374 10
355.318 251.14 2.70908 -3.12912 -7.4689e-09 12.5 -0.00878374 10
354.818 251.134 2.70908 -3.12908 -6.08011e-09 13 -0.00878374 10
354.318 251.128 2.70908 -3.12903 -2.19794e-09 13.5 -0.00878374 10
353.818 251.121 2.70908 -3.12896 4.73207e-09 14 -0.00878374 10
353.318 251.115 2.70908 -3.12889 1.46189e-08 14.5 -0.00878374 10
352.818 251.109 2.70908 -3.12882 2.62049e-08 15 -0.00878374 0
352.318 251.102 2.70908 -3.12875 3.70852e-08 15.5 -0.00878374 0
351.818 251.096 2.70908 -3.12868 4.46727e-08 16 -0.00878374 0
351.318 251.09 2.70908 -3.12862 4.74543e-08 16.5 -0.00878374 0
350.818 251.083 2.70908 -3.12857 4.54731e-08 17 -0.00878374 0
350.318 251.077 2.70908 -3.12852 3.98073e-08 17.5 -0.00878374 0
349.818 251.07 2.70908 -3.12849 3.17784e-08 18 -0.00878374 0
349.318 251.063 2.70908 -3.12847 2.25072e-08 18.5 -0.00878374 0
348.818 251.057 2.70908 -3.12846 1.28382e-08 19 -0.00878374 0
348.318 251.05 2.70908 -3.12846 3.40098e-09 19.5 -0.00878374 0
347.818 251.044 2.70908 -3.12846 -5.33233e-09 20 -0.00878374 0
347.318 251.037 2.70908 -3.12848 -1.3016e-08 20.5 -0.00878374 0
346.819 251.031 2.70908 -3.12849 -1.9414e-08 21 -0.00878374 0
346.319 251.024 2.70908 -3.12852 -2.43881e-08 21.5 -0.00878374 0
345.819 251.018 2.70908 -3.12854 -2.78858e-08 22 -0.00878374 0
345.319 251.011 2.70908 -3.12857 -2.99296e-08 22.5 -0.00878374 0
344.819 251.005 2.70908 -3.12861 -3.06057e-08 23 -0.00878374 0
344.319 250.998 2.70908 -3.12865 -3.00525e-08 23.5 -0.00878374 0
343.819 250.992 2.70908 -3.12868 -2.84496e-08 24 -0.00878374 0
343.319 250.985 2.70908 -3.12872 -2.60065e-08 24.5 -0.00878374 0
342.819 250.979 2.70908 -3.12876 -2.29517e-08 25 -0.00878374 0
342.319 250.972 2.70908 -3.1288 -1.95209e-08 25.5 -0.00878374 0
341.819 250.966 2.70908 -3.12884 -1.59464e-08 26 -0.00878374 0
341.319 250.96 2.70908 -3.12888 -1.24457e-08 26.5 -0.00878374 0
340.819 250.953 2.70908 -3.12891 -9.21015e-09 27 -0.00878374 0
340.319 250.947 2.70908 -3.12894 -6.39397e-09 27.5 -0.00878374 0
339.819 250.94 2.70908 -3.12896 -4.10312e-09 28 -0.00878374 0
339.319 250.934 2.70908 -3.12898 -2.38404e-09 28.5 -0.00878374 0
338.819 250.928 2.70908 -3.12899 -1.21223e-09 29 -0.00878374 0
338.319 250.922 2.70908 -3.129 -4.81554e-10 29.5 -0.00878374 0
337.819 250.915 2.70908 -3.129 -1.35428e-10 30 -0.00878374 0
