363.317 251.24 2.70908 -3.12901 -4.56865e-14 0 -0.00878374 10
362.817 251.234 2.70908 -3.12899 1.34529e-09 0.5 -0.00878374 10
362.317 251.227 2.70908 -3.12898 1.55815e-09 1 -0.00878374 10
361.817 251.221 2.70908 -3.12897 1.06635e-09 1.5 -0.00878374 10
361.317 251.215 2.70908 -3.12897 2.79733e-10 2 -0.00878374 10
360.817 251.208 2.70908 -3.12897 -4.98146e-10 2.5 -0.00878374 10
360.317 251.202 2.70908 -3.12898 -1.05865e-09 3 -0.00878374 10
359.817 251.196 2.70908 -3.12899 -1.27683e-09 3.5 -0.00878374 10
359.318 251.189 2.70908 -3.12901 -1.1001e-09 4 -0.00878374 10
358.818 251.183 2.70908 -3.12903 -5.37141e-10 4.5 -0.00878374 10
358.318 251.177 2.70908 -3.12905 3.53524e-10 5 -0.00878374 10
357.818 251.171 2.70908 -3.12908 1.47474e-09 5.5 -0.00878374 10
357.318 251.164 2.70908 -3.1291 2.70189e-09 6 -0.00878374 10
356.818 251.158 2.70908 -3.12912 3.89411e-09 6.5 -0.00878374 10
356.318 251.152 2.70908 -3.12915 4.90575e-09 7 -0.00878374 10
355.818 251.146 2.70908 -3.12917 5.59737e-09 7.5 -0.00878374 10
355.318 251.139 2.70908 -3.12919 5.84712e-09 8 -0.00878374 10
354.818 251.133 2.70908 -3.12921 5.56195e-09 8.5 -0.00878374 10
354.318 251.127 2.70908 -3.12922 4.6889e-09 9 -0.00878374 10
353.818 251.121 2.70908 -3.12923 3.22628e-09 9.5 -0.00878374 10
353.318 251.115 2.70908 -3.12923 1.23401e-09 10 -0.00878374 10
352.818 251.108 2.70908 -3.12923 -1.15035e-09 10.5 -0.00878374 10
352.318 251.102 2.70908 -3.12922 -3.7096e-09 11 -0.00878374 10
351.818 251.096 2.70908 -3.1292 -6.1263e-09 11.5 -0.00878374 10
351.318 251.09 2.70908 -3.12917 -7.97494e-09 12 -0.00878374 10
350.818 251.084 2.70908 -3.12914 -8.70787e-09 12.5 -0.00878374 10
350.318 251.077 2.70908 -3.1291 -7.65204e-09 13 -0.00878374 10
349.818 251.071 2.70908 -3.12904 -4.06245e-09 13.5 -0.00878374 10
349.318 251.065 2.70908 -3.12898 2.65393e-09 14 -0.00878374 10
348.818 251.059 2.70908 -3.12891 1.24515e-08 14.5 -0.00878374 10
348.318 251.052 2.70908 -3.12883 2.41032e-08 15 -0.00878374 0
347.818 251.046 2.70908 -3.12876 3.52079e-08 15.5 -0.00878374 0
347.318 251.039 2.70908 -3.12869 4.31392e-08 16 -0.00878374 0
346.818 251.033 2.70908 -3.12863 4.63229e-08 16.5 -0.00878374 0
346.319 251.027 2.70908 -3.12858 4.47443e-08 17 -0.00878374 0
345.819 251.02 2.70908 -3.12854 3.94439e-08 17.5 -0.00878374 0
345.319 251.013 2.70908 -3.12851 3.17266e-08 18 -0.00878374 0
344.819 251.007 2.70908 -3.12848 2.27107e-08 18.5 -0.00878374 0
344.319 251 2.70908 -3.12847 1.3244e-08 19 -0.00878374 0
343.819 250.994 2.70908 -3.12847 3.96176e-09 19.5 -0.00878374 0
343.319 250.987 2.70908 -3.12847 -4.65803e-09 20 -0.00878374 0
342.819 250.981 2.70908 -3.12848 -1.2264e-08 20.5 -0.00878374 0
342.319 250.974 2.70908 -3.1285 -1.86152e-08 21 -0.00878374 0
341.819 250.968 2.70908 -3.12852 -2.35681e-08 21.5 -0.00878374 0
341.319 250.961 2.70908 -3.12855 -2.7066e-08 22 -0.00878374 0
340.819 250.955 2.70908 -3.12858 -2.91276e-08 22.5 -0.00878374 0
340.319 250.948 2.70908 -3.12862 -2.9835e-08 23 -0.00878374 0
339.819 250.942 2.70908 -3.12865 -2.93235e-08 23.5 -0.00878374 0
339.319 250.935 2.70908 -3.12869 -2.77701e-08 24 -0.00878374 0
338.819 250.929 2.70908 -3.12873 -2.53816e-08 24.5 -0.00878374 0
338.319 250.922 2.70908 -3.12877 -2.23843e-08 25 -0.00878374 0
337.819 250.916 2.70908 -3.12881 -1.90125e-08 25.5 -0.00878374 0
337.319 250.909 2.70908 -3.12884 -1.54971e-08 26 -0.00878374 0
336.819 250.903 2.70908 -3.12888 -1.20547e-08 26.5 -0.00878374 0
336.319 250.897 2.70908 -3.12891 -8.87609e-09 27 -0.00878374 0
335.819 250.89 2.70908 -3.12894 -6.11548e-09 27.5 -0.00878374 0
335.319 250.884 2.70908 -3.12897 -3.87901e-09 28 -0.00878374 0
334.819 250.878 2.70908 -3.12899 -2.21381e-09 28.5 -0.00878374 0
334.32 250.871 2.70908 -3.129 -1.09649e-09 29 -0.00878374 0
333.82 250.865 2.70908 -3.12901 -4.22251e-10 29.5 -0.00878374 0
333.32 250.859 2.70908 -3.12901 -1.16124e-10 30 -0.00878374 0
