358.318 251.177 2.70908 -3.12904 -8.40222e-17 0 -0.00878374 10
357.818 251.171 2.70908 -3.12902 2.36636e-10 0.5 -0.00878374 10
357.318 251.164 2.70908 -3.129 8.768e-10 1 -0.00878374 10
356.818 251.158 2.70908 -3.12899 7.44632e-10 1.5 -0.00878374 10
356.318 251.152 2.70908 -3.12899 2.55075e-10 2 -0.00878374 10
355.818 251.145 2.70908 -3.12899 -2.83352e-10 2.5 -0.00878374 10
355.318 251.139 2.70908 -3.129 -6.57171e-10 3 -0.00878374 10
354.818 251.133 2.70908 -3.12901 -7.36717e-10 3.5 -0.00878374 10
354.318 251.126 2.70908 -3.12903 -4.64858e-10 4 -0.00878374 10
353.818 251.12 2.70908 -3.12905 1.54186e-10 4.5 -0.00878374 10
353.318 251.114 2.70908 -3.12907 1.06518e-09 5 -0.00878374 10
352.818 251.108 2.70908 -3.12909 2.17788e-09 5.5 -0.00878374 10
352.318 251.101 2.70908 -3.12912 3.36893e-09 6 -0.00878374 10
351.818 251.095 2.70908 -3.12914 4.50224e-09 6.5 -0.00878374 10
351.318 251.089 2.70908 -3.12916 5.43569e-09 7 -0.00878374 10
350.818 251.083 2.70908 -3.12918 6.03353e-09 7.5 -0.00878374 10
350.318 251.076 2.70908 -3.1292 6.1772e-09 8 -0.00878374 10
349.818 251.07 2.70908 -3.12922 5.77681e-09 8.5 -0.00878374 10
349.318 251.064 2.70908 -3.12923 4.7826e-09 9 -0.00878374 10
348.818 251.058 2.70908 -3.12924 3.19562e-09 9.5 -0.00878374 10
348.318 251.052 2.70908 -3.12924 1.07961e-09 10 -0.00878374 10
347.818 251.046 2.70908 -3.12924 -1.42811e-09 10.5 -0.00878374 10
347.318 251.039 2.70908 -3.12923 -4.1052e-09 11 -0.00878374 10
346.818 251.033 2.70908 -3.12921 -6.6328e-09 11.5 -0.00878374 10
346.319 251.027 2.70908 -3.12918 -8.58309e-09 12 -0.00878374 10
345.819 251.021 2.70908 -3.12915 -9.40613e-09 12.5 -0.00878374 10
345.319 251.015 2.70908 -3.1291 -8.42535e-09 13 -0.00878374 10
344.819 251.008 2.70908 -3.12905 -4.88971e-09 13.5 -0.00878374 10
344.319 251.002 2.70908 -3.12899 1.8029e-09 14 -0.00878374 10
343.819 250.996 2.70908 -3.12892 1.16187e-08 14.5 -0.00878374 10
343.319 250.989 2.70908 -3.12884 2.33393e-08 15 -0.00878374 0
342.819 250.983 2.70908 -3.12877 3.45624e-08 15.5 -0.00878374 0
342.319 250.977 2.70908 -3.1287 4.26479e-08 16 -0.00878374 0
341.819 250.97 2.70908 -3.12863 4.60001e-08 16.5 -0.00878374 0
341.319 250.964 2.70908 -3.12858 4.45834e-08 17 -0.00878374 0
340.819 250.957 2.70908 -3.12854 3.94249e-08 17.5 -0.00878374 0
340.319 250.951 2.70908 -3.12851 3.18235e-08 18 -0.00878374 0
339.819 250.944 2.70908 -3.12849 2.28971e-08 18.5 -0.00878374 0
339.319 250.938 2.70908 -3.12848 1.34958e-08 19 -0.00878374 0
338.819 250.931 2.70908 -3.12847 4.25778e-09 19.5 -0.00878374 0
338.319 250.924 2.70908 -3.12848 -4.33595e-09 20 -0.00878374 0
337.819 250.918 2.70908 -3.12849 -1.19311e-08 20.5 -0.00878374 0
337.319 250.911 2.70908 -3.1285 -1.82839e-08 21 -0.00878374 0
336.819 250.905 2.70908 -3.12852 -2.32487e-08 21.5 -0.00878374 0
336.319 250.898 2.70908 -3.12855 -2.67663e-08 22 -0.00878374 0
335.819 250.892 2.70908 -3.12858 -2.88531e-08 22.5 -0.00878374 0
335.319 250.885 2.70908 -3.12862 -2.95896e-08 23 -0.00878374 0
334.819 250.879 2.70908 -3.12865 -2.91096e-08 23.5 -0.00878374 0
334.32 250.872 2.70908 -3.12869 -2.75882e-08 24 -0.00878374 0
333.82 250.866 2.70908 -3.12873 -2.52313e-08 24.5 -0.00878374 0
333.32 250.859 2.70908 -3.12877 -2.2264e-08 25 -0.00878374 0
332.82 250.853 2.70908 -3.12881 -1.89196e-08 25.5 -0.00878374 0
332.32 250.847 2.70908 -3.12884 -1.54286e-08 26 -0.00878374 0
331.82 250.84 2.70908 -3.12888 -1.20068e-08 26.5 -0.00878374 0
331.32 250.834 2.70908 -3.12891 -8.84515e-09 27 -0.00878374 0
330.82 250.828 2.70908 -3.12894 -6.09748e-09 27.5 -0.00878374 0
330.32 250.821 2.70908 -3.12897 -3.87025e-09 28 -0.00878374 0
329.82 250.815 2.70908 -3.12899 -2.21079e-09 28.5 -0.00878374 0
329.32 250.809 2.70908 -3.129 -1.09635e-09 29 -0.00878374 0
328.82 250.802 2.70908 -3.12901 -4.22789e-10 29.5 -0.00878374 0
328.32 250.796 2.70908 -3.12901 -1.16411e-10 30 -0.00878374 0
