452.802 252.997 2.71396 3.07647 2.97522e-13 0 -0.00889796 11
452.302 253.029 2.71396 3.08644 -0.00177781 0.501513 -0.00889796 11
451.801 253.057 2.71396 3.09801 -0.00142958 1.00266 -0.00889796 11
451.301 253.079 2.71396 3.10906 -0.00111625 1.50345 -0.00889796 11
450.801 253.095 2.71396 3.11959 -0.00083674 2.00396 -0.00889796 11
450.301 253.106 2.71396 3.1296 -0.000589809 2.50426 -0.00889796 11
449.801 253.112 2.71396 3.13909 -0.000374098 3.00441 -0.00889796 11
449.3 253.113 2.71396 -3.13514 -0.000188139 3.50446 -0.00889796 11
448.8 253.11 2.71396 -3.1267 -3.03817e-05 4.00447 -0.00889796 11
448.301 253.103 2.71396 -3.11879 0.000100789 4.50448 -0.00889796 11
447.801 253.091 2.71396 -3.11141 0.00020703 5.0045 -0.00889796 11
447.301 253.076 2.71396 -3.10455 0.000290033 5.50458 -0.00889796 11
446.801 253.058 2.71396 -3.09821 0.000351505 6.00473 -0.00889796 11
446.301 253.036 2.71396 -3.0924 0.000393159 6.50497 -0.00889796 11
445.801 253.011 2.71396 -3.0871 0.000416709 7.0053 -0.00889796 11
445.302 252.984 2.71396 -3.08233 0.000423858 7.50574 -0.00889796 11
444.802 252.954 2.71396 -3.07807 0.000416295 8.00629 -0.00889796 11
444.302 252.923 2.71396 -3.07433 0.000395693 8.50694 -0.00889796 11
443.803 252.889 2.71396 -3.07111 0.000363705 9.00769 -0.00889796 11
443.303 252.854 2.71396 -3.06839 0.00032196 9.50853 -0.00889796 11
442.804 252.817 2.71396 -3.06619 0.000272069 10.0094 -0.00889796 11
442.304 252.779 2.71396 -3.0645 0.000215621 10.5104 -0.00889796 11
441.805 252.741 2.71396 -3.06331 0.000154184 11.0115 -0.00889796 11
441.305 252.702 2.71396 -3.06264 8.93169e-05 11.5126 -0.00889796 11
440.805 252.662 2.71396 -3.06247 2.25915e-05 12.0137 -0.00889796 11
440.306 252.622 2.71396 -3.0628 -4.43095e-05 12.5148 -0.00889796 11
439.806 252.583 2.71396 -3.06363 -0.000109339 13.0159 -0.00889796 11
439.307 252.544 0.00204013 -3.06493 -0.000169653 13.5169 -0.00191277 0
438.807 252.506 0.00204013 -3.06667 -0.000221307 14.018 -0.00191277 0
438.308 252.468 0.00204013 -3.06877 -0.000259806 14.5189 -0.00191277 0
437.808 252.432 0.00204013 -3.07114 -0.000281875 15.0199 -0.00191277 0
437.309 252.396 0.00204013 -3.07366 -0.000287422 15.5207 -0.00191277 0
436.809 252.362 0.00204013 -3.07623 -0.00027985 16.0215 -0.00191277 0
436.309 252.33 0.00204013 -3.07879 -0.000264276 16.5222 -0.00191277 0
435.81 252.298 0.00204013 -3.08129 -0.000245225 17.0228 -0.00191277 0
435.31 252.268 0.00204013 -3.08372 -0.000225498 17.5234 -0.00191277 0
434.81 252.239 0.00204013 -3.08606 -0.000206366 18.0239 -0.00191277 0
434.311 252.211 0.00204013 -3.08831 -0.00018825 18.5243 -0.00191277 0
433.811 252.185 0.00204013 -3.09047 -0.000171237 19.0248 -0.00191277 0
433.311 252.159 0.00204013 -3.09254 -0.000155319 19.5251 -0.00191277 0
432.811 252.135 0.00204013 -3.09452 -0.000140465 20.0255 -0.00191277 0
432.312 252.111 0.00204013 -3.0964 -0.000126642 20.5258 -0.00191277 0
431.812 252.088 0.00204013 -3.0982 -0.00011381 21.026 -0.00191277 0
431.312 252.067 0.00204013 -3.0999 -0.000101932 21.5263 -0.00191277 0
430.812 252.046 0.00204013 -3.10151 -9.09658e-05 22.0265 -0.00191277 0
430.313 252.026 0.00204013 -3.10302 -8.08695e-05 22.5267 -0.00191277 0
429.813 252.007 0.00204013 -3.10443 -7.15986e-05 23.0268 -0.00191277 0
429.313 251.988 0.00204013 -3.10575 -6.31073e-05 23.527 -0.00191277 0
428.813 251.97 0.00204013 -3.10697 -5.53482e-05 24.0271 -0.00191277 0
428.313 251.953 0.00204013 -3.1081 -4.82722e-05 24.5272 -0.00191277 0
427.814 251.936 0.00204013 -3.10912 -4.18286e-05 25.0274 -0.00191277 0
427.314 251.92 0.00204013 -3.11005 -3.59655e-05 25.5275 -0.00191277 0
426.814 251.904 0.00204013 -3.11087 -3.06293e-05 26.0275 -0.00191277 0
426.314 251.889 0.00204013 -3.1116 -2.57649e-05 26.5276 -0.00191277 0
425.814 251.874 0.00204013 -3.11222 -2.13158e-05 27.0277 -0.00191277 0
425.314 251.859 0.00204013 -3.11274 -1.7224e-05 27.5278 -0.00191277 0
424.814 251.845 0.00204013 -3.11316 -1.34302e-05 28.0278 -0.00191277 0
424.315 251.83 0.00204013 -3.11347 -9.87358e-06 28.5279 -0.00191277 0
423.815 251.816 0.00204013 -3.11368 -6.49195e-06 29.028 -0.00191277 0
423.315 251.802 0.00204013 -3.11379 -3.22171e-06 29.528 -0.00191277 0
422.815 251.788 0.00204013 -3.11379 -1.03779e-06 30.0281 -0.00191277 0
