353.318 251.114 2.70908 -3.12905 -9.09556e-13 0 -0.00878374 10
352.818 251.108 2.70908 -3.12903 -6.00837e-10 0.5 -0.00878374 10
352.318 251.101 2.70908 -3.12901 3.68055e-10 1 -0.00878374 10
351.818 251.095 2.70908 -3.129 5.0224e-10 1.5 -0.00878374 10
351.318 251.089 2.70908 -3.129 2.23086e-10 2 -0.00878374 10
350.818 251.082 2.70908 -3.129 -1.54475e-10 2.5 -0.00878374 10
350.318 251.076 2.70908 -3.12901 -4.11102e-10 3 -0.00878374 10
349.818 251.07 2.70908 -3.12902 -4.11584e-10 3.5 -0.00878374 10
349.318 251.064 2.70908 -3.12904 -9.33617e-11 4 -0.00878374 10
348.818 251.057 2.70908 -3.12906 5.4418e-10 4.5 -0.00878374 10
348.318 251.051 2.70908 -3.12908 1.45152e-09 5 -0.00878374 10
347.818 251.045 2.70908 -3.1291 2.5399e-09 5.5 -0.00878374 10
347.318 251.039 2.70908 -3.12912 3.69267e-09 6 -0.00878374 10
346.818 251.032 2.70908 -3.12915 4.77655e-09 6.5 -0.00878374 10
346.319 251.026 2.70908 -3.12917 5.65283e-09 7 -0.00878374 10
345.819 251.02 2.70908 -3.12919 6.18865e-09 7.5 -0.00878374 10
345.319 251.014 2.70908 -3.12921 6.26818e-09 8 -0.00878374 10
344.819 251.007 2.70908 -3.12922 5.80409e-09 8.5 -0.00878374 10
344.319 251.001 2.70908 -3.12924 4.74836e-09 9 -0.00878374 10
343.819 250.995 2.70908 -3.12924 3.10397e-09 9.5 -0.00878374 10
343.319 250.989 2.70908 -3.12925 9.36012e-10 10 -0.00878374 10
342.819 250.983 2.70908 -3.12924 -1.61715e-09 10.5 -0.00878374 10
342.319 250.977 2.70908 -3.12923 -4.3325e-09 11 -0.00878374 10
341.819 250.97 2.70908 -3.12921 -6.89066e-09 11.5 -0.00878374 10
341.319 250.964 2.70908 -3.12919 -8.86372e-09 12 -0.00878374 10
340.819 250.958 2.70908 -3.12915 -9.70182e-09 12.5 -0.00878374 10
340.319 250.952 2.70908 -3.12911 -8.7283e-09 13 -0.00878374 10
339.819 250.946 2.70908 -3.12905 -5.19178e-09 13.5 -0.00878374 10
339.319 250.939 2.70908 -3.12899 1.51134e-09 14 -0.00878374 10
338.819 250.933 2.70908 -3.12892 1.13495e-08 14.5 -0.00878374 10
338.319 250.927 2.70908 -3.12884 2.31057e-08 15 -0.00878374 0
337.819 250.92 2.70908 -3.12877 3.4377e-08 15.5 -0.00878374 0
337.319 250.914 2.70908 -3.1287 4.2519e-08 16 -0.00878374 0
336.819 250.907 2.70908 -3.12864 4.59299e-08 16.5 -0.00878374 0
336.319 250.901 2.70908 -3.12858 4.45678e-08 17 -0.00878374 0
335.819 250.894 2.70908 -3.12854 3.94555e-08 17.5 -0.00878374 0
335.319 250.888 2.70908 -3.12851 3.18905e-08 18 -0.00878374 0
334.819 250.881 2.70908 -3.12849 2.29904e-08 18.5 -0.00878374 0
334.319 250.875 2.70908 -3.12848 1.36066e-08 19 -0.00878374 0
333.82 250.868 2.70908 -3.12847 4.37838e-09 19.5 -0.00878374 0
333.32 250.862 2.70908 -3.12848 -4.21211e-09 20 -0.00878374 0
332.82 250.855 2.70908 -3.12849 -1.18094e-08 20.5 -0.00878374 0
332.32 250.849 2.70908 -3.1285 -1.81687e-08 21 -0.00878374 0
331.82 250.842 2.70908 -3.12853 -2.31432e-08 21.5 -0.00878374 0
331.32 250.836 2.70908 -3.12855 -2.66729e-08 22 -0.00878374 0
330.82 250.829 2.70908 -3.12858 -2.87734e-08 22.5 -0.00878374 0
330.32 250.822 2.70908 -3.12862 -2.95246e-08 23 -0.00878374 0
329.82 250.816 2.70908 -3.12865 -2.90592e-08 23.5 -0.00878374 0
329.32 250.81 2.70908 -3.12869 -2.75521e-08 24 -0.00878374 0
328.82 250.803 2.70908 -3.12873 -2.52086e-08 24.5 -0.00878374 0
328.32 250.797 2.70908 -3.12877 -2.22533e-08 25 -0.00878374 0
327.82 250.79 2.70908 -3.12881 -1.89193e-08 25.5 -0.00878374 0
327.32 250.784 2.70908 -3.12884 -1.54367e-08 26 -0.00878374 0
326.82 250.777 2.70908 -3.12888 -1.20212e-08 26.5 -0.00878374 0
326.32 250.771 2.70908 -3.12891 -8.86355e-09 27 -0.00878374 0
325.82 250.765 2.70908 -3.12894 -6.1177e-09 27.5 -0.00878374 0
325.32 250.758 2.70908 -3.12897 -3.89005e-09 28 -0.00878374 0
324.82 250.752 2.70908 -3.12898 -2.22811e-09 28.5 -0.00878374 0
324.32 250.746 2.70908 -3.129 -1.10927e-09 29 -0.00878374 0
323.82 250.74 2.70908 -3.12901 -4.29787e-10 29.5 -0.00878374 0
323.32 250.733 2.70908 -3.12901 -1.17812e-10 30 -0.00878374 0
