348.318 251.051 2.70908 -3.12906 9.31045e-17 0 -0.00878374 10
347.818 251.045 2.70908 -3.12904 -1.12334e-09 0.5 -0.00878374 10
347.318 251.039 2.70908 -3.12902 5.24047e-11 1 -0.00878374 10
346.818 251.032 2.70908 -3.12901 3.49366e-10 1.5 -0.00878374 10
346.319 251.026 2.70908 -3.12901 1.94351e-10 2 -0.00878374 10
345.819 251.02 2.70908 -3.12901 -9.278e-11 2.5 -0.00878374 10
345.319 251.013 2.70908 -3.12902 -2.87897e-10 3 -0.00878374 10
344.819 251.007 2.70908 -3.12903 -2.51118e-10 3.5 -0.00878374 10
344.319 251.001 2.70908 -3.12904 8.39819e-11 4 -0.00878374 10
343.819 250.995 2.70908 -3.12906 7.2206e-10 4.5 -0.00878374 10
343.319 250.988 2.70908 -3.12908 1.61713e-09 5 -0.00878374 10
342.819 250.982 2.70908 -3.1291 2.68367e-09 5.5 -0.00878374 10
342.319 250.976 2.70908 -3.12913 3.80792e-09 6 -0.00878374 10
341.819 250.97 2.70908 -3.12915 4.85933e-09 6.5 -0.00878374 10
341.319 250.963 2.70908 -3.12917 5.70152e-09 7 -0.00878374 10
340.819 250.957 2.70908 -3.12919 6.20365e-09 7.5 -0.00878374 10
340.319 250.951 2.70908 -3.12921 6.25172e-09 8 -0.00878374 10
339.819 250.945 2.70908 -3.12923 5.75968e-09 8.5 -0.00878374 10
339.319 250.939 2.70908 -3.12924 4.6807e-09 9 -0.00878374 10
338.819 250.932 2.70908 -3.12925 3.01871e-09 9.5 -0.00878374 10
338.319 250.926 2.70908 -3.12925 8.39151e-10 10 -0.00878374 10
337.819 250.92 2.70908 -3.12924 -1.71925e-09 10.5 -0.00878374 10
337.319 250.914 2.70908 -3.12923 -4.43357e-09 11 -0.00878374 10
336.819 250.908 2.70908 -3.12921 -6.98486e-09 11.5 -0.00878374 10
336.319 250.901 2.70908 -3.12919 -8.94588e-09 12 -0.00878374 10
335.819 250.895 2.70908 -3.12915 -9.76767e-09 12.5 -0.00878374 10
335.319 250.889 2.70908 -3.12911 -8.77489e-09 13 -0.00878374 10
334.819 250.883 2.70908 -3.12905 -5.2178e-09 13.5 -0.00878374 10
334.319 250.877 2.70908 -3.12899 1.50546e-09 14 -0.00878374 10
333.82 250.87 2.70908 -3.12892 1.13613e-08 14.5 -0.00878374 10
333.32 250.864 2.70908 -3.12884 2.31312e-08 15 -0.00878374 0
332.82 250.857 2.70908 -3.12877 3.44118e-08 15.5 -0.00878374 0
332.32 250.851 2.70908 -3.1287 4.25594e-08 16 -0.00878374 0
331.82 250.845 2.70908 -3.12864 4.59729e-08 16.5 -0.00878374 0
331.32 250.838 2.70908 -3.12858 4.46112e-08 17 -0.00878374 0
330.82 250.832 2.70908 -3.12854 3.94977e-08 17.5 -0.00878374 0
330.32 250.825 2.70908 -3.12851 3.193e-08 18 -0.00878374 0
329.82 250.819 2.70908 -3.12849 2.3026e-08 18.5 -0.00878374 0
329.32 250.812 2.70908 -3.12848 1.36373e-08 19 -0.00878374 0
328.82 250.805 2.70908 -3.12847 4.40342e-09 19.5 -0.00878374 0
328.32 250.799 2.70908 -3.12848 -4.19322e-09 20 -0.00878374 0
327.82 250.792 2.70908 -3.12849 -1.17969e-08 20.5 -0.00878374 0
327.32 250.786 2.70908 -3.1285 -1.81628e-08 21 -0.00878374 0
326.82 250.779 2.70908 -3.12852 -2.31437e-08 21.5 -0.00878374 0
326.32 250.773 2.70908 -3.12855 -2.66797e-08 22 -0.00878374 0
325.82 250.766 2.70908 -3.12858 -2.87861e-08 22.5 -0.00878374 0
325.32 250.76 2.70908 -3.12862 -2.95427e-08 23 -0.00878374 0
324.82 250.753 2.70908 -3.12865 -2.90821e-08 23.5 -0.00878374 0
324.32 250.747 2.70908 -3.12869 -2.7579e-08 24 -0.00878374 0
323.82 250.74 2.70908 -3.12873 -2.52386e-08 24.5 -0.00878374 0
323.32 250.734 2.70908 -3.12877 -2.22848e-08 25 -0.00878374 0
322.82 250.727 2.70908 -3.12881 -1.8953e-08 25.5 -0.00878374 0
322.32 250.721 2.70908 -3.12884 -1.54707e-08 26 -0.00878374 0
321.821 250.715 2.70908 -3.12888 -1.20546e-08 26.5 -0.00878374 0
321.321 250.708 2.70908 -3.12891 -8.89519e-09 27 -0.00878374 0
320.821 250.702 2.70908 -3.12894 -6.14654e-09 27.5 -0.00878374 0
320.321 250.696 2.70908 -3.12896 -3.91505e-09 28 -0.00878374 0
319.821 250.689 2.70908 -3.12898 -2.24823e-09 28.5 -0.00878374 0
319.321 250.683 2.70908 -3.129 -1.12357e-09 29 -0.00878374 0
318.821 250.677 2.70908 -3.12901 -4.37304e-10 29.5 -0.00878374 0
318.321 250.67 2.70908 -3.12901 -1.21197e-10 30 -0.00878374 0
