343.319 250.988 2.70908 -3.12907 1.03284e-16 0 -0.00878374 10
342.819 250.982 2.70908 -3.12905 -1.38574e-09 0.5 -0.00878374 10
342.319 250.976 2.70908 -3.12903 -1.02842e-10 1 -0.00878374 10
341.819 250.969 2.70908 -3.12902 2.75622e-10 1.5 -0.00878374 10
341.319 250.963 2.70908 -3.12901 1.7994e-10 2 -0.00878374 10
340.819 250.957 2.70908 -3.12901 -6.67557e-11 2.5 -0.00878374 10
340.319 250.951 2.70908 -3.12902 -2.37147e-10 3 -0.00878374 10
339.819 250.944 2.70908 -3.12903 -1.88673e-10 3.5 -0.00878374 10
339.319 250.938 2.70908 -3.12905 1.47807e-10 4 -0.00878374 10
338.819 250.932 2.70908 -3.12906 7.79493e-10 4.5 -0.00878374 10
338.319 250.925 2.70908 -3.12908 1.66244e-09 5 -0.00878374 10
337.819 250.919 2.70908 -3.12911 2.71324e-09 5.5 -0.00878374 10
337.319 250.913 2.70908 -3.12913 3.81993e-09 6 -0.00878374 10
336.819 250.907 2.70908 -3.12915 4.85347e-09 6.5 -0.00878374 10
336.319 250.901 2.70908 -3.12917 5.67883e-09 7 -0.00878374 10
335.819 250.894 2.70908 -3.12919 6.16638e-09 7.5 -0.00878374 10
335.319 250.888 2.70908 -3.12921 6.20302e-09 8 -0.00878374 10
334.819 250.882 2.70908 -3.12923 5.70334e-09 8.5 -0.00878374 10
334.319 250.876 2.70908 -3.12924 4.62117e-09 9 -0.00878374 10
333.82 250.87 2.70908 -3.12924 2.96056e-09 9.5 -0.00878374 10
333.32 250.863 2.70908 -3.12925 7.87151e-10 10 -0.00878374 10
332.82 250.857 2.70908 -3.12924 -1.76055e-09 10.5 -0.00878374 10
332.32 250.851 2.70908 -3.12923 -4.45995e-09 11 -0.00878374 10
331.82 250.845 2.70908 -3.12921 -6.99264e-09 11.5 -0.00878374 10
331.32 250.839 2.70908 -3.12919 -8.93219e-09 12 -0.00878374 10
330.82 250.832 2.70908 -3.12915 -9.73064e-09 12.5 -0.00878374 10
330.32 250.826 2.70908 -3.12911 -8.71417e-09 13 -0.00878374 10
329.82 250.82 2.70908 -3.12905 -5.13484e-09 13.5 -0.00878374 10
329.32 250.814 2.70908 -3.12899 1.60653e-09 14 -0.00878374 10
328.82 250.807 2.70908 -3.12892 1.14735e-08 14.5 -0.00878374 10
328.32 250.801 2.70908 -3.12884 2.32453e-08 15 -0.00878374 0
327.82 250.795 2.70908 -3.12877 3.45185e-08 15.5 -0.00878374 0
327.32 250.788 2.70908 -3.1287 4.26513e-08 16 -0.00878374 0
326.82 250.782 2.70908 -3.12863 4.60461e-08 16.5 -0.00878374 0
326.32 250.775 2.70908 -3.12858 4.46649e-08 17 -0.00878374 0
325.82 250.769 2.70908 -3.12854 3.9533e-08 17.5 -0.00878374 0
325.32 250.762 2.70908 -3.12851 3.19489e-08 18 -0.00878374 0
324.82 250.756 2.70908 -3.12849 2.30309e-08 18.5 -0.00878374 0
324.32 250.749 2.70908 -3.12848 1.36305e-08 19 -0.00878374 0
323.82 250.743 2.70908 -3.12847 4.38678e-09 19.5 -0.00878374 0
323.32 250.736 2.70908 -3.12847 -4.2169e-09 20 -0.00878374 0
322.82 250.73 2.70908 -3.12849 -1.18279e-08 20.5 -0.00878374 0
322.32 250.723 2.70908 -3.1285 -1.81985e-08 21 -0.00878374 0
321.82 250.716 2.70908 -3.12852 -2.31831e-08 21.5 -0.00878374 0
321.321 250.71 2.70908 -3.12855 -2.67215e-08 22 -0.00878374 0
320.821 250.703 2.70908 -3.12858 -2.88294e-08 22.5 -0.00878374 0
320.321 250.697 2.70908 -3.12862 -2.95865e-08 23 -0.00878374 0
319.821 250.69 2.70908 -3.12865 -2.91258e-08 23.5 -0.00878374 0
319.321 250.684 2.70908 -3.12869 -2.76219e-08 24 -0.00878374 0
318.821 250.677 2.70908 -3.12873 -2.52801e-08 24.5 -0.00878374 0
318.321 250.671 2.70908 -3.12877 -2.23253e-08 25 -0.00878374 0
317.821 250.665 2.70908 -3.12881 -1.89894e-08 25.5 -0.00878374 0
317.321 250.658 2.70908 -3.12884 -1.55053e-08 26 -0.00878374 0
316.821 250.652 2.70908 -3.12888 -1.20861e-08 26.5 -0.00878374 0
316.321 250.646 2.70908 -3.12891 -8.92332e-09 27 -0.00878374 0
315.821 250.639 2.70908 -3.12894 -6.17096e-09 27.5 -0.00878374 0
315.321 250.633 2.70908 -3.12896 -3.93537e-09 28 -0.00878374 0
314.821 250.627 2.70908 -3.12898 -2.2641e-09 28.5 -0.00878374 0
314.321 250.62 2.70908 -3.129 -1.13461e-09 29 -0.00878374 0
313.821 250.614 2.70908 -3.129 -4.43022e-10 29.5 -0.00878374 0
313.321 250.608 2.70908 -3.129 -1.23093e-10 30 -0.00878374 0
