338.319 250.925 2.70908 -3.12907 -2.27405e-14 0 -0.00878374 10
337.819 250.919 2.70908 -3.12905 -1.47851e-09 0.5 -0.00878374 10
337.319 250.913 2.70908 -3.12903 -1.53769e-10 1 -0.00878374 10
336.819 250.907 2.70908 -3.12902 2.54418e-10 1.5 -0.00878374 10
336.319 250.9 2.70908 -3.12901 1.78231e-10 2 -0.00878374 10
335.819 250.894 2.70908 -3.12901 -5.7365e-11 2.5 -0.00878374 10
335.319 250.888 2.70908 -3.12902 -2.23455e-10 3 -0.00878374 10
334.819 250.881 2.70908 -3.12903 -1.76032e-10 3.5 -0.00878374 10
334.319 250.875 2.70908 -3.12905 1.5559e-10 4 -0.00878374 10
333.82 250.869 2.70908 -3.12906 7.79717e-10 4.5 -0.00878374 10
333.32 250.863 2.70908 -3.12908 1.65365e-09 5 -0.00878374 10
332.82 250.856 2.70908 -3.12911 2.69493e-09 5.5 -0.00878374 10
332.32 250.85 2.70908 -3.12913 3.79247e-09 6 -0.00878374 10
331.82 250.844 2.70908 -3.12915 4.81803e-09 6.5 -0.00878374 10
331.32 250.838 2.70908 -3.12917 5.63721e-09 7 -0.00878374 10
330.82 250.832 2.70908 -3.12919 6.12092e-09 7.5 -0.00878374 10
330.32 250.825 2.70908 -3.12921 6.15632e-09 8 -0.00878374 10
329.82 250.819 2.70908 -3.12923 5.6584e-09 8.5 -0.00878374 10
329.32 250.813 2.70908 -3.12924 4.58103e-09 9 -0.00878374 10
328.82 250.807 2.70908 -3.12924 2.92833e-09 9.5 -0.00878374 10
328.32 250.801 2.70908 -3.12925 7.65789e-10 10 -0.00878374 10
327.82 250.794 2.70908 -3.12924 -1.76826e-09 10.5 -0.00878374 10
327.32 250.788 2.70908 -3.12923 -4.45165e-09 11 -0.00878374 10
326.82 250.782 2.70908 -3.12921 -6.96642e-09 11.5 -0.00878374 10
326.32 250.776 2.70908 -3.12919 -8.8868e-09 12 -0.00878374 10
325.82 250.77 2.70908 -3.12915 -9.66565e-09 12.5 -0.00878374 10
325.32 250.763 2.70908 -3.1291 -8.63015e-09 13 -0.00878374 10
324.82 250.757 2.70908 -3.12905 -5.03395e-09 13.5 -0.00878374 10
324.32 250.751 2.70908 -3.12899 1.72004e-09 14 -0.00878374 10
323.82 250.745 2.70908 -3.12892 1.15927e-08 14.5 -0.00878374 10
323.32 250.738 2.70908 -3.12884 2.33626e-08 15 -0.00878374 0
322.82 250.732 2.70908 -3.12877 3.46232e-08 15.5 -0.00878374 0
322.32 250.725 2.70908 -3.1287 4.27378e-08 16 -0.00878374 0
321.82 250.719 2.70908 -3.12863 4.6111e-08 16.5 -0.00878374 0
321.321 250.713 2.70908 -3.12858 4.47081e-08 17 -0.00878374 0
320.821 250.706 2.70908 -3.12854 3.95564e-08 17.5 -0.00878374 0
320.321 250.7 2.70908 -3.12851 3.19553e-08 18 -0.00878374 0
319.821 250.693 2.70908 -3.12849 2.30233e-08 18.5 -0.00878374 0
319.321 250.686 2.70908 -3.12847 1.36116e-08 19 -0.00878374 0
318.821 250.68 2.70908 -3.12847 4.35916e-09 19.5 -0.00878374 0
318.321 250.673 2.70908 -3.12847 -4.25193e-09 20 -0.00878374 0
317.821 250.667 2.70908 -3.12848 -1.18657e-08 20.5 -0.00878374 0
317.321 250.66 2.70908 -3.1285 -1.82402e-08 21 -0.00878374 0
316.821 250.654 2.70908 -3.12852 -2.32263e-08 21.5 -0.00878374 0
316.321 250.647 2.70908 -3.12855 -2.67652e-08 22 -0.00878374 0
315.821 250.641 2.70908 -3.12858 -2.88725e-08 22.5 -0.00878374 0
315.321 250.634 2.70908 -3.12862 -2.96283e-08 23 -0.00878374 0
314.821 250.628 2.70908 -3.12865 -2.91656e-08 23.5 -0.00878374 0
314.321 250.621 2.70908 -3.12869 -2.76593e-08 24 -0.00878374 0
313.821 250.615 2.70908 -3.12873 -2.53148e-08 24.5 -0.00878374 0
313.321 250.608 2.70908 -3.12877 -2.23571e-08 25 -0.00878374 0
312.821 250.602 2.70908 -3.12881 -1.90191e-08 25.5 -0.00878374 0
312.321 250.595 2.70908 -3.12884 -1.55319e-08 26 -0.00878374 0
311.821 250.589 2.70908 -3.12888 -1.21087e-08 26.5 -0.00878374 0
311.321 250.583 2.70908 -3.12891 -8.94363e-09 27 -0.00878374 0
310.821 250.576 2.70908 -3.12894 -6.18725e-09 27.5 -0.00878374 0
310.321 250.57 2.70908 -3.12896 -3.94857e-09 28 -0.00878374 0
309.821 250.564 2.70908 -3.12898 -2.2742e-09 28.5 -0.00878374 0
309.322 250.557 2.70908 -3.129 -1.14147e-09 29 -0.00878374 0
308.822 250.551 2.70908 -3.129 -4.46568e-10 29.5 -0.00878374 0
308.322 250.545 2.70908 -3.129 -1.24226e-10 30 -0.00878374 0
