332.32 250.85 2.70908 -3.12911 4.77569e-16 0 -0.00878374 10
331.82 250.844 2.70908 -3.12909 -4.34112e-09 0.5 -0.00878374 10
331.32 250.838 2.70908 -3.12906 -1.89323e-09 1 -0.00878374 10
330.82 250.831 2.70908 -3.12905 -6.549e-10 1.5 -0.00878374 10
330.32 250.825 2.70908 -3.12904 -1.50676e-10 2 -0.00878374 10
329.82 250.819 2.70908 -3.12904 -1.50461e-11 2.5 -0.00878374 10
329.32 250.813 2.70908 -3.12904 1.85924e-11 3 -0.00878374 10
328.82 250.806 2.70908 -3.12905 1.29327e-10 3.5 -0.00878374 10
328.32 250.8 2.70908 -3.12906 4.19827e-10 4 -0.00878374 10
327.82 250.794 2.70908 -3.12907 9.2782e-10 4.5 -0.00878374 10
327.32 250.788 2.70908 -3.12909 1.63698e-09 5 -0.00878374 10
326.82 250.781 2.70908 -3.12911 2.48866e-09 5.5 -0.00878374 10
326.32 250.775 2.70908 -3.12913 3.39266e-09 6 -0.00878374 10
325.82 250.769 2.70908 -3.12915 4.23887e-09 6.5 -0.00878374 10
325.32 250.763 2.70908 -3.12917 4.90826e-09 7 -0.00878374 10
324.82 250.756 2.70908 -3.12919 5.28419e-09 7.5 -0.00878374 10
324.32 250.75 2.70908 -3.1292 5.26378e-09 8 -0.00878374 10
323.82 250.744 2.70908 -3.12922 4.76892e-09 8.5 -0.00878374 10
323.32 250.738 2.70908 -3.12923 3.75866e-09 9 -0.00878374 10
322.82 250.732 2.70908 -3.12923 2.23581e-09 9.5 -0.00878374 10
322.32 250.725 2.70908 -3.12923 2.67361e-10 10 -0.00878374 10
321.82 250.719 2.70908 -3.12923 -2.0135e-09 10.5 -0.00878374 10
321.32 250.713 2.70908 -3.12921 -4.39123e-09 11 -0.00878374 10
320.821 250.707 2.70908 -3.1292 -6.55765e-09 11.5 -0.00878374 10
320.321 250.701 2.70908 -3.12917 -8.09951e-09 12 -0.00878374 10
319.821 250.694 2.70908 -3.12913 -8.48603e-09 12.5 -0.00878374 10
319.321 250.688 2.70908 -3.12909 -7.0664e-09 13 -0.00878374 10
318.821 250.682 2.70908 -3.12903 -3.1257e-09 13.5 -0.00878374 10
318.321 250.676 2.70908 -3.12897 3.88961e-09 14 -0.00878374 10
317.821 250.669 2.70908 -3.1289 1.38914e-08 14.5 -0.00878374 10
317.321 250.663 2.70908 -3.12882 2.56171e-08 15 -0.00878374 0
316.821 250.657 2.70908 -3.12875 3.66641e-08 15.5 -0.00878374 0
316.321 250.65 2.70908 -3.12868 4.44329e-08 16 -0.00878374 0
315.821 250.644 2.70908 -3.12862 4.73944e-08 16.5 -0.00878374 0
315.321 250.637 2.70908 -3.12857 4.55749e-08 17 -0.00878374 0
314.821 250.631 2.70908 -3.12853 4.00414e-08 17.5 -0.00878374 0
314.321 250.624 2.70908 -3.1285 3.21109e-08 18 -0.00878374 0
313.821 250.618 2.70908 -3.12848 2.29052e-08 18.5 -0.00878374 0
313.321 250.611 2.70908 -3.12846 1.32723e-08 19 -0.00878374 0
312.821 250.605 2.70908 -3.12846 3.84612e-09 19.5 -0.00878374 0
312.321 250.598 2.70908 -3.12846 -4.89792e-09 20 -0.00878374 0
311.821 250.591 2.70908 -3.12848 -1.26073e-08 20.5 -0.00878374 0
311.321 250.585 2.70908 -3.12849 -1.90459e-08 21 -0.00878374 0
310.821 250.578 2.70908 -3.12852 -2.40683e-08 21.5 -0.00878374 0
310.321 250.572 2.70908 -3.12854 -2.76216e-08 22 -0.00878374 0
309.821 250.565 2.70908 -3.12857 -2.97246e-08 22.5 -0.00878374 0
309.321 250.559 2.70908 -3.12861 -3.04607e-08 23 -0.00878374 0
308.822 250.552 2.70908 -3.12864 -2.99661e-08 23.5 -0.00878374 0
308.322 250.546 2.70908 -3.12868 -2.84183e-08 24 -0.00878374 0
307.822 250.539 2.70908 -3.12872 -2.60251e-08 24.5 -0.00878374 0
307.322 250.533 2.70908 -3.12876 -2.30134e-08 25 -0.00878374 0
306.822 250.526 2.70908 -3.1288 -1.96179e-08 25.5 -0.00878374 0
306.322 250.52 2.70908 -3.12884 -1.60698e-08 26 -0.00878374 0
305.822 250.514 2.70908 -3.12887 -1.2586e-08 26.5 -0.00878374 0
305.322 250.507 2.70908 -3.12891 -9.35759e-09 27 -0.00878374 0
304.822 250.501 2.70908 -3.12893 -6.53869e-09 27.5 -0.00878374 0
304.322 250.495 2.70908 -3.12896 -4.23542e-09 28 -0.00878374 0
303.822 250.488 2.70908 -3.12898 -2.49463e-09 28.5 -0.00878374 0
303.322 250.482 2.70908 -3.12899 -1.29272e-09 29 -0.00878374 0
302.822 250.476 2.70908 -3.129 -5.24464e-10 29.5 -0.00878374 0
302.322 250.469 2.70908 -3.129 -1.49655e-10 30 -0.00878374 0
