327.82 250.794 2.70908 -3.12906 2.25086e-14 0 -0.00878374 10
327.32 250.788 2.70908 -3.12904 -9.6625e-10 0.5 -0.00878374 10
326.82 250.781 2.70908 -3.12902 2.31991e-10 1 -0.00878374 10
326.32 250.775 2.70908 -3.12901 5.07192e-10 1.5 -0.00878374 10
325.82 250.769 2.70908 -3.129 2.96694e-10 2 -0.00878374 10
325.32 250.762 2.70908 -3.129 -7.00354e-11 2.5 -0.00878374 10
324.82 250.756 2.70908 -3.12901 -3.60044e-10 3 -0.00878374 10
324.32 250.75 2.70908 -3.12902 -4.25552e-10 3.5 -0.00878374 10
323.82 250.743 2.70908 -3.12903 -1.92921e-10 4 -0.00878374 10
323.32 250.737 2.70908 -3.12905 3.49735e-10 4.5 -0.00878374 10
322.82 250.731 2.70908 -3.12907 1.15914e-09 5 -0.00878374 10
322.32 250.725 2.70908 -3.12909 2.15723e-09 5.5 -0.00878374 10
321.82 250.718 2.70908 -3.12912 3.23321e-09 6 -0.00878374 10
321.321 250.712 2.70908 -3.12914 4.25956e-09 6.5 -0.00878374 10
320.821 250.706 2.70908 -3.12916 5.10216e-09 7 -0.00878374 10
320.321 250.7 2.70908 -3.12918 5.63162e-09 7.5 -0.00878374 10
319.821 250.694 2.70908 -3.1292 5.73452e-09 8 -0.00878374 10
319.321 250.687 2.70908 -3.12921 5.32468e-09 8.5 -0.00878374 10
318.821 250.681 2.70908 -3.12923 4.35437e-09 9 -0.00878374 10
318.321 250.675 2.70908 -3.12923 2.82559e-09 9.5 -0.00878374 10
317.821 250.669 2.70908 -3.12923 8.02251e-10 10 -0.00878374 10
317.321 250.663 2.70908 -3.12923 -1.5831e-09 10.5 -0.00878374 10
316.821 250.656 2.70908 -3.12922 -4.10899e-09 11 -0.00878374 10
316.321 250.65 2.70908 -3.1292 -6.46233e-09 11.5 -0.00878374 10
315.821 250.644 2.70908 -3.12917 -8.22185e-09 12 -0.00878374 10
315.321 250.638 2.70908 -3.12914 -8.84589e-09 12.5 -0.00878374 10
314.821 250.632 2.70908 -3.12909 -7.66921e-09 13 -0.00878374 10
314.321 250.625 2.70908 -3.12904 -3.95689e-09 13.5 -0.00878374 10
313.821 250.619 2.70908 -3.12898 2.87129e-09 14 -0.00878374 10
313.321 250.613 2.70908 -3.12891 1.27561e-08 14.5 -0.00878374 10
312.821 250.606 2.70908 -3.12883 2.44602e-08 15 -0.00878374 0
312.321 250.6 2.70908 -3.12876 3.55794e-08 15.5 -0.00878374 0
311.821 250.594 2.70908 -3.12869 4.34966e-08 16 -0.00878374 0
311.321 250.587 2.70908 -3.12863 4.66452e-08 16.5 -0.00878374 0
310.821 250.581 2.70908 -3.12858 4.50237e-08 17 -0.00878374 0
310.321 250.574 2.70908 -3.12853 3.96761e-08 17.5 -0.00878374 0
309.821 250.568 2.70908 -3.1285 3.19113e-08 18 -0.00878374 0
309.321 250.561 2.70908 -3.12848 2.28487e-08 18.5 -0.00878374 0
308.822 250.555 2.70908 -3.12847 1.3337e-08 19 -0.00878374 0
308.322 250.548 2.70908 -3.12847 4.01181e-09 19.5 -0.00878374 0
307.822 250.541 2.70908 -3.12847 -4.64857e-09 20 -0.00878374 0
307.322 250.535 2.70908 -3.12848 -1.22924e-08 20.5 -0.00878374 0
306.822 250.528 2.70908 -3.1285 -1.86784e-08 21 -0.00878374 0
306.322 250.522 2.70908 -3.12852 -2.3663e-08 21.5 -0.00878374 0
305.822 250.515 2.70908 -3.12855 -2.71891e-08 22 -0.00878374 0
305.322 250.509 2.70908 -3.12858 -2.92751e-08 22.5 -0.00878374 0
304.822 250.502 2.70908 -3.12861 -3.00032e-08 23 -0.00878374 0
304.322 250.496 2.70908 -3.12865 -2.95085e-08 23.5 -0.00878374 0
303.822 250.489 2.70908 -3.12869 -2.79675e-08 24 -0.00878374 0
303.322 250.483 2.70908 -3.12873 -2.55873e-08 24.5 -0.00878374 0
302.822 250.476 2.70908 -3.12877 -2.25939e-08 25 -0.00878374 0
302.322 250.47 2.70908 -3.1288 -1.92215e-08 25.5 -0.00878374 0
301.822 250.464 2.70908 -3.12884 -1.5701e-08 26 -0.00878374 0
301.322 250.457 2.70908 -3.12888 -1.22489e-08 26.5 -0.00878374 0
300.822 250.451 2.70908 -3.12891 -9.05606e-09 27 -0.00878374 0
300.322 250.444 2.70908 -3.12894 -6.27662e-09 27.5 -0.00878374 0
299.822 250.438 2.70908 -3.12896 -4.01671e-09 28 -0.00878374 0
299.322 250.432 2.70908 -3.12898 -2.32355e-09 28.5 -0.00878374 0
298.822 250.426 2.70908 -3.129 -1.17382e-09 29 -0.00878374 0
298.322 250.419 2.70908 -3.129 -4.62726e-10 29.5 -0.00878374 0
297.822 250.413 2.70908 -3.129 -1.29453e-10 30 -0.00878374 0
