322.82 250.731 2.70908 -3.12906 7.98185e-17 0 -0.00878374 10
322.32 250.725 2.70908 -3.12904 -8.24816e-10 0.5 -0.00878374 10
321.82 250.718 2.70908 -3.12902 2.90142e-10 1 -0.00878374 10
321.321 250.712 2.70908 -3.12901 5.12652e-10 1.5 -0.00878374 10
320.821 250.706 2.70908 -3.129 2.74595e-10 2 -0.00878374 10
320.321 250.7 2.70908 -3.129 -9.95294e-11 2.5 -0.00878374 10
319.821 250.693 2.70908 -3.12901 -3.81353e-10 3 -0.00878374 10
319.321 250.687 2.70908 -3.12902 -4.27393e-10 3.5 -0.00878374 10
318.821 250.681 2.70908 -3.12904 -1.67789e-10 4 -0.00878374 10
318.321 250.674 2.70908 -3.12905 4.04942e-10 4.5 -0.00878374 10
317.821 250.668 2.70908 -3.12907 1.24807e-09 5 -0.00878374 10
317.321 250.662 2.70908 -3.1291 2.27536e-09 5.5 -0.00878374 10
316.821 250.656 2.70908 -3.12912 3.37732e-09 6 -0.00878374 10
316.321 250.649 2.70908 -3.12914 4.42356e-09 6.5 -0.00878374 10
315.821 250.643 2.70908 -3.12916 5.27833e-09 7 -0.00878374 10
315.321 250.637 2.70908 -3.12918 5.81112e-09 7.5 -0.00878374 10
314.821 250.631 2.70908 -3.1292 5.90758e-09 8 -0.00878374 10
314.321 250.625 2.70908 -3.12922 5.48107e-09 8.5 -0.00878374 10
313.821 250.618 2.70908 -3.12923 4.48382e-09 9 -0.00878374 10
313.321 250.612 2.70908 -3.12924 2.91803e-09 9.5 -0.00878374 10
312.821 250.606 2.70908 -3.12924 8.47429e-10 10 -0.00878374 10
312.321 250.6 2.70908 -3.12923 -1.5927e-09 10.5 -0.00878374 10
311.821 250.594 2.70908 -3.12922 -4.17939e-09 11 -0.00878374 10
311.321 250.587 2.70908 -3.12921 -6.60059e-09 11.5 -0.00878374 10
310.821 250.581 2.70908 -3.12918 -8.42915e-09 12 -0.00878374 10
310.321 250.575 2.70908 -3.12914 -9.12347e-09 12.5 -0.00878374 10
309.821 250.569 2.70908 -3.1291 -8.01365e-09 13 -0.00878374 10
309.321 250.563 2.70908 -3.12904 -4.35924e-09 13.5 -0.00878374 10
308.821 250.556 2.70908 -3.12898 2.42757e-09 14 -0.00878374 10
308.322 250.55 2.70908 -3.12891 1.22967e-08 14.5 -0.00878374 10
307.822 250.544 2.70908 -3.12884 2.40175e-08 15 -0.00878374 0
307.322 250.537 2.70908 -3.12876 3.51868e-08 15.5 -0.00878374 0
306.822 250.531 2.70908 -3.12869 4.31769e-08 16 -0.00878374 0
306.322 250.524 2.70908 -3.12863 4.64118e-08 16.5 -0.00878374 0
305.822 250.518 2.70908 -3.12858 4.48745e-08 17 -0.00878374 0
305.322 250.511 2.70908 -3.12854 3.96039e-08 17.5 -0.00878374 0
304.822 250.505 2.70908 -3.12851 3.19045e-08 18 -0.00878374 0
304.322 250.498 2.70908 -3.12848 2.28951e-08 18.5 -0.00878374 0
303.822 250.492 2.70908 -3.12847 1.34254e-08 19 -0.00878374 0
303.322 250.485 2.70908 -3.12847 4.13207e-09 19.5 -0.00878374 0
302.822 250.479 2.70908 -3.12847 -4.5053e-09 20 -0.00878374 0
302.322 250.472 2.70908 -3.12848 -1.21338e-08 20.5 -0.00878374 0
301.822 250.466 2.70908 -3.1285 -1.85109e-08 21 -0.00878374 0
301.322 250.459 2.70908 -3.12852 -2.3492e-08 21.5 -0.00878374 0
300.822 250.452 2.70908 -3.12855 -2.70192e-08 22 -0.00878374 0
300.322 250.446 2.70908 -3.12858 -2.91099e-08 22.5 -0.00878374 0
299.822 250.439 2.70908 -3.12861 -2.98454e-08 23 -0.00878374 0
299.322 250.433 2.70908 -3.12865 -2.93602e-08 23.5 -0.00878374 0
298.822 250.426 2.70908 -3.12869 -2.78302e-08 24 -0.00878374 0
298.322 250.42 2.70908 -3.12873 -2.54619e-08 24.5 -0.00878374 0
297.822 250.414 2.70908 -3.12877 -2.2481e-08 25 -0.00878374 0
297.322 250.407 2.70908 -3.12881 -1.91212e-08 25.5 -0.00878374 0
296.822 250.401 2.70908 -3.12884 -1.56131e-08 26 -0.00878374 0
296.323 250.394 2.70908 -3.12888 -1.21731e-08 26.5 -0.00878374 0
295.823 250.388 2.70908 -3.12891 -8.99182e-09 27 -0.00878374 0
295.323 250.382 2.70908 -3.12894 -6.22261e-09 27.5 -0.00878374 0
294.823 250.375 2.70908 -3.12896 -3.97435e-09 28 -0.00878374 0
294.323 250.369 2.70908 -3.12898 -2.29158e-09 28.5 -0.00878374 0
293.823 250.363 2.70908 -3.129 -1.15217e-09 29 -0.00878374 0
293.323 250.356 2.70908 -3.129 -4.51693e-10 29.5 -0.00878374 0
292.823 250.35 2.70908 -3.129 -1.25835e-10 30 -0.00878374 0
