317.821 250.668 2.70908 -3.12906 9.09176e-13 0 -0.00878374 10
317.321 250.662 2.70908 -3.12904 -9.1539e-10 0.5 -0.00878374 10
316.821 250.656 2.70908 -3.12902 2.15991e-10 1 -0.00878374 10
316.321 250.649 2.70908 -3.12901 4.60263e-10 1.5 -0.00878374 10
315.821 250.643 2.70908 -3.129 2.47495e-10 2 -0.00878374 10
315.321 250.637 2.70908 -3.129 -9.93707e-11 2.5 -0.00878374 10
314.821 250.63 2.70908 -3.12901 -3.53511e-10 3 -0.00878374 10
314.321 250.624 2.70908 -3.12902 -3.72761e-10 3.5 -0.00878374 10
313.821 250.618 2.70908 -3.12904 -8.8361e-11 4 -0.00878374 10
313.321 250.612 2.70908 -3.12906 5.06067e-10 4.5 -0.00878374 10
312.821 250.605 2.70908 -3.12908 1.36611e-09 5 -0.00878374 10
312.321 250.599 2.70908 -3.1291 2.40656e-09 5.5 -0.00878374 10
311.821 250.593 2.70908 -3.12912 3.51744e-09 6 -0.00878374 10
311.321 250.587 2.70908 -3.12914 4.56516e-09 6.5 -0.00878374 10
310.821 250.58 2.70908 -3.12917 5.4174e-09 7 -0.00878374 10
310.321 250.574 2.70908 -3.12919 5.94075e-09 7.5 -0.00878374 10
309.821 250.568 2.70908 -3.12921 6.02182e-09 8 -0.00878374 10
309.321 250.562 2.70908 -3.12922 5.57424e-09 8.5 -0.00878374 10
308.821 250.555 2.70908 -3.12923 4.55041e-09 9 -0.00878374 10
308.322 250.549 2.70908 -3.12924 2.95318e-09 9.5 -0.00878374 10
307.822 250.543 2.70908 -3.12924 8.46766e-10 10 -0.00878374 10
307.322 250.537 2.70908 -3.12924 -1.63175e-09 10.5 -0.00878374 10
306.822 250.531 2.70908 -3.12923 -4.26122e-09 11 -0.00878374 10
306.322 250.525 2.70908 -3.12921 -6.72494e-09 11.5 -0.00878374 10
305.822 250.518 2.70908 -3.12918 -8.59809e-09 12 -0.00878374 10
305.322 250.512 2.70908 -3.12915 -9.33488e-09 12.5 -0.00878374 10
304.822 250.506 2.70908 -3.1291 -8.26409e-09 13 -0.00878374 10
304.322 250.5 2.70908 -3.12905 -4.64224e-09 13.5 -0.00878374 10
303.822 250.493 2.70908 -3.12898 2.12321e-09 14 -0.00878374 10
303.322 250.487 2.70908 -3.12891 1.19877e-08 14.5 -0.00878374 10
302.822 250.481 2.70908 -3.12884 2.37245e-08 15 -0.00878374 0
302.322 250.474 2.70908 -3.12876 3.49304e-08 15.5 -0.00878374 0
301.822 250.468 2.70908 -3.12869 4.29725e-08 16 -0.00878374 0
301.322 250.462 2.70908 -3.12863 4.62665e-08 16.5 -0.00878374 0
300.822 250.455 2.70908 -3.12858 4.47873e-08 17 -0.00878374 0
300.322 250.449 2.70908 -3.12854 3.95687e-08 17.5 -0.00878374 0
299.822 250.442 2.70908 -3.12851 3.19129e-08 18 -0.00878374 0
299.322 250.436 2.70908 -3.12849 2.29384e-08 18.5 -0.00878374 0
298.822 250.429 2.70908 -3.12847 1.34956e-08 19 -0.00878374 0
298.322 250.422 2.70908 -3.12847 4.22195e-09 19.5 -0.00878374 0
297.822 250.416 2.70908 -3.12847 -4.40187e-09 20 -0.00878374 0
297.322 250.409 2.70908 -3.12848 -1.20221e-08 20.5 -0.00878374 0
296.822 250.403 2.70908 -3.1285 -1.83954e-08 21 -0.00878374 0
296.323 250.396 2.70908 -3.12852 -2.33764e-08 21.5 -0.00878374 0
295.823 250.39 2.70908 -3.12855 -2.69064e-08 22 -0.00878374 0
295.323 250.383 2.70908 -3.12858 -2.90013e-08 22.5 -0.00878374 0
294.823 250.377 2.70908 -3.12861 -2.97446e-08 23 -0.00878374 0
294.323 250.37 2.70908 -3.12865 -2.92675e-08 23.5 -0.00878374 0
293.823 250.364 2.70908 -3.12869 -2.77464e-08 24 -0.00878374 0
293.323 250.357 2.70908 -3.12873 -2.53873e-08 24.5 -0.00878374 0
292.823 250.351 2.70908 -3.12877 -2.24156e-08 25 -0.00878374 0
292.323 250.344 2.70908 -3.12881 -1.90648e-08 25.5 -0.00878374 0
291.823 250.338 2.70908 -3.12884 -1.55653e-08 26 -0.00878374 0
291.323 250.332 2.70908 -3.12888 -1.21332e-08 26.5 -0.00878374 0
290.823 250.325 2.70908 -3.12891 -8.95924e-09 27 -0.00878374 0
290.323 250.319 2.70908 -3.12894 -6.19748e-09 27.5 -0.00878374 0
289.823 250.313 2.70908 -3.12896 -3.95423e-09 28 -0.00878374 0
289.323 250.306 2.70908 -3.12898 -2.27684e-09 28.5 -0.00878374 0
288.823 250.3 2.70908 -3.129 -1.14238e-09 29 -0.00878374 0
288.323 250.294 2.70908 -3.129 -4.46771e-10 29.5 -0.00878374 0
287.823 250.287 2.70908 -3.129 -1.24252e-10 30 -0.00878374 0
