312.821 250.605 2.70908 -3.12906 3.55483e-16 0 -0.00878374 10
312.321 250.599 2.70908 -3.12904 -1.06715e-09 0.5 -0.00878374 10
311.821 250.593 2.70908 -3.12902 1.13476e-10 1 -0.00878374 10
311.321 250.586 2.70908 -3.12901 3.99868e-10 1.5 -0.00878374 10
310.821 250.58 2.70908 -3.12901 2.2578e-10 2 -0.00878374 10
310.321 250.574 2.70908 -3.12901 -8.85868e-11 2.5 -0.00878374 10
309.821 250.568 2.70908 -3.12901 -3.15434e-10 3 -0.00878374 10
309.321 250.561 2.70908 -3.12903 -3.12412e-10 3.5 -0.00878374 10
308.821 250.555 2.70908 -3.12904 -1.07948e-11 4 -0.00878374 10
308.322 250.549 2.70908 -3.12906 5.96109e-10 4.5 -0.00878374 10
307.822 250.542 2.70908 -3.12908 1.46393e-09 5 -0.00878374 10
307.322 250.536 2.70908 -3.1291 2.50869e-09 5.5 -0.00878374 10
306.822 250.53 2.70908 -3.12912 3.61792e-09 6 -0.00878374 10
306.322 250.524 2.70908 -3.12915 4.66187e-09 6.5 -0.00878374 10
305.822 250.517 2.70908 -3.12917 5.50493e-09 7 -0.00878374 10
305.322 250.511 2.70908 -3.12919 6.01664e-09 7.5 -0.00878374 10
304.822 250.505 2.70908 -3.12921 6.0832e-09 8 -0.00878374 10
304.322 250.499 2.70908 -3.12922 5.61848e-09 8.5 -0.00878374 10
303.822 250.493 2.70908 -3.12923 4.57539e-09 9 -0.00878374 10
303.322 250.487 2.70908 -3.12924 2.95713e-09 9.5 -0.00878374 10
302.822 250.48 2.70908 -3.12924 8.28428e-10 10 -0.00878374 10
302.322 250.474 2.70908 -3.12924 -1.67321e-09 10.5 -0.00878374 10
301.822 250.468 2.70908 -3.12923 -4.32613e-09 11 -0.00878374 10
301.322 250.462 2.70908 -3.12921 -6.81303e-09 11.5 -0.00878374 10
300.822 250.456 2.70908 -3.12918 -8.7086e-09 12 -0.00878374 10
300.322 250.449 2.70908 -3.12915 -9.46623e-09 12.5 -0.00878374 10
299.822 250.443 2.70908 -3.1291 -8.41381e-09 13 -0.00878374 10
299.322 250.437 2.70908 -3.12905 -4.80647e-09 13.5 -0.00878374 10
298.822 250.431 2.70908 -3.12898 1.95066e-09 14 -0.00878374 10
298.322 250.424 2.70908 -3.12891 1.18157e-08 14.5 -0.00878374 10
297.822 250.418 2.70908 -3.12884 2.35641e-08 15 -0.00878374 0
297.322 250.412 2.70908 -3.12876 3.47924e-08 15.5 -0.00878374 0
296.822 250.405 2.70908 -3.12869 4.28648e-08 16 -0.00878374 0
296.322 250.399 2.70908 -3.12863 4.61924e-08 16.5 -0.00878374 0
295.823 250.392 2.70908 -3.12858 4.4746e-08 17 -0.00878374 0
295.323 250.386 2.70908 -3.12854 3.95573e-08 17.5 -0.00878374 0
294.823 250.379 2.70908 -3.12851 3.19247e-08 18 -0.00878374 0
294.323 250.373 2.70908 -3.12849 2.29691e-08 18.5 -0.00878374 0
293.823 250.366 2.70908 -3.12847 1.35405e-08 19 -0.00878374 0
293.323 250.36 2.70908 -3.12847 4.27696e-09 19.5 -0.00878374 0
292.823 250.353 2.70908 -3.12847 -4.34033e-09 20 -0.00878374 0
292.323 250.346 2.70908 -3.12848 -1.19571e-08 20.5 -0.00878374 0
291.823 250.34 2.70908 -3.1285 -1.83295e-08 21 -0.00878374 0
291.323 250.333 2.70908 -3.12852 -2.33116e-08 21.5 -0.00878374 0
290.823 250.327 2.70908 -3.12855 -2.68444e-08 22 -0.00878374 0
290.323 250.32 2.70908 -3.12858 -2.89441e-08 22.5 -0.00878374 0
289.823 250.314 2.70908 -3.12861 -2.96914e-08 23 -0.00878374 0
289.323 250.307 2.70908 -3.12865 -2.92197e-08 23.5 -0.00878374 0
288.823 250.301 2.70908 -3.12869 -2.77043e-08 24 -0.00878374 0
288.323 250.294 2.70908 -3.12873 -2.5351e-08 24.5 -0.00878374 0
287.823 250.288 2.70908 -3.12877 -2.2385e-08 25 -0.00878374 0
287.323 250.282 2.70908 -3.12881 -1.90395e-08 25.5 -0.00878374 0
286.823 250.275 2.70908 -3.12884 -1.55448e-08 26 -0.00878374 0
286.323 250.269 2.70908 -3.12888 -1.2117e-08 26.5 -0.00878374 0
285.823 250.262 2.70908 -3.12891 -8.94683e-09 27 -0.00878374 0
285.323 250.256 2.70908 -3.12894 -6.18821e-09 27.5 -0.00878374 0
284.823 250.25 2.70908 -3.12896 -3.94759e-09 28 -0.00878374 0
284.323 250.243 2.70908 -3.12898 -2.27233e-09 28.5 -0.00878374 0
283.824 250.237 2.70908 -3.129 -1.13965e-09 29 -0.00878374 0
283.324 250.231 2.70908 -3.129 -4.45426e-10 29.5 -0.00878374 0
282.824 250.225 2.70908 -3.129 -1.23827e-10 30 -0.00878374 0
