307.822 250.542 2.70908 -3.12906 -2.26568e-14 0 -0.00878374 10
307.322 250.536 2.70908 -3.12904 -1.20035e-09 0.5 -0.00878374 10
306.822 250.53 2.70908 -3.12902 2.66516e-11 1 -0.00878374 10
306.322 250.524 2.70908 -3.12901 3.53435e-10 1.5 -0.00878374 10
305.822 250.517 2.70908 -3.12901 2.10818e-10 2 -0.00878374 10
305.322 250.511 2.70908 -3.12901 -7.77249e-11 2.5 -0.00878374 10
304.822 250.505 2.70908 -3.12902 -2.84557e-10 3 -0.00878374 10
304.322 250.498 2.70908 -3.12903 -2.66852e-10 3.5 -0.00878374 10
303.822 250.492 2.70908 -3.12904 4.47719e-11 4 -0.00878374 10
303.322 250.486 2.70908 -3.12906 6.5748e-10 4.5 -0.00878374 10
302.822 250.48 2.70908 -3.12908 1.52747e-09 5 -0.00878374 10
302.322 250.473 2.70908 -3.1291 2.5712e-09 5.5 -0.00878374 10
301.822 250.467 2.70908 -3.12913 3.67668e-09 6 -0.00878374 10
301.322 250.461 2.70908 -3.12915 4.71465e-09 6.5 -0.00878374 10
300.822 250.455 2.70908 -3.12917 5.54985e-09 7 -0.00878374 10
300.322 250.448 2.70908 -3.12919 6.05232e-09 7.5 -0.00878374 10
299.822 250.442 2.70908 -3.12921 6.10861e-09 8 -0.00878374 10
299.322 250.436 2.70908 -3.12922 5.63281e-09 8.5 -0.00878374 10
298.822 250.43 2.70908 -3.12924 4.57825e-09 9 -0.00878374 10
298.322 250.424 2.70908 -3.12924 2.94842e-09 9.5 -0.00878374 10
297.822 250.418 2.70908 -3.12924 8.08268e-10 10 -0.00878374 10
297.322 250.411 2.70908 -3.12924 -1.70436e-09 10.5 -0.00878374 10
296.822 250.405 2.70908 -3.12923 -4.36767e-09 11 -0.00878374 10
296.322 250.399 2.70908 -3.12921 -6.86415e-09 11.5 -0.00878374 10
295.823 250.393 2.70908 -3.12918 -8.76827e-09 12 -0.00878374 10
295.323 250.387 2.70908 -3.12915 -9.53241e-09 12.5 -0.00878374 10
294.823 250.38 2.70908 -3.1291 -8.48686e-09 13 -0.00878374 10
294.323 250.374 2.70908 -3.12905 -4.8835e-09 13.5 -0.00878374 10
293.823 250.368 2.70908 -3.12899 1.87237e-09 14 -0.00878374 10
293.323 250.362 2.70908 -3.12891 1.17398e-08 14.5 -0.00878374 10
292.823 250.355 2.70908 -3.12884 2.34951e-08 15 -0.00878374 0
292.323 250.349 2.70908 -3.12877 3.47346e-08 15.5 -0.00878374 0
291.823 250.342 2.70908 -3.1287 4.28212e-08 16 -0.00878374 0
291.323 250.336 2.70908 -3.12863 4.61643e-08 16.5 -0.00878374 0
290.823 250.33 2.70908 -3.12858 4.47327e-08 17 -0.00878374 0
290.323 250.323 2.70908 -3.12854 3.9556e-08 17.5 -0.00878374 0
289.823 250.316 2.70908 -3.12851 3.19347e-08 18 -0.00878374 0
289.323 250.31 2.70908 -3.12849 2.29872e-08 18.5 -0.00878374 0
288.823 250.303 2.70908 -3.12847 1.35645e-08 19 -0.00878374 0
288.323 250.297 2.70908 -3.12847 4.30471e-09 19.5 -0.00878374 0
287.823 250.29 2.70908 -3.12847 -4.31042e-09 20 -0.00878374 0
287.323 250.284 2.70908 -3.12848 -1.19264e-08 20.5 -0.00878374 0
286.823 250.277 2.70908 -3.1285 -1.82992e-08 21 -0.00878374 0
286.323 250.271 2.70908 -3.12852 -2.32826e-08 21.5 -0.00878374 0
285.823 250.264 2.70908 -3.12855 -2.68174e-08 22 -0.00878374 0
285.323 250.258 2.70908 -3.12858 -2.89196e-08 22.5 -0.00878374 0
284.823 250.251 2.70908 -3.12862 -2.96697e-08 23 -0.00878374 0
284.323 250.245 2.70908 -3.12865 -2.92011e-08 23.5 -0.00878374 0
283.824 250.238 2.70908 -3.12869 -2.76888e-08 24 -0.00878374 0
283.324 250.232 2.70908 -3.12873 -2.53384e-08 24.5 -0.00878374 0
282.824 250.225 2.70908 -3.12877 -2.23752e-08 25 -0.00878374 0
282.324 250.219 2.70908 -3.12881 -1.90322e-08 25.5 -0.00878374 0
281.824 250.212 2.70908 -3.12884 -1.55397e-08 26 -0.00878374 0
281.324 250.206 2.70908 -3.12888 -1.21138e-08 26.5 -0.00878374 0
280.824 250.2 2.70908 -3.12891 -8.94511e-09 27 -0.00878374 0
280.324 250.193 2.70908 -3.12894 -6.18762e-09 27.5 -0.00878374 0
279.824 250.187 2.70908 -3.12896 -3.94768e-09 28 -0.00878374 0
279.324 250.181 2.70908 -3.12898 -2.27278e-09 28.5 -0.00878374 0
278.824 250.174 2.70908 -3.129 -1.14012e-09 29 -0.00878374 0
278.324 250.168 2.70908 -3.129 -4.46628e-10 29.5 -0.00878374 0
277.824 250.162 2.70908 -3.129 -1.23916e-10 30 -0.00878374 0
