452.802 252.996 2.88709 3.07709 2.97581e-13 0 -0.00954264 8
452.302 253.028 2.88709 3.09037 -0.00230946 0.501488 -0.00954264 8
451.801 253.054 2.88709 3.10559 -0.00170408 1.00251 -0.00954264 8
451.301 253.072 2.88709 3.11989 -0.00117996 1.5031 -0.00954264 8
450.801 253.083 2.88709 3.13327 -0.000733639 2.00339 -0.00954264 8
450.301 253.087 2.88709 -3.13746 -0.000361099 2.5035 -0.00954264 8
449.801 253.085 2.88709 -3.12594 -5.78433e-05 3.00352 -0.00954264 8
449.301 253.077 2.88709 -3.11535 0.000180969 3.50352 -0.00954264 8
448.801 253.064 2.88709 -3.10569 0.000360423 4.00357 -0.00954264 8
448.301 253.046 2.88709 -3.09697 0.000485761 4.5037 -0.00954264 8
447.801 253.024 2.88709 -3.08918 0.000562312 5.00396 -0.00954264 8
447.302 252.997 2.88709 -3.08233 0.000595441 5.50436 -0.00954264 8
446.802 252.968 2.88709 -3.0764 0.000590505 6.0049 -0.00954264 8
446.302 252.935 2.88709 -3.0714 0.000552828 6.5056 -0.00954264 8
445.803 252.9 2.88709 -3.06732 0.000487711 7.00643 -0.00954264 8
445.303 252.863 2.88709 -3.06416 0.00040055 7.50738 -0.00954264 8
444.804 252.824 0.00380268 -3.06191 0.000297242 8.00844 -0.00114327 0
444.304 252.784 0.00380268 -3.06053 0.000185081 8.50956 -0.00114327 0
443.805 252.743 0.00380268 -3.05998 7.37623e-05 9.01074 -0.00114327 0
443.305 252.703 0.00380268 -3.06013 -2.49764e-05 9.51193 -0.00114327 0
442.806 252.662 0.00380268 -3.06083 -0.000100483 10.0131 -0.00114327 0
442.306 252.621 0.00380268 -3.06189 -0.000147694 10.5143 -0.00114327 0
441.807 252.582 0.00380268 -3.06314 -0.000169104 11.0154 -0.00114327 0
441.307 252.542 0.00380268 -3.06445 -0.000172343 11.5165 -0.00114327 0
440.807 252.504 0.00380268 -3.06574 -0.000165665 12.0175 -0.00114327 0
440.308 252.466 0.00380268 -3.06698 -0.000154888 12.5186 -0.00114327 0
439.808 252.428 0.00380268 -3.06814 -0.00014298 13.0195 -0.00114327 0
439.309 252.392 0.00380268 -3.06923 -0.00013107 13.5204 -0.00114327 0
438.809 252.355 0.00380268 -3.07024 -0.000119472 14.0213 -0.00114327 0
438.31 252.32 0.00380268 -3.07117 -0.000108235 14.5222 -0.00114327 0
437.81 252.284 0.00380268 -3.07201 -9.73438e-05 15.023 -0.00114327 0
437.31 252.25 0.00380268 -3.07278 -8.67686e-05 15.5239 -0.00114327 0
436.811 252.215 0.00380268 -3.07346 -7.64774e-05 16.0247 -0.00114327 0
436.311 252.181 0.00380268 -3.07407 -6.64363e-05 16.5254 -0.00114327 0
435.812 252.147 0.00380268 -3.07458 -5.66098e-05 17.0262 -0.00114327 0
435.312 252.114 0.00380268 -3.07502 -4.69611e-05 17.5269 -0.00114327 0
434.812 252.08 0.00380268 -3.07536 -3.74521e-05 18.0277 -0.00114327 0
434.313 252.047 0.00380268 -3.07563 -2.80432e-05 18.5284 -0.00114327 0
433.813 252.014 0.00380268 -3.0758 -1.86936e-05 19.0291 -0.00114327 0
433.313 251.981 0.00380268 -3.07589 -9.3611e-06 19.5298 -0.00114327 0
432.814 251.948 0.00380268 -3.07589 -3.03718e-06 20.0305 -0.00114327 0
