302.822 250.48 2.70908 -3.12907 1.03754e-16 0 -0.00878374 10
302.322 250.473 2.70908 -3.12904 -1.29323e-09 0.5 -0.00878374 10
301.822 250.467 2.70908 -3.12903 -3.1837e-11 1 -0.00878374 10
301.322 250.461 2.70908 -3.12901 3.22712e-10 1.5 -0.00878374 10
300.822 250.455 2.70908 -3.12901 2.01899e-10 2 -0.00878374 10
300.322 250.448 2.70908 -3.12901 -6.99987e-11 2.5 -0.00878374 10
299.822 250.442 2.70908 -3.12902 -2.64716e-10 3 -0.00878374 10
299.322 250.436 2.70908 -3.12903 -2.3895e-10 3.5 -0.00878374 10
298.822 250.429 2.70908 -3.12904 7.73509e-11 4 -0.00878374 10
298.322 250.423 2.70908 -3.12906 6.91915e-10 4.5 -0.00878374 10
297.822 250.417 2.70908 -3.12908 1.5614e-09 5 -0.00878374 10
297.322 250.411 2.70908 -3.1291 2.6028e-09 5.5 -0.00878374 10
296.822 250.404 2.70908 -3.12913 3.70448e-09 6 -0.00878374 10
296.322 250.398 2.70908 -3.12915 4.73759e-09 6.5 -0.00878374 10
295.823 250.392 2.70908 -3.12917 5.56726e-09 7 -0.00878374 10
295.323 250.386 2.70908 -3.12919 6.06469e-09 7.5 -0.00878374 10
294.823 250.379 2.70908 -3.12921 6.114e-09 8 -0.00878374 10
294.323 250.373 2.70908 -3.12922 5.63233e-09 8.5 -0.00878374 10
293.823 250.367 2.70908 -3.12924 4.57225e-09 9 -0.00878374 10
293.323 250.361 2.70908 -3.12924 2.93737e-09 9.5 -0.00878374 10
292.823 250.355 2.70908 -3.12924 7.92886e-10 10 -0.00878374 10
292.323 250.349 2.70908 -3.12924 -1.72341e-09 10.5 -0.00878374 10
291.823 250.342 2.70908 -3.12923 -4.38959e-09 11 -0.00878374 10
291.323 250.336 2.70908 -3.12921 -6.8881e-09 11.5 -0.00878374 10
290.823 250.33 2.70908 -3.12918 -8.79347e-09 12 -0.00878374 10
290.323 250.324 2.70908 -3.12915 -9.55895e-09 12.5 -0.00878374 10
289.823 250.318 2.70908 -3.1291 -8.51227e-09 13 -0.00878374 10
289.323 250.311 2.70908 -3.12905 -4.90799e-09 13.5 -0.00878374 10
288.823 250.305 2.70908 -3.12899 1.84956e-09 14 -0.00878374 10
288.323 250.299 2.70908 -3.12891 1.17194e-08 14.5 -0.00878374 10
287.823 250.292 2.70908 -3.12884 2.3478e-08 15 -0.00878374 0
287.323 250.286 2.70908 -3.12877 3.47216e-08 15.5 -0.00878374 0
286.823 250.28 2.70908 -3.1287 4.28129e-08 16 -0.00878374 0
286.323 250.273 2.70908 -3.12863 4.61607e-08 16.5 -0.00878374 0
285.823 250.267 2.70908 -3.12858 4.47333e-08 17 -0.00878374 0
285.323 250.26 2.70908 -3.12854 3.95602e-08 17.5 -0.00878374 0
284.823 250.254 2.70908 -3.12851 3.19416e-08 18 -0.00878374 0
284.323 250.247 2.70908 -3.12849 2.29959e-08 18.5 -0.00878374 0
283.823 250.241 2.70908 -3.12847 1.35743e-08 19 -0.00878374 0
283.324 250.234 2.70908 -3.12847 4.31512e-09 19.5 -0.00878374 0
282.824 250.227 2.70908 -3.12847 -4.30002e-09 20 -0.00878374 0
282.324 250.221 2.70908 -3.12848 -1.19164e-08 20.5 -0.00878374 0
281.824 250.214 2.70908 -3.1285 -1.82899e-08 21 -0.00878374 0
281.324 250.208 2.70908 -3.12852 -2.32743e-08 21.5 -0.00878374 0
280.824 250.201 2.70908 -3.12855 -2.68103e-08 22 -0.00878374 0
280.324 250.195 2.70908 -3.12858 -2.89139e-08 22.5 -0.00878374 0
279.824 250.188 2.70908 -3.12862 -2.96654e-08 23 -0.00878374 0
279.324 250.182 2.70908 -3.12865 -2.91981e-08 23.5 -0.00878374 0
278.824 250.175 2.70908 -3.12869 -2.7687e-08 24 -0.00878374 0
278.324 250.169 2.70908 -3.12873 -2.53387e-08 24.5 -0.00878374 0
277.824 250.162 2.70908 -3.12877 -2.23756e-08 25 -0.00878374 0
277.324 250.156 2.70908 -3.12881 -1.90335e-08 25.5 -0.00878374 0
276.824 250.15 2.70908 -3.12884 -1.55418e-08 26 -0.00878374 0
276.324 250.143 2.70908 -3.12888 -1.21163e-08 26.5 -0.00878374 0
275.824 250.137 2.70908 -3.12891 -8.94774e-09 27 -0.00878374 0
275.324 250.131 2.70908 -3.12894 -6.1903e-09 27.5 -0.00878374 0
274.824 250.124 2.70908 -3.12896 -3.95025e-09 28 -0.00878374 0
274.324 250.118 2.70908 -3.12898 -2.27494e-09 28.5 -0.00878374 0
273.824 250.112 2.70908 -3.129 -1.1426e-09 29 -0.00878374 0
273.324 250.105 2.70908 -3.129 -4.46583e-10 29.5 -0.00878374 0
272.824 250.099 2.70908 -3.129 -1.24217e-10 30 -0.00878374 0
