297.322 250.411 2.70908 -3.12909 -6.5188e-16 0 -0.00878374 10
296.822 250.404 2.70908 -3.12906 -2.63194e-09 0.5 -0.00878374 10
296.322 250.398 2.70908 -3.12904 -8.22931e-10 1 -0.00878374 10
295.823 250.392 2.70908 -3.12903 -6.31705e-11 1.5 -0.00878374 10
295.323 250.386 2.70908 -3.12902 1.00609e-10 2 -0.00878374 10
294.823 250.379 2.70908 -3.12902 9.51014e-12 2.5 -0.00878374 10
294.323 250.373 2.70908 -3.12903 -8.73996e-11 3 -0.00878374 10
293.823 250.367 2.70908 -3.12904 -3.06994e-11 3.5 -0.00878374 10
293.323 250.36 2.70908 -3.12905 2.65049e-10 4 -0.00878374 10
292.823 250.354 2.70908 -3.12907 8.2178e-10 4.5 -0.00878374 10
292.323 250.348 2.70908 -3.12909 1.60894e-09 5 -0.00878374 10
291.823 250.342 2.70908 -3.12911 2.55496e-09 5.5 -0.00878374 10
291.323 250.335 2.70908 -3.12913 3.55844e-09 6 -0.00878374 10
290.823 250.329 2.70908 -3.12915 4.4993e-09 6.5 -0.00878374 10
290.323 250.323 2.70908 -3.12917 5.25018e-09 7 -0.00878374 10
289.823 250.317 2.70908 -3.12919 5.68752e-09 7.5 -0.00878374 10
289.323 250.31 2.70908 -3.12921 5.70289e-09 8 -0.00878374 10
288.823 250.304 2.70908 -3.12922 5.21433e-09 8.5 -0.00878374 10
288.323 250.298 2.70908 -3.12923 4.17731e-09 9 -0.00878374 10
287.823 250.292 2.70908 -3.12924 2.59644e-09 9.5 -0.00878374 10
287.323 250.286 2.70908 -3.12924 5.36321e-10 10 -0.00878374 10
286.823 250.28 2.70908 -3.12923 -1.867e-09 10.5 -0.00878374 10
286.323 250.273 2.70908 -3.12922 -4.39474e-09 11 -0.00878374 10
285.823 250.267 2.70908 -3.1292 -6.73388e-09 11.5 -0.00878374 10
285.323 250.261 2.70908 -3.12918 -8.46472e-09 12 -0.00878374 10
284.823 250.255 2.70908 -3.12914 -9.04832e-09 12.5 -0.00878374 10
284.323 250.249 2.70908 -3.1291 -7.82262e-09 13 -0.00878374 10
283.823 250.242 2.70908 -3.12904 -4.05678e-09 13.5 -0.00878374 10
283.323 250.236 2.70908 -3.12898 2.82472e-09 14 -0.00878374 10
282.824 250.23 2.70908 -3.12891 1.27579e-08 14.5 -0.00878374 10
282.324 250.223 2.70908 -3.12883 2.45018e-08 15 -0.00878374 0
281.824 250.217 2.70908 -3.12876 3.56518e-08 15.5 -0.00878374 0
281.324 250.211 2.70908 -3.12869 4.35892e-08 16 -0.00878374 0
280.824 250.204 2.70908 -3.12863 4.67525e-08 16.5 -0.00878374 0
280.324 250.198 2.70908 -3.12858 4.51379e-08 17 -0.00878374 0
279.824 250.191 2.70908 -3.12853 3.97925e-08 17.5 -0.00878374 0
279.324 250.185 2.70908 -3.1285 3.20249e-08 18 -0.00878374 0
278.824 250.178 2.70908 -3.12848 2.2955e-08 18.5 -0.00878374 0
278.324 250.172 2.70908 -3.12847 1.34316e-08 19 -0.00878374 0
277.824 250.165 2.70908 -3.12847 4.09348e-09 19.5 -0.00878374 0
277.324 250.158 2.70908 -3.12847 -4.58283e-09 20 -0.00878374 0
276.824 250.152 2.70908 -3.12848 -1.22442e-08 20.5 -0.00878374 0
276.324 250.145 2.70908 -3.1285 -1.86484e-08 21 -0.00878374 0
275.824 250.139 2.70908 -3.12852 -2.36514e-08 21.5 -0.00878374 0
275.324 250.132 2.70908 -3.12855 -2.71957e-08 22 -0.00878374 0
274.824 250.126 2.70908 -3.12858 -2.92991e-08 22.5 -0.00878374 0
274.324 250.119 2.70908 -3.12861 -3.00433e-08 23 -0.00878374 0
273.824 250.113 2.70908 -3.12865 -2.95639e-08 23.5 -0.00878374 0
273.324 250.106 2.70908 -3.12869 -2.80344e-08 24 -0.00878374 0
272.824 250.1 2.70908 -3.12873 -2.56643e-08 24.5 -0.00878374 0
272.324 250.093 2.70908 -3.12876 -2.26786e-08 25 -0.00878374 0
271.824 250.087 2.70908 -3.1288 -1.93111e-08 25.5 -0.00878374 0
271.324 250.081 2.70908 -3.12884 -1.57926e-08 26 -0.00878374 0
270.825 250.074 2.70908 -3.12888 -1.23402e-08 26.5 -0.00878374 0
270.325 250.068 2.70908 -3.12891 -9.14235e-09 27 -0.00878374 0
269.825 250.061 2.70908 -3.12894 -6.35573e-09 27.5 -0.00878374 0
269.325 250.055 2.70908 -3.12896 -4.08651e-09 28 -0.00878374 0
268.825 250.049 2.70908 -3.12898 -2.3792e-09 28.5 -0.00878374 0
268.325 250.042 2.70908 -3.12899 -1.21338e-09 29 -0.00878374 0
267.825 250.036 2.70908 -3.129 -4.83594e-10 29.5 -0.00878374 0
267.325 250.03 2.70908 -3.129 -1.36314e-10 30 -0.00878374 0
