291.823 250.342 2.70908 -3.12909 -2.26852e-14 0 -0.00878374 10
291.323 250.335 2.70908 -3.12907 -2.85392e-09 0.5 -0.00878374 10
290.823 250.329 2.70908 -3.12904 -9.21463e-10 1 -0.00878374 10
290.323 250.323 2.70908 -3.12903 -8.62946e-11 1.5 -0.00878374 10
289.823 250.317 2.70908 -3.12902 1.12672e-10 2 -0.00878374 10
289.323 250.31 2.70908 -3.12902 2.72979e-11 2.5 -0.00878374 10
288.823 250.304 2.70908 -3.12903 -8.84547e-11 3 -0.00878374 10
288.323 250.298 2.70908 -3.12903 -6.75584e-11 3.5 -0.00878374 10
287.823 250.291 2.70908 -3.12905 1.81812e-10 4 -0.00878374 10
287.323 250.285 2.70908 -3.12906 6.87076e-10 4.5 -0.00878374 10
286.823 250.279 2.70908 -3.12908 1.42273e-09 5 -0.00878374 10
286.323 250.273 2.70908 -3.1291 2.32153e-09 5.5 -0.00878374 10
285.823 250.266 2.70908 -3.12912 3.28576e-09 6 -0.00878374 10
285.323 250.26 2.70908 -3.12914 4.19857e-09 6.5 -0.00878374 10
284.823 250.254 2.70908 -3.12916 4.9349e-09 7 -0.00878374 10
284.323 250.248 2.70908 -3.12918 5.37313e-09 7.5 -0.00878374 10
283.823 250.241 2.70908 -3.1292 5.40612e-09 8 -0.00878374 10
283.323 250.235 2.70908 -3.12921 4.95252e-09 8.5 -0.00878374 10
282.824 250.229 2.70908 -3.12922 3.96787e-09 9 -0.00878374 10
282.324 250.223 2.70908 -3.12923 2.45612e-09 9.5 -0.00878374 10
281.824 250.217 2.70908 -3.12923 4.80635e-10 10 -0.00878374 10
281.324 250.211 2.70908 -3.12923 -1.82434e-09 10.5 -0.00878374 10
280.824 250.204 2.70908 -3.12922 -4.24249e-09 11 -0.00878374 10
280.324 250.198 2.70908 -3.1292 -6.46379e-09 11.5 -0.00878374 10
279.824 250.192 2.70908 -3.12917 -8.0724e-09 12 -0.00878374 10
279.324 250.186 2.70908 -3.12913 -8.53404e-09 12.5 -0.00878374 10
278.824 250.18 2.70908 -3.12909 -7.19306e-09 13 -0.00878374 10
278.324 250.173 2.70908 -3.12903 -3.32897e-09 13.5 -0.00878374 10
277.824 250.167 2.70908 -3.12897 3.62285e-09 14 -0.00878374 10
277.324 250.161 2.70908 -3.1289 1.358e-08 14.5 -0.00878374 10
276.824 250.154 2.70908 -3.12883 2.52905e-08 15 -0.00878374 0
276.324 250.148 2.70908 -3.12875 3.63499e-08 15.5 -0.00878374 0
275.824 250.142 2.70908 -3.12868 4.41537e-08 16 -0.00878374 0
275.324 250.135 2.70908 -3.12862 4.71629e-08 16.5 -0.00878374 0
274.824 250.129 2.70908 -3.12857 4.53951e-08 17 -0.00878374 0
274.324 250.122 2.70908 -3.12853 3.99117e-08 17.5 -0.00878374 0
273.824 250.116 2.70908 -3.1285 3.20263e-08 18 -0.00878374 0
273.324 250.109 2.70908 -3.12848 2.28624e-08 18.5 -0.00878374 0
272.824 250.102 2.70908 -3.12847 1.32655e-08 19 -0.00878374 0
272.324 250.096 2.70908 -3.12846 3.87039e-09 19.5 -0.00878374 0
271.824 250.089 2.70908 -3.12847 -4.84604e-09 20 -0.00878374 0
271.324 250.083 2.70908 -3.12848 -1.25337e-08 20.5 -0.00878374 0
270.825 250.076 2.70908 -3.12849 -1.89534e-08 21 -0.00878374 0
270.325 250.07 2.70908 -3.12852 -2.39605e-08 21.5 -0.00878374 0
269.825 250.063 2.70908 -3.12854 -2.75017e-08 22 -0.00878374 0
269.325 250.057 2.70908 -3.12858 -2.95964e-08 22.5 -0.00878374 0
268.825 250.05 2.70908 -3.12861 -3.03252e-08 23 -0.00878374 0
268.325 250.044 2.70908 -3.12865 -2.98268e-08 23.5 -0.00878374 0
267.825 250.037 2.70908 -3.12868 -2.82777e-08 24 -0.00878374 0
267.325 250.031 2.70908 -3.12872 -2.58854e-08 24.5 -0.00878374 0
266.825 250.024 2.70908 -3.12876 -2.28767e-08 25 -0.00878374 0
266.325 250.018 2.70908 -3.1288 -1.94853e-08 25.5 -0.00878374 0
265.825 250.011 2.70908 -3.12884 -1.59443e-08 26 -0.00878374 0
265.325 250.005 2.70908 -3.12887 -1.24703e-08 26.5 -0.00878374 0
264.825 249.999 2.70908 -3.12891 -9.25177e-09 27 -0.00878374 0
264.325 249.992 2.70908 -3.12894 -6.44553e-09 27.5 -0.00878374 0
263.825 249.986 2.70908 -3.12896 -4.15769e-09 28 -0.00878374 0
263.325 249.98 2.70908 -3.12898 -2.43247e-09 28.5 -0.00878374 0
262.825 249.973 2.70908 -3.12899 -1.24989e-09 29 -0.00878374 0
262.325 249.967 2.70908 -3.129 -5.02165e-10 29.5 -0.00878374 0
261.825 249.961 2.70908 -3.129 -1.42339e-10 30 -0.00878374 0
