288.323 250.298 0.998072 -3.12904 -1.07638e-17 0 -0.0802128 9
287.823 250.291 0.998072 -3.12907 1.04345e-09 0.5 -0.0802128 9
287.323 250.285 0.998072 -3.1291 3.92736e-09 1 -0.0802128 9
286.823 250.279 0.998072 -3.12914 7.05095e-09 1.5 -0.0802128 9
286.323 250.273 0.998072 -3.12918 1.01901e-08 2 -0.0802128 9
285.823 250.266 0.998072 -3.12922 1.3111e-08 2.5 -0.0802128 9
285.323 250.26 0.998072 -3.12926 1.55814e-08 3 -0.0802128 9
284.823 250.254 0.998072 -3.12929 1.73816e-08 3.5 -0.0802128 9
284.323 250.248 0.998072 -3.12933 1.83162e-08 4 -0.0802128 9
283.823 250.242 0.998072 -3.12936 1.82249e-08 4.5 -0.0802128 9
283.323 250.236 0.998072 -3.12938 1.69941e-08 5 -0.0802128 9
282.824 250.23 0.998072 -3.1294 1.45677e-08 5.5 -0.0802128 9
282.324 250.223 0.998072 -3.12942 1.0959e-08 6 -0.0802128 9
281.824 250.217 0.998072 -3.12942 6.26179e-09 6.5 -0.0802128 9
281.324 250.211 0.998072 -3.12942 6.64833e-10 7 -0.0802128 9
280.824 250.205 0.998072 -3.12942 -5.52628e-09 7.5 -0.0802128 9
280.324 250.199 0.998072 -3.1294 -1.18452e-08 8 -0.0802128 9
279.824 250.193 0.998072 -3.12938 -1.75996e-08 8.5 -0.0802128 9
279.324 250.187 0.998072 -3.12934 -2.18543e-08 9 -0.0802128 9
278.824 250.181 0.998072 -3.1293 -2.36367e-08 9.5 -0.0802128 9
278.324 250.175 0.998072 -3.12926 -2.24461e-08 10 -0.0802128 9
277.824 250.169 0.998072 -3.12921 -1.87294e-08 10.5 -0.0802128 9
277.324 250.162 0.998072 -3.12917 -1.37785e-08 11 -0.0802128 9
276.824 250.156 0.998072 -3.12913 -8.99416e-09 11.5 -0.0802128 9
276.324 250.15 0.998072 -3.1291 -5.23731e-09 12 -0.0802128 9
275.824 250.144 2.70908 -3.12908 -2.71398e-09 12.5 -0.00878374 0
275.324 250.137 2.70908 -3.12906 -1.23125e-09 13 -0.00878374 0
274.824 250.131 2.70908 -3.12905 -4.72503e-10 13.5 -0.00878374 0
274.324 250.125 2.70908 -3.12904 -1.44544e-10 14 -0.00878374 0
273.824 250.119 2.70908 -3.12904 -2.43167e-11 14.5 -0.00878374 0
273.324 250.112 2.70908 -3.12904 4.25873e-11 15 -0.00878374 0
272.824 250.106 2.70908 -3.12905 1.41641e-10 15.5 -0.00878374 0
272.324 250.1 2.70908 -3.12906 3.09378e-10 16 -0.00878374 0
271.824 250.093 2.70908 -3.12907 5.40015e-10 16.5 -0.00878374 0
271.324 250.087 2.70908 -3.12908 7.97841e-10 17 -0.00878374 0
270.824 250.081 2.70908 -3.12909 1.02763e-09 17.5 -0.00878374 0
270.324 250.075 2.70908 -3.1291 1.17001e-09 18 -0.00878374 0
269.825 250.068 2.70908 -3.12911 1.16432e-09 18.5 -0.00878374 0
269.325 250.062 2.70908 -3.12911 9.67749e-10 19 -0.00878374 0
268.825 250.056 2.70908 -3.12911 5.66542e-10 19.5 -0.00878374 0
268.325 250.05 0 -3.12911 1.94944e-10 20 0 0
