288.323 250.298 0.99767 -3.12903 -1.07638e-17 0 -0.107572 10
287.823 250.291 0.99767 -3.12901 6.90388e-10 0.5 -0.107572 10
287.323 250.285 0.99767 -3.12899 1.1107e-09 1 -0.107572 10
286.823 250.279 0.99767 -3.12898 9.64002e-10 1.5 -0.107572 10
286.323 250.272 0.99767 -3.12898 5.42261e-10 2 -0.107572 10
285.823 250.266 0.99767 -3.12898 5.38135e-11 2.5 -0.107572 10
285.323 250.26 0.99767 -3.12898 -3.65248e-10 3 -0.107572 10
284.823 250.254 0.99767 -3.12898 -6.40142e-10 3.5 -0.107572 10
284.323 250.247 0.99767 -3.12899 -7.45795e-10 4 -0.107572 10
283.823 250.241 0.99767 -3.129 -6.9574e-10 4.5 -0.107572 10
283.324 250.235 0.99767 -3.12901 -5.30833e-10 5 -0.107572 10
282.824 250.228 0.99767 -3.12902 -3.08154e-10 5.5 -0.107572 10
282.324 250.222 0.99767 -3.12903 -8.95262e-11 6 -0.107572 10
281.824 250.216 0.99767 -3.12904 6.9528e-11 6.5 -0.107572 10
281.324 250.21 0.99767 -3.12905 1.31257e-10 7 -0.107572 10
280.824 250.203 0.99767 -3.12905 8.71072e-11 7.5 -0.107572 10
280.324 250.197 0.99767 -3.12905 -3.04094e-11 8 -0.107572 10
279.824 250.191 0.99767 -3.12904 -1.3915e-10 8.5 -0.107572 10
279.324 250.184 0.99767 -3.12903 -1.16592e-10 9 -0.107572 10
278.824 250.178 0.99767 -3.12902 1.44925e-10 9.5 -0.107572 10
278.324 250.172 0.99767 -3.12901 6.3251e-10 10 -0.107572 10
277.824 250.166 0.99767 -3.12899 1.14977e-09 10.5 -0.107572 10
277.324 250.159 0.99767 -3.12898 1.39897e-09 11 -0.107572 10
276.824 250.153 0.99767 -3.12897 1.20156e-09 11.5 -0.107569 0
276.324 250.147 0.99767 -3.12896 6.15617e-10 12 -0.107569 0
275.824 250.14 0.99767 -3.12896 -1.35072e-10 12.5 -0.107569 0
275.324 250.134 0.99767 -3.12897 -8.09171e-10 13 -0.107569 0
274.824 250.128 0.99767 -3.12898 -1.23648e-09 13.5 -0.107569 0
274.324 250.121 0.99767 -3.12899 -1.33278e-09 14 -0.107569 0
273.824 250.115 0.99767 -3.12901 -1.08521e-09 14.5 -0.107569 0
273.324 250.109 0.99767 -3.12903 -5.30246e-10 15 -0.107569 0
272.824 250.103 0.99767 -3.12905 2.51014e-10 15.5 -0.107569 0
272.324 250.096 0.99767 -3.12907 1.15375e-09 16 -0.107569 0
271.824 250.09 0.99767 -3.12909 2.05611e-09 16.5 -0.107569 0
271.324 250.084 0.99767 -3.12911 2.83158e-09 17 -0.107569 0
270.824 250.078 0.99767 -3.12913 3.35928e-09 17.5 -0.107569 0
270.325 250.071 0.99767 -3.12915 3.53936e-09 18 -0.107569 0
269.825 250.065 0.99767 -3.12916 3.29573e-09 18.5 -0.107569 0
269.325 250.059 0.99767 -3.12917 2.5952e-09 19 -0.107569 0
268.825 250.053 0.99767 -3.12918 1.45859e-09 19.5 -0.107569 0
268.325 250.046 0 -3.12918 4.9407e-10 20 0 0
