0
0
-9.32268e-13
9.09423e-13
0
0
0
-8.86578e-13
9.09423e-13
0
0
-2.28453e-14
2.28453e-14
-2.28453e-14
0
2.28453e-14
0
0
0
0
-9.09423e-13
9.09423e-13
0
0
-2.28453e-14
0
-2.28453e-14
0
0
-2.28453e-14
0
-2.28453e-14
-2.28453e-14
-2.28453e-14
-4.56906e-14
-2.28453e-14
-2.28453e-14
0
-4.56906e-14
0
-2.28453e-14
-2.28453e-14
8.86578e-13
-9.09423e-13
0
0
9.09423e-13
-9.09423e-13
-2.28453e-14
9.32268e-13
-9.09423e-13
0
2.28453e-14
8.86578e-13
-8.86578e-13
2.28453e-14
2.28453e-14
0
4.56906e-14
2.28453e-14
2.28453e-14
2.28453e-14
4.56906e-14
2.28453e-14
2.28453e-14
2.28453e-14
2.28453e-14
0
2.28453e-14
0
0
2.28453e-14
-2.28453e-14
0
-9.09423e-13
9.09423e-13
0
-9.09423e-13
9.09423e-13
-2.28453e-14
0
0
-9.32268e-13
9.09423e-13
0
0
0
-8.86578e-13
9.32268e-13
0
-8.86578e-13
9.32268e-13
4.56906e-14
2.28453e-14
-9.09423e-13
2.28453e-14
9.09423e-13
0
0
0
-9.32268e-13
9.09423e-13
0
-4.56906e-14
0
-9.09423e-13
8.86578e-13
-4.56906e-14
-9.09423e-13
8.86578e-13
-2.28453e-14
-4.56906e-14
-4.56906e-14
-2.28453e-14
-6.85359e-14
-2.28453e-14
-4.56906e-14
-4.56906e-14
-2.28453e-14
-2.28453e-14
-2.28453e-14
8.86578e-13
-2.28453e-14
-9.09423e-13
0
0
0
9.09423e-13
0
-8.86578e-13
2.28453e-14
0
9.32268e-13
0
-8.86578e-13
0
2.28453e-14
0
2.28453e-14
0
9.32268e-13
-9.09423e-13
2.28453e-14
9.32268e-13
-9.09423e-13
0
2.28453e-14
0
9.32268e-13
-8.86578e-13
0
2.28453e-14
0
2.28453e-14
0
2.28453e-14
0
0
0
0
0
0
0
0
2.28453e-14
-2.28453e-14
0
0
0
0
0
-2.28453e-14
0
0
0
0
-2.28453e-14
2.28453e-14
0
-2.28453e-14
2.28453e-14
0
0
0
0
0
0
0
-2.28453e-14
0
2.28453e-14
0
0
0
0
-2.28453e-14
0
0
-2.28453e-14
0
0
0
2.28453e-14
0
0
0
0
0
0
2.28453e-14
0
0
0
0
0
0
0
0
0
-2.28453e-14
2.28453e-14
0
2.28453e-14
-2.28453e-14
0
0
0
0
0
0
0
0
0
-2.28453e-14
2.28453e-14
-2.28453e-14
2.28453e-14
0
0
0
0
0
0
0
0
0
0
0
0
0
0
0
0
0
0
0
-2.28453e-14
2.28453e-14
0
0
-2.28453e-14
2.28453e-14
0
8.86578e-13
-8.86578e-13
0
0
0
0
0
0
0
0
0
0
0
0
0
2.28453e-14
-2.28453e-14
0
0
0
0
0
0
0
2.28453e-14
-2.28453e-14
2.28453e-14
0
0
0
0
0
2.28453e-14
-2.28453e-14
2.28453e-14
-2.28453e-14
0
0
0
0
0
0
0
-2.28453e-14
2.28453e-14
-2.28453e-14
0
0
0
0
-2.28453e-14
0
0
0
0
0
0
0
0
0
0
0
0
0
2.28453e-14
2.28453e-14
-2.28453e-14
2.28453e-14
0
0
0
2.28453e-14
0
0
0
0
0
2.28453e-14
0
-2.28453e-14
0
9.09423e-13
-9.09423e-13
0
0
0
0
0
-2.28453e-14
2.28453e-14
-2.28453e-14
0
0
0
0
-4.56906e-14
2.28453e-14
-2.28453e-14
0
2.28453e-14
-2.28453e-14
0
0
0
0
0
0
0
0
0
-2.28453e-14
2.28453e-14
-2.28453e-14
2.28453e-14
0
0
0
0
-2.28453e-14
2.28453e-14
0
0
0
0
0
0
0
0
0
0
0
2.28453e-14
-4.56906e-14
4.56906e-14
8.86578e-13
-9.09423e-13
-2.28453e-14
-2.28453e-14
0
0
0
2.28453e-14
0
-2.28453e-14
2.28453e-14
0
-2.28453e-14
2.28453e-14
0
-2.28453e-14
0
2.28453e-14
0
0
0
0
-2.28453e-14
0
-2.28453e-14
0
0
0
0
0
2.28453e-14
0
2.28453e-14
-4.56906e-14
2.28453e-14
0
0
0
2.28453e-14
-2.28453e-14
0
0
-2.28453e-14
2.28453e-14
0
0
0
0
0
0
2.28453e-14
-2.28453e-14
0
0
0
2.28453e-14
0
-2.28453e-14
0
0
0
-2.28453e-14
0
0
0
0
2.28453e-14
0
0
-2.28453e-14
2.28453e-14
-2.28453e-14
2.28453e-14
2.28453e-14
0
0
0
0
0
0
0
0
0
2.28453e-14
-2.28453e-14
0
2.28453e-14
0
9.09423e-13
-2.28453e-14
2.28453e-14
2.28453e-14
-2.28453e-14
2.28453e-14
-2.28453e-14
2.28453e-14
0
0
2.28453e-14
0
0
-2.28453e-14
0
2.28453e-14
0
0
0
2.28453e-14
0
0
0
0
0
0
0
-2.28453e-14
2.28453e-14
0
0
0
-9.09423e-13
9.09423e-13
0
0
-2.28453e-14
2.28453e-14
-2.28453e-14
0
0
0
-2.28453e-14
0
0
0
0
0
0
0
-2.28453e-14
0
-2.28453e-14
0
0
9.09423e-13
-9.09423e-13
2.28453e-14
-2.28453e-14
0
-2.28453e-14
0
0
-2.28453e-14
2.28453e-14
0
0
0
2.28453e-14
-2.28453e-14
0
0
2.28453e-14
-2.28453e-14
-8.86578e-13
0
9.09423e-13
-9.09423e-13
0
0
0
-9.09423e-13
9.09423e-13
0
0
2.28453e-14
2.28453e-14
0
0
2.28453e-14
-2.28453e-14
0
0
0
0
-2.28453e-14
4.56906e-14
-2.28453e-14
2.28453e-14
0
0
0
0
2.28453e-14
-2.28453e-14
0
0
0
0
0
-2.28453e-14
0
0
0
0
0
0
0
0
0
0
0
0
-2.28453e-14
4.56906e-14
-2.28453e-14
0
4.56906e-14
-2.28453e-14
2.28453e-14
0
0
0
0
4.56906e-14
-2.28453e-14
2.28453e-14
0
0
0
0
0
0
0
-8.86578e-13
8.86578e-13
0
0
0
0
0
0
0
-2.28453e-14
2.28453e-14
0
2.28453e-14
0
0
-2.28453e-14
-2.28453e-14
-2.28453e-14
2.28453e-14
-4.56906e-14
4.56906e-14
-2.28453e-14
0
0
0
0
-2.28453e-14
4.56906e-14
-2.28453e-14
0
0
0
0
0
0
0
0
0
0
-2.28453e-14
0
2.28453e-14
-4.56906e-14
2.28453e-14
0
0
0
-2.28453e-14
0
0
0
0
0
2.28453e-14
0
2.28453e-14
-4.56906e-14
2.28453e-14
-2.28453e-14
0
2.28453e-14
0
-2.28453e-14
2.28453e-14
0
0
0
0
-2.28453e-14
-8.86578e-13
8.86578e-13
2.28453e-14
0
2.28453e-14
0
-2.28453e-14
2.28453e-14
-2.28453e-14
-2.28453e-14
4.56906e-14
-2.28453e-14
2.28453e-14
0
-2.28453e-14
2.28453e-14
-2.28453e-14
9.32268e-13
-9.09423e-13
2.28453e-14
0
2.28453e-14
0
0
2.28453e-14
-2.28453e-14
0
2.28453e-14
-4.56906e-14
-2.28453e-14
-8.86578e-13
2.28453e-14
0
2.28453e-14
-2.28453e-14
-8.40887e-13
-9.09423e-13
0
0
-2.28453e-14
0
2.28453e-14
-4.56906e-14
-8.86578e-13
-2.28453e-14
9.32268e-13
0
-8.86578e-13
9.09423e-13
-9.32268e-13
8.86578e-13
0
-2.28453e-14
2.28453e-14
9.09423e-13
0
9.09423e-13
9.09423e-13
2.28453e-14
8.63732e-13
9.09423e-13
1.77316e-12
2.28453e-14
8.86578e-13
0
0
0
-2.28453e-14
-2.28453e-14
-9.09423e-13
-1.77316e-12
-2.75111e-12
-1.81885e-12
-3.66054e-12
-2.68258e-12
-4.56996e-12
-4.52427e-12
-5.47938e-12
-6.32027e-12
-6.41165e-12
-6.36596e-12
-7.25254e-12
-7.22969e-12
-8.18481e-12
-6.32027e-12
-6.34312e-12
-5.41085e-12
-2.68258e-12
-1.77316e-12
6.85359e-14
2.76254e-12
5.47938e-12
1.00379e-11
1.27662e-11
1.72905e-11
2.27584e-11
2.64075e-11
3.27164e-11
3.72521e-11
4.18335e-11
4.71986e-11
5.08363e-11
5.44854e-11
5.71908e-11
5.8066e-11
5.80203e-11
5.62015e-11
5.16658e-11
4.43218e-11
3.61256e-11
2.5224e-11
9.74093e-12
-8.4361e-12
-3.02394e-11
-5.48053e-11
-8.20423e-11
-1.1294e-10
-1.47464e-10
-1.81942e-10
-2.21024e-10
-2.5906e-10
-2.96346e-10
-3.34382e-10
-3.6878e-10
-4.00542e-10
-4.24947e-10
-4.44829e-10
-4.53752e-10
-4.5274e-10
-4.37097e-10
-4.06972e-10
-3.61352e-10
-2.93998e-10
-2.07488e-10
-9.8346e-11
3.35432e-11
1.89941e-10
3.69881e-10
5.74387e-10
8.00605e-10
1.04771e-09
1.31203e-09
1.58987e-09
1.87674e-09
2.16358e-09
2.44751e-09
2.7179e-09
2.96442e-09
3.17639e-09
3.34285e-09
3.45014e-09
3.48381e-09
3.43376e-09
3.2801e-09
3.01473e-09
2.61925e-09
2.08305e-09
1.39325e-09
5.43599e-10
-4.74931e-10
-1.66601e-09
-3.02951e-09
-4.56101e-09
-6.24939e-09
-8.08198e-09
-1.00342e-08
-1.20815e-08
-1.41856e-08
-1.63038e-08
-1.83862e-08
-2.03735e-08
-2.21976e-08
-2.37877e-08
-2.50621e-08
-2.59333e-08
-2.63098e-08
-2.60978e-08
-2.52004e-08
-2.35212e-08
-2.09648e-08
-1.7447e-08
-1.2886e-08
-7.21189e-09
-3.74932e-10
7.65914e-09
1.69022e-08
2.73383e-08
3.89184e-08
5.15622e-08
6.51496e-08
7.95169e-08
9.44564e-08
1.09715e-07
1.24986e-07
1.39916e-07
1.541e-07
1.67084e-07
1.78369e-07
1.8741e-07
1.93631e-07
1.96418e-07
1.95145e-07
1.89169e-07
1.77853e-07
1.60577e-07
1.36752e-07
1.05845e-07
6.73904e-08
2.10198e-08
-3.35261e-08
-9.63632e-08
-1.67444e-07
-2.46539e-07
-3.33204e-07
-4.26764e-07
-5.26286e-07
-6.30569e-07
-7.3812e-07
-8.47141e-07
-9.55528e-07
-1.06086e-06
-1.16041e-06
-1.25115e-06
-1.32977e-06
-1.39271e-06
-1.43617e-06
-1.4562e-06
-1.44871e-06
-1.40956e-06
-1.33463e-06
-1.2199e-06
-1.06156e-06
-8.56107e-07
-6.00443e-07
-2.92031e-07
7.09979e-08
4.89706e-07
9.64207e-07
1.49353e-06
2.07549e-06
2.70654e-06
3.38165e-06
4.09421e-06
4.83591e-06
5.59666e-06
6.36454e-06
7.12576e-06
7.86467e-06
8.56377e-06
9.20381e-06
9.76384e-06
1.02215e-05
1.0553e-05
1.07336e-05
1.07379e-05
1.054e-05
1.01141e-05
9.43496e-06
8.47837e-06
7.22172e-06
5.64467e-06
3.72975e-06
1.4631e-06
-1.16485e-06
-4.15859e-06
-7.51687e-06
-1.12319e-05
-1.52886e-05
-1.9664e-05
-2.43266e-05
-2.92358e-05
-3.43412e-05
-3.95826e-05
-4.48894e-05
-5.01806e-05
-5.53649e-05
-6.03406e-05
-6.49964e-05
-6.92114e-05
-7.28567e-05
-7.57956e-05
-7.78853e-05
-7.89783e-05
-7.89242e-05
-7.75716e-05
-7.47703e-05
-7.03737e-05
-6.42418e-05
-5.62435e-05
-4.62603e-05
-3.41887e-05
-1.99443e-05
-3.46468e-06
1.52871e-05
3.63191e-05
5.96069e-05
8.50906e-05
0.000112672
0.000142211
0.000173524
0.000206381
0.000240503
0.000275564
0.000311186
0.00034694
0.000382348
0.000416885
0.000449975
0.000481
0.000509302
0.000534182
0.000554913
0.00057074
0.000580889
0.000584574
0.000581004
0.000569394
0.000548974
0.000518998
0.000478755
0.000427582
0.000364874
0.000290094
0.000202789
0.000102599
-1.07299e-05
-0.000137334
-0.000277223
-0.000430263
-0.000596174
-0.000774516
-0.000964681
-0.00116589
-0.00137716
-0.00159737
-0.00182515
-0.00205898
-0.00229713
-0.00253768
-0.00277853
-0.00301739
-0.00325179
-0.00347909
-0.00369651
-0.00390112
-0.00408986
-0.00425955
-0.00440693
-0.00452867
-0.00462138
-0.00468164
-0.00470604
-0.00469118
-0.0046337
-0.00453033
-0.00437785
-0.0041732
-0.00391343
-0.00359575
-0.00321754
-0.00277636
-0.00226996
-0.00169631
-0.00105356
-0.00034008
0.000445573
0.00130465
0.00223821
0.00324717
0.00433229
0.00549423
0.00673354
0.00805069
0.00944612
0.0109203
0.0124736
0.0141066
0.0158197
0.0176138
0.0194895
0.0214478
0.0234896
0.0256164
0.0278293
0.0301299
0.0325198
0.0350008
0.0375745
0.0402426
0.0430066
0.0458679
0.0488273
0.0518851
0.0550409
0.0582934
0.0616399
0.0650765
0.0685974
0.072195
0.0758596
0.0795791
0.0833598
0.0867904
0.0889553
0.0899714
0.0908634
0.091804
0.0927965
0.0938354
0.0949142
0.0960255
0.0971609
0.0983113
0.0994669
0.100617
0.101751
0.102857
0.103925
0.104941
0.105896
0.106778
0.107576
0.108282
0.108887
0.109382
0.109763
0.110024
0.110162
0.110174
0.110061
0.109822
0.10946
0.108977
0.108376
0.107662
0.106839
0.105912
0.104888
0.103775
0.103203
0.103138
0.102797
0.101109
0.0978783
0.093033
0.0866473
0.0793624
0.0721438
0.0650456
0.0582054
0.0517069
0.0456033
0.0325376
0.032941
0.0330226
0.0327399
0.0320564
0.0309442
0.0293868
0.0273812
0.0249399
0.0220909
0.0187952
0.0158715
0.0138548
0.0126839
0.0116905
0.010725
0.00975427
0.00878108
0.00780887
0.00684169
0.00588407
0.00494092
0.0040174
0.00311875
0.00225016
0.00141662
0.000622807
-0.000127014
-0.00082908
-0.00148019
-0.00207776
-0.00261982
-0.00310506
-0.00353278
-0.0039029
-0.00421592
-0.00447287
-0.00467528
-0.00482512
-0.00492472
-0.00497679
-0.00498426
-0.00495031
-0.00487829
-0.00477166
-0.00463396
-0.00446876
-0.00427962
-0.00407006
-0.00384352
-0.00360336
-0.0033528
-0.00309489
-0.00283256
-0.00256854
-0.00230535
-0.00204535
-0.00179065
-0.00154319
-0.00130466
-0.00107655
-0.000860145
-0.000656503
-0.000466485
-0.000290752
-0.00012977
1.61759e-05
0.000146974
0.000262674
0.000363476
0.000449718
0.00052186
0.000580474
0.000626225
0.000659861
0.000682198
0.000694102
0.00069648
0.000690266
0.000676403
0.000655839
0.00062951
0.00059833
0.000563185
0.000524924
0.000484347
0.000442209
0.000399203
0.000355967
0.000313075
0.000271039
0.000230306
0.000191259
0.000154222
0.000119454
8.71594e-05
5.74876e-05
3.05368e-05
6.3581e-06
-1.50397e-05
-3.36862e-05
-4.9645e-05
-6.30087e-05
-7.38951e-05
-8.24423e-05
-8.8805e-05
-9.31503e-05
-9.56541e-05
-9.64977e-05
-9.58648e-05
-9.39385e-05
-9.0899e-05
-8.69212e-05
-8.2173e-05
-7.68139e-05
-7.09935e-05
-6.48506e-05
-5.85123e-05
-5.2094e-05
-4.56985e-05
-3.94166e-05
-3.33266e-05
-2.74951e-05
-2.1977e-05
-1.68162e-05
-1.20463e-05
-7.69133e-06
-3.76614e-06
-2.77629e-07
2.77463e-06
5.39753e-06
7.60356e-06
9.41003e-06
1.08382e-05
1.19126e-05
1.26601e-05
1.31095e-05
1.32907e-05
1.32343e-05
1.29706e-05
1.25297e-05
1.19409e-05
1.12322e-05
1.04301e-05
9.55935e-06
8.64289e-06
7.7015e-06
6.75384e-06
5.8164e-06
4.90346e-06
4.02713e-06
3.19745e-06
2.42242e-06
1.70813e-06
1.05892e-06
4.77474e-07
-3.49962e-08
-4.78589e-07
-8.54577e-07
-1.16523e-06
-1.41364e-06
-1.6036e-06
-1.73941e-06
-1.82579e-06
-1.8677e-06
-1.87027e-06
-1.83863e-06
-1.77788e-06
-1.693e-06
-1.58869e-06
-1.46947e-06
-1.33948e-06
-1.20254e-06
-1.0621e-06
-9.21213e-07
-7.82545e-07
-6.48362e-07
-5.20568e-07
-4.00672e-07
-2.89853e-07
-1.88966e-07
-9.85531e-08
-1.89039e-08
4.9953e-08
1.08168e-07
1.56113e-07
1.94262e-07
2.23245e-07
2.43765e-07
2.56601e-07
2.62568e-07
2.62507e-07
2.57262e-07
2.47658e-07
2.34495e-07
2.18538e-07
2.00492e-07
1.81011e-07
1.6069e-07
1.40048e-07
1.19553e-07
9.95867e-08
8.04943e-08
6.25247e-08
4.58881e-08
3.07316e-08
1.71534e-08
5.20722e-09
-5.09774e-09
-1.3783e-08
-2.0906e-08
-2.65388e-08
-3.07895e-08
-3.37601e-08
-3.55823e-08
-3.6379e-08
-3.62865e-08
-3.54379e-08
-3.39546e-08
-3.19719e-08
-2.95978e-08
-2.69434e-08
-2.4102e-08
-2.11736e-08
-1.82197e-08
-1.53198e-08
-1.25189e-08
-9.87413e-09
-7.40915e-09
-5.1536e-09
-3.13319e-09
-1.34356e-09
2.03576e-10
1.50032e-09
2.57806e-09
3.42557e-09
4.07092e-09
4.52228e-09
4.80793e-09
4.93716e-09
4.93841e-09
4.82654e-09
4.62377e-09
4.3432e-09
4.01158e-09
3.63843e-09
3.23778e-09
2.83004e-09
2.4183e-09
2.0156e-09
1.62863e-09
1.26225e-09
9.31162e-10
6.23868e-10
3.49519e-10
1.17418e-10
-8.77583e-11
-2.56887e-10
-3.90823e-10
-4.95863e-10
-5.70215e-10
-6.24792e-10
-6.53201e-10
-6.61918e-10
-6.47305e-10
-6.2762e-10
-5.95601e-10
-5.51359e-10
-5.01315e-10
-4.48211e-10
-3.92144e-10
-3.35001e-10
-2.80393e-10
-2.25701e-10
-1.75515e-10
-1.33486e-10
-8.87155e-11
-5.40031e-11
-1.75411e-11
9.827e-12
3.1559e-11
5.05351e-11
6.39581e-11
7.45146e-11
8.04827e-11
8.44798e-11
8.66721e-11
8.50331e-11
8.33941e-11
7.52787e-11
7.0801e-11
6.34843e-11
5.61677e-11
4.79279e-11
4.32288e-11
3.31426e-11
2.93529e-11
1.91974e-11
1.6331e-11
8.91753e-12
2.38584e-12
3.19841e-12
-5.63622e-13
-3.40244e-12
-6.22742e-12
-8.14301e-12
-1.08988e-11
-8.26749e-12
-1.19465e-11
-1.10786e-11
-1.1988e-11
-9.31519e-12
-1.11063e-11
-6.61468e-12
-9.27369e-12
-6.57319e-12
-4.74058e-12
-5.60847e-12
-1.06153e-12
-2.88031e-12
-4.65759e-12
-1.90176e-12
-1.0062e-12
-9.64712e-13
8.54067e-13
8.54067e-13
-1.84644e-12
2.71434e-12
9.2322e-13
2.72817e-12
-1.77729e-12
1.81878e-12
2.76614e-14
1.38307e-14
9.2322e-13
1.86027e-12
1.81878e-12
9.64712e-13
6.37956e-12
-2.68668e-12
1.84644e-12
9.50882e-13
1.83261e-12
-8.95559e-13
9.37051e-13
2.70051e-12
2.76966e-12
1.38307e-14
3.66522e-12
-8.81728e-13
4.56078e-12
2.72817e-12
9.2322e-13
8.95559e-13
1.84644e-12
2.742e-12
-8.95559e-13
3.63756e-12
9.2322e-13
9.0939e-13
1.81878e-12
9.2322e-13
-1.83261e-12
0
-9.0939e-13
-9.0939e-13
8.95559e-13
-4.56078e-12
9.0939e-13
-3.65139e-12
-9.2322e-13
-8.21217e-12
-3.69288e-12
-9.14922e-12
-3.69288e-12
-7.33044e-12
-1.00448e-11
-1.28144e-11
-1.09818e-11
-1.01001e-11
-1.1905e-11
-1.73752e-11
-1.28421e-11
-1.82984e-11
-1.7389e-11
-1.64658e-11
-1.7389e-11
-2.10404e-11
-1.83399e-11
-1.83123e-11
-1.74167e-11
-1.92217e-11
-1.7389e-11
-1.64658e-11
-1.6452e-11
-1.19327e-11
-1.27729e-11
-9.17688e-12
-5.49783e-12
-2.742e-12
5.47017e-12
6.42105e-12
1.28283e-11
1.37515e-11
2.65244e-11
2.74753e-11
3.66384e-11
4.39273e-11
5.12854e-11
5.95114e-11
7.04794e-11
7.96563e-11
9.06381e-11
1.01592e-10
1.09874e-10
1.20869e-10
1.33656e-10
1.43756e-10
1.5471e-10
1.6481e-10
1.77597e-10
1.87697e-10
1.95014e-10
2.06905e-10
2.18796e-10
2.25204e-10
2.31611e-10
2.34394e-10
2.40788e-10
2.44439e-10
2.44453e-10
2.45321e-10
2.38983e-10
2.35276e-10
2.26168e-10
2.1695e-10
2.01407e-10
1.83095e-10
1.61145e-10
1.36398e-10
1.08055e-10
7.41585e-11
3.29593e-11
3.29593e-11
