452.829 250.876 5 -3.12903 0 -1.95592e-12 0
452.579 250.873 5 -3.12903 0 -1.95592e-12 0.25
452.329 250.869 5 -3.12903 0 -1.95592e-12 0.5
452.079 250.866 5 -3.12903 0 9.13812e-14 0.75
451.829 250.863 5 -3.12903 0 5.50223e-12 1
451.579 250.86 5 -3.12903 0 -3.82045e-12 1.25
451.329 250.857 5 -3.12903 0 -1.77316e-12 1.5
451.079 250.854 5 -3.12903 0 7.36676e-12 1.75
450.829 250.851 5 -3.12903 0 -1.77316e-12 2
450.579 250.847 5 -3.12903 0 -3.63769e-12 2.25
450.329 250.844 5 -3.12903 0 -1.95592e-12 2.5
450.079 250.841 5 -3.12903 0 9.13812e-14 2.75
449.829 250.838 5 -3.12903 0 5.50223e-12 3
449.579 250.835 5 -3.12903 0 -3.82045e-12 3.25
449.329 250.832 5 -3.12903 0 -1.77316e-12 3.5
449.079 250.829 5 -3.12903 0 7.36676e-12 3.75
448.829 250.826 5 -3.12903 0 -1.77316e-12 4
448.579 250.822 5 -3.12903 0 -3.63769e-12 4.25
448.329 250.819 5 -3.12903 0 -1.95592e-12 4.5
448.079 250.816 5 -3.12903 0 9.13812e-14 4.75
447.829 250.813 5 -3.12903 0 5.50223e-12 5
447.579 250.81 5 -3.12903 0 -3.82045e-12 5.25
447.329 250.807 5 -3.12903 0 -1.77316e-12 5.5
447.079 250.804 5 -3.12903 0 7.36676e-12 5.75
446.829 250.8 5 -3.12903 0 -1.77316e-12 6
446.579 250.797 5 -3.12903 0 -3.63769e-12 6.25
446.329 250.794 5 -3.12903 0 -1.95592e-12 6.5
446.079 250.791 5 -3.12903 0 9.13812e-14 6.75
445.829 250.788 5 -3.12903 0 5.50223e-12 7
445.579 250.785 5 -3.12903 0 -3.82045e-12 7.25
445.329 250.782 5 -3.12903 0 -1.77316e-12 7.5
445.079 250.778 5 -3.12903 0 7.36676e-12 7.75
444.829 250.775 5 -3.12903 0 -1.77316e-12 8
444.579 250.772 5 -3.12903 0 -3.63769e-12 8.25
444.329 250.769 5 -3.12903 0 -1.95592e-12 8.5
444.08 250.766 5 -3.12903 0 9.13812e-14 8.75
443.83 250.763 5 -3.12903 0 5.50223e-12 9
443.58 250.76 5 -3.12903 0 -3.82045e-12 9.25
443.33 250.756 5 -3.12903 0 -1.77316e-12 9.5
443.08 250.753 5 -3.12903 0 7.36676e-12 9.75
442.83 250.75 5 -3.12903 0 -1.77316e-12 10
442.58 250.747 5 -3.12903 0 -3.63769e-12 10.25
442.33 250.744 5 -3.12903 0 -1.95592e-12 10.5
442.08 250.741 5 -3.12903 0 9.13812e-14 10.75
441.83 250.738 5 -3.12903 0 5.50223e-12 11
441.58 250.734 5 -3.12903 0 -3.82045e-12 11.25
441.33 250.731 5 -3.12903 0 -1.77316e-12 11.5
441.08 250.728 5 -3.12903 0 7.36676e-12 11.75
440.83 250.725 5 -3.12903 0 -1.77316e-12 12
440.58 250.722 5 -3.12903 0 -3.63769e-12 12.25
440.33 250.719 5 -3.12903 0 -1.95592e-12 12.5
440.08 250.716 5 -3.12903 0 9.13812e-14 12.75
439.83 250.712 5 -3.12903 0 5.50223e-12 13
439.58 250.709 5 -3.12903 0 -3.82045e-12 13.25
439.33 250.706 5 -3.12903 0 -1.77316e-12 13.5
439.08 250.703 5 -3.12903 0 7.36676e-12 13.75
438.83 250.7 5 -3.12903 0 -1.77316e-12 14
438.58 250.697 5 -3.12903 0 -3.63769e-12 14.25
438.33 250.694 5 -3.12903 0 -1.95592e-12 14.5
438.08 250.691 5 -3.12903 0 9.13812e-14 14.75
437.83 250.687 5 -3.12903 0 5.50223e-12 15
437.58 250.684 5 -3.12903 0 -3.82045e-12 15.25
437.33 250.681 5 -3.12903 0 -1.77316e-12 15.5
437.08 250.678 5 -3.12903 0 7.36676e-12 15.75
436.83 250.675 5 -3.12903 0 -1.77316e-12 16
436.58 250.672 5 -3.12903 0 -3.63769e-12 16.25
436.33 250.669 5 -3.12903 0 -1.95592e-12 16.5
436.08 250.665 5 -3.12903 0 9.13812e-14 16.75
435.83 250.662 5 -3.12903 0 5.50223e-12 17
435.58 250.659 5 -3.12903 0 -3.82045e-12 17.25
435.33 250.656 5 -3.12903 0 -1.77316e-12 17.5
435.08 250.653 5 -3.12903 0 7.36676e-12 17.75
434.83 250.65 5 -3.12903 0 -1.77316e-12 18
434.58 250.647 5 -3.12903 0 -3.63769e-12 18.25
434.33 250.643 5 -3.12903 0 -1.95592e-12 18.5
434.08 250.64 5 -3.12903 0 9.13812e-14 18.75
433.83 250.637 5 -3.12903 0 5.50223e-12 19
433.58 250.634 5 -3.12903 0 -3.82045e-12 19.25
433.33 250.631 5 -3.12903 0 -1.77316e-12 19.5
433.08 250.628 5 -3.12903 0 7.36676e-12 19.75
432.83 250.625 5 -3.12903 0 -1.77316e-12 20
432.58 250.621 5 -3.12903 0 -3.63769e-12 20.25
432.33 250.618 5 -3.12903 0 -1.95592e-12 20.5
432.08 250.615 5 -3.12903 0 9.13812e-14 20.75
431.83 250.612 5 -3.12903 0 5.50223e-12 21
431.581 250.609 5 -3.12903 0 -3.82045e-12 21.25
431.331 250.606 5 -3.12903 0 -1.77316e-12 21.5
431.081 250.603 5 -3.12903 0 7.36676e-12 21.75
430.831 250.599 5 -3.12903 0 -1.77316e-12 22
430.581 250.596 5 -3.12903 0 -3.63769e-12 22.25
430.331 250.593 5 -3.12903 0 -1.95592e-12 22.5
430.081 250.59 5 -3.12903 0 9.13812e-14 22.75
429.831 250.587 5 -3.12903 0 5.50223e-12 23
429.581 250.584 5 -3.12903 0 -3.82045e-12 23.25
429.331 250.581 5 -3.12903 0 -1.77316e-12 23.5
429.081 250.577 5 -3.12903 0 7.36676e-12 23.75
428.831 250.574 5 -3.12903 0 -1.77316e-12 24
428.581 250.571 5 -3.12903 0 -3.63769e-12 24.25
428.331 250.568 5 -3.12903 0 -1.95592e-12 24.5
428.081 250.565 5 -3.12903 0 9.13812e-14 24.75
427.831 250.562 5 -3.12903 0 5.50223e-12 25
427.581 250.559 5 -3.12903 0 -3.82045e-12 25.25
427.331 250.555 5 -3.12903 0 -1.77316e-12 25.5
427.081 250.552 5 -3.12903 0 7.36676e-12 25.75
426.831 250.549 5 -3.12903 0 -1.77316e-12 26
426.581 250.546 5 -3.12903 0 -3.63769e-12 26.25
426.331 250.543 5 -3.12903 0 -1.95592e-12 26.5
426.081 250.54 5 -3.12903 0 9.13812e-14 26.75
425.831 250.537 5 -3.12903 0 5.50223e-12 27
425.581 250.534 5 -3.12903 0 -3.82045e-12 27.25
425.331 250.53 5 -3.12903 0 -1.77316e-12 27.5
425.081 250.527 5 -3.12903 0 7.36676e-12 27.75
424.831 250.524 5 -3.12903 0 -1.77316e-12 28
424.581 250.521 5 -3.12903 0 -3.63769e-12 28.25
424.331 250.518 5 -3.12903 0 -1.95592e-12 28.5
424.081 250.515 5 -3.12903 0 9.13812e-14 28.75
423.831 250.512 5 -3.12903 0 5.50223e-12 29
423.581 250.508 5 -3.12903 0 -3.82045e-12 29.25
423.331 250.505 5 -3.12903 0 -1.77316e-12 29.5
423.081 250.502 5 -3.12903 0 7.36676e-12 29.75
422.831 250.499 5 -3.12903 0 -1.77316e-12 30
422.581 250.496 5 -3.12903 0 -3.63769e-12 30.25
422.331 250.493 5 -3.12903 0 -1.95592e-12 30.5
422.081 250.49 5 -3.12903 0 9.13812e-14 30.75
421.831 250.486 5 -3.12903 0 5.50223e-12 31
421.581 250.483 5 -3.12903 0 -3.82045e-12 31.25
421.331 250.48 5 -3.12903 0 -1.77316e-12 31.5
421.081 250.477 5 -3.12903 0 7.36676e-12 31.75
420.831 250.474 5 -3.12903 0 -1.77316e-12 32
420.581 250.471 5 -3.12903 0 -3.63769e-12 32.25
420.331 250.468 5 -3.12903 0 -1.95592e-12 32.5
420.081 250.464 5 -3.12903 0 9.13812e-14 32.75
419.831 250.461 5 -3.12903 0 5.50223e-12 33
419.581 250.458 5 -3.12903 0 -3.82045e-12 33.25
419.331 250.455 5 -3.12903 0 -1.77316e-12 33.5
419.081 250.452 5 -3.12903 0 7.36676e-12 33.75
418.832 250.449 5 -3.12903 0 -1.77316e-12 34
418.582 250.446 5 -3.12903 0 -3.63769e-12 34.25
418.332 250.442 5 -3.12903 0 -1.95592e-12 34.5
418.082 250.439 5 -3.12903 0 9.13812e-14 34.75
417.832 250.436 5 -3.12903 0 5.50223e-12 35
417.582 250.433 5 -3.12903 0 -3.82045e-12 35.25
417.332 250.43 5 -3.12903 0 -1.77316e-12 35.5
417.082 250.427 5 -3.12903 0 7.36676e-12 35.75
416.832 250.424 5 -3.12903 0 -1.77316e-12 36
416.582 250.42 5 -3.12903 0 -3.63769e-12 36.25
416.332 250.417 5 -3.12903 0 -1.95592e-12 36.5
416.082 250.414 5 -3.12903 0 9.13812e-14 36.75
415.832 250.411 5 -3.12903 0 5.50223e-12 37
415.582 250.408 5 -3.12903 0 -3.82045e-12 37.25
415.332 250.405 5 -3.12903 0 -1.77316e-12 37.5
415.082 250.402 5 -3.12903 0 7.36676e-12 37.75
414.832 250.399 5 -3.12903 0 -1.77316e-12 38
414.582 250.395 5 -3.12903 0 -3.63769e-12 38.25
414.332 250.392 5 -3.12903 0 -1.95592e-12 38.5
414.082 250.389 5 -3.12903 0 9.13812e-14 38.75
413.832 250.386 5 -3.12903 0 5.50223e-12 39
413.582 250.383 5 -3.12903 0 -3.82045e-12 39.25
413.332 250.38 5 -3.12903 0 -1.77316e-12 39.5
413.082 250.377 5 -3.12903 0 7.36676e-12 39.75
412.832 250.373 5 -3.12903 0 -1.77316e-12 40
412.582 250.37 5 -3.12903 0 -3.63769e-12 40.25
412.332 250.367 5 -3.12903 0 -1.95592e-12 40.5
412.082 250.364 5 -3.12903 0 9.13812e-14 40.75
411.832 250.361 5 -3.12903 0 5.50223e-12 41
411.582 250.358 5 -3.12903 0 -3.82045e-12 41.25
411.332 250.355 5 -3.12903 0 -1.77316e-12 41.5
411.082 250.351 5 -3.12903 0 7.36676e-12 41.75
410.832 250.348 5 -3.12903 0 -1.77316e-12 42
410.582 250.345 5 -3.12903 0 -3.63769e-12 42.25
410.332 250.342 5 -3.12903 0 -1.95592e-12 42.5
410.082 250.339 5 -3.12903 0 9.13812e-14 42.75
409.832 250.336 5 -3.12903 0 5.50223e-12 43
409.582 250.333 5 -3.12903 0 -3.82045e-12 43.25
409.332 250.329 5 -3.12903 0 -1.77316e-12 43.5
409.082 250.326 5 -3.12903 0 7.36676e-12 43.75
408.832 250.323 5 -3.12903 0 -1.77316e-12 44
408.582 250.32 5 -3.12903 0 -3.63769e-12 44.25
408.332 250.317 5 -3.12903 0 -1.95592e-12 44.5
408.082 250.314 5 -3.12903 0 9.13812e-14 44.75
407.832 250.311 5 -3.12903 0 5.50223e-12 45
407.582 250.307 5 -3.12903 0 -3.82045e-12 45.25
407.332 250.304 5 -3.12903 0 -1.77316e-12 45.5
407.082 250.301 5 -3.12903 0 7.36676e-12 45.75
406.832 250.298 5 -3.12903 0 -1.77316e-12 46
406.582 250.295 5 -3.12903 0 -3.63769e-12 46.25
406.332 250.292 5 -3.12903 0 -1.95592e-12 46.5
406.083 250.289 5 -3.12903 0 9.13812e-14 46.75
405.833 250.285 5 -3.12903 0 5.50223e-12 47
405.583 250.282 5 -3.12903 0 -3.82045e-12 47.25
405.333 250.279 5 -3.12903 0 -1.77316e-12 47.5
405.083 250.276 5 -3.12903 0 7.36676e-12 47.75
404.833 250.273 5 -3.12903 0 -1.77316e-12 48
404.583 250.27 5 -3.12903 0 -3.63769e-12 48.25
404.333 250.267 5 -3.12903 0 -1.95592e-12 48.5
404.083 250.263 5 -3.12903 0 9.13812e-14 48.75
403.833 250.26 5 -3.12903 0 5.50223e-12 49
403.583 250.257 5 -3.12903 0 -3.82045e-12 49.25
403.333 250.254 5 -3.12903 0 -1.77316e-12 49.5
403.083 250.251 5 -3.12903 0 7.36676e-12 49.75
402.833 250.248 5 -3.12903 0 -1.77316e-12 50
402.583 250.245 5 -3.12903 0 -3.63769e-12 50.25
402.333 250.242 5 -3.12903 0 -1.95592e-12 50.5
402.083 250.238 5 -3.12903 0 9.13812e-14 50.75
401.833 250.235 5 -3.12903 0 5.50223e-12 51
401.583 250.232 5 -3.12903 0 -3.82045e-12 51.25
401.333 250.229 5 -3.12903 0 -1.77316e-12 51.5
401.083 250.226 5 -3.12903 0 7.36676e-12 51.75
400.833 250.223 5 -3.12903 0 -1.77316e-12 52
400.583 250.22 5 -3.12903 0 -3.63769e-12 52.25
400.333 250.216 5 -3.12903 0 -1.95592e-12 52.5
400.083 250.213 5 -3.12903 0 9.13812e-14 52.75
399.833 250.21 5 -3.12903 0 5.50223e-12 53
399.583 250.207 5 -3.12903 0 -3.82045e-12 53.25
399.333 250.204 5 -3.12903 0 -1.77316e-12 53.5
399.083 250.201 5 -3.12903 0 7.36676e-12 53.75
398.833 250.198 5 -3.12903 0 -1.77316e-12 54
398.583 250.194 5 -3.12903 0 -3.63769e-12 54.25
398.333 250.191 5 -3.12903 0 -1.95592e-12 54.5
398.083 250.188 5 -3.12903 0 9.13812e-14 54.75
397.833 250.185 5 -3.12903 0 5.50223e-12 55
397.583 250.182 5 -3.12903 0 -3.82045e-12 55.25
397.333 250.179 5 -3.12903 0 -1.77316e-12 55.5
397.083 250.176 5 -3.12903 0 7.36676e-12 55.75
396.833 250.172 5 -3.12903 0 -1.77316e-12 56
396.583 250.169 5 -3.12903 0 -3.63769e-12 56.25
396.333 250.166 5 -3.12903 0 -1.95592e-12 56.5
396.083 250.163 5 -3.12903 0 9.13812e-14 56.75
395.833 250.16 5 -3.12903 0 5.50223e-12 57
395.583 250.157 5 -3.12903 0 -3.82045e-12 57.25
395.333 250.154 5 -3.12903 0 -1.77316e-12 57.5
395.083 250.15 5 -3.12903 0 7.36676e-12 57.75
394.833 250.147 5 -3.12903 0 -1.77316e-12 58
394.583 250.144 5 -3.12903 0 -3.63769e-12 58.25
394.333 250.141 5 -3.12903 0 -1.95592e-12 58.5
394.083 250.138 5 -3.12903 0 9.13812e-14 58.75
393.833 250.135 5 -3.12903 0 5.50223e-12 59
393.583 250.132 5 -3.12903 0 -3.82045e-12 59.25
393.334 250.128 5 -3.12903 0 -1.77316e-12 59.5
393.084 250.125 5 -3.12903 0 7.36676e-12 59.75
392.834 250.122 5 -3.12903 0 -1.77316e-12 60
392.584 250.119 5 -3.12903 0 -3.63769e-12 60.25
392.334 250.116 5 -3.12903 0 -1.95592e-12 60.5
392.084 250.113 5 -3.12903 0 9.13812e-14 60.75
391.834 250.11 5 -3.12903 0 5.50223e-12 61
391.584 250.106 5 -3.12903 0 -3.82045e-12 61.25
391.334 250.103 5 -3.12903 0 -1.77316e-12 61.5
391.084 250.1 5 -3.12903 0 7.36676e-12 61.75
390.834 250.097 5 -3.12903 0 -1.77316e-12 62
390.584 250.094 5 -3.12903 0 -3.63769e-12 62.25
390.334 250.091 5 -3.12903 0 -1.95592e-12 62.5
390.084 250.088 5 -3.12903 0 9.13812e-14 62.75
389.834 250.085 5 -3.12903 0 5.50223e-12 63
389.584 250.081 5 -3.12903 0 -3.82045e-12 63.25
389.334 250.078 5 -3.12903 0 -1.77316e-12 63.5
389.084 250.075 5 -3.12903 0 7.36676e-12 63.75
388.834 250.072 5 -3.12903 0 -1.77316e-12 64
388.584 250.069 5 -3.12903 0 -3.63769e-12 64.25
388.334 250.066 5 -3.12903 0 -1.95592e-12 64.5
388.084 250.063 5 -3.12903 0 9.13812e-14 64.75
387.834 250.059 5 -3.12903 0 5.50223e-12 65
387.584 250.056 5 -3.12903 0 -3.82045e-12 65.25
387.334 250.053 5 -3.12903 0 -1.77316e-12 65.5
387.084 250.05 5 -3.12903 0 7.36676e-12 65.75
386.834 250.047 5 -3.12903 0 -1.77316e-12 66
386.584 250.044 5 -3.12903 0 -3.63769e-12 66.25
386.334 250.041 5 -3.12903 0 -1.95592e-12 66.5
386.084 250.037 5 -3.12903 0 9.13812e-14 66.75
385.834 250.034 5 -3.12903 0 5.50223e-12 67
385.584 250.031 5 -3.12903 0 -3.82045e-12 67.25
385.334 250.028 5 -3.12903 0 -1.77316e-12 67.5
385.084 250.025 5 -3.12903 0 7.36676e-12 67.75
384.834 250.022 5 -3.12903 0 -1.77316e-12 68
384.584 250.019 5 -3.12903 0 -3.63769e-12 68.25
384.334 250.015 5 -3.12903 0 -1.95592e-12 68.5
384.084 250.012 5 -3.12903 0 9.13812e-14 68.75
383.834 250.009 5 -3.12903 0 5.50223e-12 69
383.584 250.006 5 -3.12903 0 -3.82045e-12 69.25
383.334 250.003 5 -3.12903 0 -1.77316e-12 69.5
383.084 250 5 -3.12903 0 7.36676e-12 69.75
382.834 249.997 5 -3.12903 0 -1.77316e-12 70
382.584 249.993 5 -3.12903 0 -3.63769e-12 70.25
382.334 249.99 5 -3.12903 0 -1.95592e-12 70.5
382.084 249.987 5 -3.12903 0 9.13812e-14 70.75
381.834 249.984 5 -3.12903 0 5.50223e-12 71
381.584 249.981 5 -3.12903 0 -3.82045e-12 71.25
381.334 249.978 5 -3.12903 0 -1.77316e-12 71.5
381.084 249.975 5 -3.12903 0 7.36676e-12 71.75
380.835 249.971 5 -3.12903 0 -1.77316e-12 72
380.585 249.968 5 -3.12903 0 -3.63769e-12 72.25
380.335 249.965 5 -3.12903 0 -1.95592e-12 72.5
380.085 249.962 5 -3.12903 0 9.13812e-14 72.75
379.835 249.959 5 -3.12903 0 5.50223e-12 73
379.585 249.956 5 -3.12903 0 -3.82045e-12 73.25
379.335 249.953 5 -3.12903 0 -1.77316e-12 73.5
379.085 249.95 5 -3.12903 0 7.36676e-12 73.75
378.835 249.946 5 -3.12903 0 -1.77316e-12 74
378.585 249.943 5 -3.12903 0 -3.63769e-12 74.25
378.335 249.94 5 -3.12903 0 -1.95592e-12 74.5
378.085 249.937 5 -3.12903 0 9.13812e-14 74.75
377.835 249.934 5 -3.12903 0 5.50223e-12 75
377.585 249.931 5 -3.12903 0 -3.82045e-12 75.25
377.335 249.928 5 -3.12903 0 -1.77316e-12 75.5
377.085 249.924 5 -3.12903 0 7.36676e-12 75.75
376.835 249.921 5 -3.12903 0 -1.77316e-12 76
376.585 249.918 5 -3.12903 0 -3.63769e-12 76.25
376.335 249.915 5 -3.12903 0 -1.95592e-12 76.5
376.085 249.912 5 -3.12903 0 9.13812e-14 76.75
375.835 249.909 5 -3.12903 0 5.50223e-12 77
375.585 249.906 5 -3.12903 0 -3.82045e-12 77.25
375.335 249.902 5 -3.12903 0 -1.77316e-12 77.5
375.085 249.899 5 -3.12903 0 7.36676e-12 77.75
374.835 249.896 5 -3.12903 0 -1.77316e-12 78
374.585 249.893 5 -3.12903 0 -3.63769e-12 78.25
374.335 249.89 5 -3.12903 0 -1.95592e-12 78.5
374.085 249.887 5 -3.12903 0 9.13812e-14 78.75
373.835 249.884 5 -3.12903 0 5.50223e-12 79
373.585 249.88 5 -3.12903 0 -3.82045e-12 79.25
373.335 249.877 5 -3.12903 0 -1.77316e-12 79.5
373.085 249.874 5 -3.12903 0 7.36676e-12 79.75
372.835 249.871 5 -3.12903 0 -1.77316e-12 80
372.585 249.868 5 -3.12903 0 -3.63769e-12 80.25
372.335 249.865 5 -3.12903 0 -1.95592e-12 80.5
372.085 249.862 5 -3.12903 0 9.13812e-14 80.75
371.835 249.858 5 -3.12903 0 5.50223e-12 81
371.585 249.855 5 -3.12903 0 -3.82045e-12 81.25
371.335 249.852 5 -3.12903 0 -1.77316e-12 81.5
371.085 249.849 5 -3.12903 0 7.36676e-12 81.75
370.835 249.846 5 -3.12903 0 -1.77316e-12 82
370.585 249.843 5 -3.12903 0 -3.63769e-12 82.25
370.335 249.84 5 -3.12903 0 -1.95592e-12 82.5
370.085 249.836 5 -3.12903 0 9.13812e-14 82.75
369.835 249.833 5 -3.12903 0 5.50223e-12 83
369.585 249.83 5 -3.12903 0 -3.82045e-12 83.25
369.335 249.827 5 -3.12903 0 -1.77316e-12 83.5
369.085 249.824 5 -3.12903 0 7.36676e-12 83.75
368.835 249.821 5 -3.12903 0 -1.77316e-12 84
368.585 249.818 5 -3.12903 0 -3.63769e-12 84.25
368.335 249.814 5 -3.12903 0 -1.95592e-12 84.5
368.086 249.811 5 -3.12903 0 9.13812e-14 84.75
367.836 249.808 5 -3.12903 0 5.50223e-12 85
367.586 249.805 5 -3.12903 0 -3.82045e-12 85.25
367.336 249.802 5 -3.12903 0 -1.77316e-12 85.5
367.086 249.799 5 -3.12903 0 7.36676e-12 85.75
366.836 249.796 5 -3.12903 0 -1.77316e-12 86
366.586 249.793 5 -3.12903 0 -3.63769e-12 86.25
366.336 249.789 5 -3.12903 0 -1.95592e-12 86.5
366.086 249.786 5 -3.12903 0 9.13812e-14 86.75
365.836 249.783 5 -3.12903 0 5.50223e-12 87
365.586 249.78 5 -3.12903 0 -3.82045e-12 87.25
365.336 249.777 5 -3.12903 0 -1.77316e-12 87.5
365.086 249.774 5 -3.12903 0 7.36676e-12 87.75
364.836 249.771 5 -3.12903 0 -1.77316e-12 88
364.586 249.767 5 -3.12903 0 -3.63769e-12 88.25
364.336 249.764 5 -3.12903 0 -1.95592e-12 88.5
364.086 249.761 5 -3.12903 0 9.13812e-14 88.75
363.836 249.758 5 -3.12903 0 5.50223e-12 89
363.586 249.755 5 -3.12903 0 -3.82045e-12 89.25
363.336 249.752 5 -3.12903 0 -1.77316e-12 89.5
363.086 249.749 5 -3.12903 0 7.36676e-12 89.75
362.836 249.745 5 -3.12903 0 -1.77316e-12 90
362.586 249.742 5 -3.12903 0 -3.63769e-12 90.25
362.336 249.739 5 -3.12903 0 -1.95592e-12 90.5
362.086 249.736 5 -3.12903 0 9.13812e-14 90.75
361.836 249.733 5 -3.12903 0 5.50223e-12 91
361.586 249.73 5 -3.12903 0 -3.82045e-12 91.25
361.336 249.727 5 -3.12903 0 -1.77316e-12 91.5
361.086 249.723 5 -3.12903 0 7.36676e-12 91.75
360.836 249.72 5 -3.12903 0 -1.77316e-12 92
360.586 249.717 5 -3.12903 0 -3.63769e-12 92.25
360.336 249.714 5 -3.12903 0 -1.95592e-12 92.5
360.086 249.711 5 -3.12903 0 9.13812e-14 92.75
359.836 249.708 5 -3.12903 0 5.50223e-12 93
359.586 249.705 5 -3.12903 0 -3.82045e-12 93.25
359.336 249.701 5 -3.12903 0 -1.77316e-12 93.5
359.086 249.698 5 -3.12903 0 7.36676e-12 93.75
358.836 249.695 5 -3.12903 0 -1.77316e-12 94
358.586 249.692 5 -3.12903 0 -3.63769e-12 94.25
358.336 249.689 5 -3.12903 0 -1.95592e-12 94.5
358.086 249.686 5 -3.12903 0 9.13812e-14 94.75
357.836 249.683 5 -3.12903 0 5.50223e-12 95
357.586 249.679 5 -3.12903 0 -3.82045e-12 95.25
357.336 249.676 5 -3.12903 0 -1.77316e-12 95.5
357.086 249.673 5 -3.12903 0 7.36676e-12 95.75
356.836 249.67 5 -3.12903 0 -1.77316e-12 96
356.586 249.667 5 -3.12903 0 -3.63769e-12 96.25
356.336 249.664 5 -3.12903 0 -1.95592e-12 96.5
356.086 249.661 5 -3.12903 0 9.13812e-14 96.75
355.836 249.658 5 -3.12903 0 5.50223e-12 97
355.586 249.654 5 -3.12903 0 -3.82045e-12 97.25
355.337 249.651 5 -3.12903 0 -1.77316e-12 97.5
355.087 249.648 5 -3.12903 0 7.36676e-12 97.75
354.837 249.645 5 -3.12903 0 -1.77316e-12 98
354.587 249.642 5 -3.12903 0 -3.63769e-12 98.25
354.337 249.639 5 -3.12903 0 -1.95592e-12 98.5
354.087 249.636 5 -3.12903 0 9.13812e-14 98.75
353.837 249.632 5 -3.12903 0 5.50223e-12 99
353.587 249.629 5 -3.12903 0 -3.82045e-12 99.25
353.337 249.626 5 -3.12903 0 -1.77316e-12 99.5
353.087 249.623 5 -3.12903 0 7.36676e-12 99.75
352.837 249.62 5 -3.12903 0 -1.77316e-12 100
352.587 249.617 5 -3.12903 0 -3.63769e-12 100.25
352.337 249.614 5 -3.12903 0 -1.95592e-12 100.5
352.087 249.61 5 -3.12903 0 9.13812e-14 100.75
351.837 249.607 5 -3.12903 0 5.50223e-12 101
351.587 249.604 5 -3.12903 0 -3.82045e-12 101.25
351.337 249.601 5 -3.12903 0 -1.77316e-12 101.5
351.087 249.598 5 -3.12903 0 7.36676e-12 101.75
350.837 249.595 5 -3.12903 0 -1.77316e-12 102
350.587 249.592 5 -3.12903 0 -3.63769e-12 102.25
350.337 249.588 5 -3.12903 0 -1.95592e-12 102.5
350.087 249.585 5 -3.12903 0 9.13812e-14 102.75
349.837 249.582 5 -3.12903 0 5.50223e-12 103
349.587 249.579 5 -3.12903 0 -3.82045e-12 103.25
349.337 249.576 5 -3.12903 0 -1.77316e-12 103.5
349.087 249.573 5 -3.12903 0 7.36676e-12 103.75
348.837 249.57 5 -3.12903 0 -1.77316e-12 104
348.587 249.566 5 -3.12903 0 -3.63769e-12 104.25
348.337 249.563 5 -3.12903 0 -1.95592e-12 104.5
348.087 249.56 5 -3.12903 0 9.13812e-14 104.75
347.837 249.557 5 -3.12903 0 5.50223e-12 105
347.587 249.554 5 -3.12903 0 -3.82045e-12 105.25
347.337 249.551 5 -3.12903 0 -1.77316e-12 105.5
347.087 249.548 5 -3.12903 0 7.36676e-12 105.75
346.837 249.544 5 -3.12903 0 -1.77316e-12 106
346.587 249.541 5 -3.12903 0 -3.63769e-12 106.25
346.337 249.538 5 -3.12903 0 -1.95592e-12 106.5
346.087 249.535 5 -3.12903 0 9.13812e-14 106.75
345.837 249.532 5 -3.12903 0 5.50223e-12 107
345.587 249.529 5 -3.12903 0 -3.82045e-12 107.25
345.337 249.526 5 -3.12903 0 -1.77316e-12 107.5
345.087 249.522 5 -3.12903 0 7.36676e-12 107.75
344.837 249.519 5 -3.12903 0 -1.77316e-12 108
344.587 249.516 5 -3.12903 0 -3.63769e-12 108.25
344.337 249.513 5 -3.12903 0 -1.95592e-12 108.5
344.087 249.51 5 -3.12903 0 9.13812e-14 108.75
343.837 249.507 5 -3.12903 0 5.50223e-12 109
343.587 249.504 5 -3.12903 0 -3.82045e-12 109.25
343.337 249.501 5 -3.12903 0 -1.77316e-12 109.5
343.087 249.497 5 -3.12903 0 7.36676e-12 109.75
342.838 249.494 5 -3.12903 0 -1.77316e-12 110
342.588 249.491 5 -3.12903 0 -3.63769e-12 110.25
342.338 249.488 5 -3.12903 0 -1.95592e-12 110.5
342.088 249.485 5 -3.12903 0 9.13812e-14 110.75
341.838 249.482 5 -3.12903 0 5.50223e-12 111
341.588 249.479 5 -3.12903 0 -3.82045e-12 111.25
341.338 249.475 5 -3.12903 0 -1.77316e-12 111.5
341.088 249.472 5 -3.12903 0 7.36676e-12 111.75
340.838 249.469 5 -3.12903 0 -1.77316e-12 112
340.588 249.466 5 -3.12903 0 -3.63769e-12 112.25
340.338 249.463 5 -3.12903 0 -1.86454e-12 112.5
340.088 249.46 5 -3.12903 0 9.13812e-14 112.75
339.838 249.457 5 -3.12903 0 5.50223e-12 113
339.588 249.453 5 -3.12903 0 -3.63769e-12 113.25
339.338 249.45 5 -3.12903 0 -1.86454e-12 113.5
339.088 249.447 5 -3.12903 0 7.36676e-12 113.75
338.838 249.444 5 -3.12903 0 -1.77316e-12 114
338.588 249.441 5 -3.12903 0 -3.63769e-12 114.25
338.338 249.438 5 -3.12903 0 -1.86454e-12 114.5
338.088 249.435 5 -3.12903 0 9.13812e-14 114.75
337.838 249.431 5 -3.12903 0 5.50223e-12 115
337.588 249.428 5 -3.12903 0 -3.63769e-12 115.25
337.338 249.425 5 -3.12903 0 -1.86454e-12 115.5
337.088 249.422 5 -3.12903 0 7.36676e-12 115.75
336.838 249.419 5 -3.12903 0 -1.77316e-12 116
336.588 249.416 5 -3.12903 0 -3.63769e-12 116.25
336.338 249.413 5 -3.12903 0 -1.86454e-12 116.5
336.088 249.409 5 -3.12903 0 9.13812e-14 116.75
335.838 249.406 5 -3.12903 0 5.50223e-12 117
335.588 249.403 5 -3.12903 0 -3.63769e-12 117.25
335.338 249.4 5 -3.12903 0 -1.86454e-12 117.5
335.088 249.397 5 -3.12903 0 7.36676e-12 117.75
334.838 249.394 5 -3.12903 0 -1.77316e-12 118
334.588 249.391 5 -3.12903 0 -3.63769e-12 118.25
334.338 249.387 5 -3.12903 0 -1.86454e-12 118.5
334.088 249.384 5 -3.12903 0 9.13812e-14 118.75
333.838 249.381 5 -3.12903 0 5.50223e-12 119
333.588 249.378 5 -3.12903 0 -3.63769e-12 119.25
333.338 249.375 5 -3.12903 0 -1.86454e-12 119.5
333.088 249.372 5 -3.12903 0 7.36676e-12 119.75
332.838 249.369 5 -3.12903 0 -1.77316e-12 120
332.588 249.365 5 -3.12903 0 -3.63769e-12 120.25
332.338 249.362 5 -3.12903 0 -1.86454e-12 120.5
332.088 249.359 5 -3.12903 0 9.13812e-14 120.75
331.838 249.356 5 -3.12903 0 5.50223e-12 121
331.588 249.353 5 -3.12903 0 -3.63769e-12 121.25
331.338 249.35 5 -3.12903 0 -1.86454e-12 121.5
331.088 249.347 5 -3.12903 0 7.36676e-12 121.75
330.838 249.344 5 -3.12903 0 -1.77316e-12 122
330.588 249.34 5 -3.12903 0 -3.63769e-12 122.25
330.338 249.337 5 -3.12903 0 -1.86454e-12 122.5
330.089 249.334 5 -3.12903 0 9.13812e-14 122.75
329.839 249.331 5 -3.12903 0 5.50223e-12 123
329.589 249.328 5 -3.12903 0 -3.63769e-12 123.25
329.339 249.325 5 -3.12903 0 -1.86454e-12 123.5
329.089 249.322 5 -3.12903 0 7.36676e-12 123.75
328.839 249.318 5 -3.12903 0 -1.77316e-12 124
328.589 249.315 5 -3.12903 0 -3.63769e-12 124.25
328.339 249.312 5 -3.12903 0 -1.86454e-12 124.5
328.089 249.309 5 -3.12903 0 9.13812e-14 124.75
327.839 249.306 5 -3.12903 0 5.50223e-12 125
327.589 249.303 5 -3.12903 0 -3.63769e-12 125.25
327.339 249.3 5 -3.12903 0 -1.86454e-12 125.5
327.089 249.296 5 -3.12903 0 7.36676e-12 125.75
326.839 249.293 5 -3.12903 0 -1.77316e-12 126
326.589 249.29 5 -3.12903 0 -3.63769e-12 126.25
326.339 249.287 5 -3.12903 0 -1.86454e-12 126.5
326.089 249.284 5 -3.12903 0 9.13812e-14 126.75
325.839 249.281 5 -3.12903 0 5.50223e-12 127
325.589 249.278 5 -3.12903 0 -3.63769e-12 127.25
325.339 249.274 5 -3.12903 0 -1.86454e-12 127.5
325.089 249.271 5 -3.12903 0 7.36676e-12 127.75
324.839 249.268 5 -3.12903 0 -1.77316e-12 128
324.589 249.265 5 -3.12903 0 -3.63769e-12 128.25
324.339 249.262 5 -3.12903 0 -1.86454e-12 128.5
324.089 249.259 5 -3.12903 0 9.13812e-14 128.75
323.839 249.256 5 -3.12903 0 5.50223e-12 129
323.589 249.252 5 -3.12903 0 -3.63769e-12 129.25
323.339 249.249 5 -3.12903 0 -1.86454e-12 129.5
323.089 249.246 5 -3.12903 0 7.36676e-12 129.75
322.839 249.243 5 -3.12903 0 -1.77316e-12 130
322.589 249.24 5 -3.12903 0 -3.63769e-12 130.25
322.339 249.237 5 -3.12903 0 -1.86454e-12 130.5
322.089 249.234 5 -3.12903 0 9.13812e-14 130.75
321.839 249.23 5 -3.12903 0 5.50223e-12 131
321.589 249.227 5 -3.12903 0 -3.63769e-12 131.25
321.339 249.224 5 -3.12903 0 -1.86454e-12 131.5
321.089 249.221 5 -3.12903 0 7.36676e-12 131.75
320.839 249.218 5 -3.12903 0 -1.77316e-12 132
320.589 249.215 5 -3.12903 0 -3.63769e-12 132.25
320.339 249.212 5 -3.12903 0 -1.86454e-12 132.5
320.089 249.209 5 -3.12903 0 9.13812e-14 132.75
319.839 249.205 5 -3.12903 0 5.50223e-12 133
319.589 249.202 5 -3.12903 0 -3.63769e-12 133.25
319.339 249.199 5 -3.12903 0 -1.86454e-12 133.5
319.089 249.196 5 -3.12903 0 7.36676e-12 133.75
318.839 249.193 5 -3.12903 0 -1.77316e-12 134
318.589 249.19 5 -3.12903 0 -3.63769e-12 134.25
318.339 249.187 5 -3.12903 0 -1.86454e-12 134.5
318.089 249.183 5 -3.12903 0 9.13812e-14 134.75
317.839 249.18 5 -3.12903 0 5.50223e-12 135
317.589 249.177 5 -3.12903 0 -3.63769e-12 135.25
317.34 249.174 5 -3.12903 0 -1.86454e-12 135.5
317.09 249.171 5 -3.12903 0 7.36676e-12 135.75
316.84 249.168 5 -3.12903 0 -1.77316e-12 136
316.59 249.165 5 -3.12903 0 -3.63769e-12 136.25
316.34 249.161 5 -3.12903 0 -1.86454e-12 136.5
316.09 249.158 5 -3.12903 0 9.13812e-14 136.75
315.84 249.155 5 -3.12903 0 5.50223e-12 137
315.59 249.152 5 -3.12903 0 -3.63769e-12 137.25
315.34 249.149 5 -3.12903 0 -1.86454e-12 137.5
315.09 249.146 5 -3.12903 0 7.36676e-12 137.75
314.84 249.143 5 -3.12903 0 -1.77316e-12 138
314.59 249.139 5 -3.12903 0 -3.63769e-12 138.25
314.34 249.136 5 -3.12903 0 -1.86454e-12 138.5
314.09 249.133 5 -3.12903 0 9.13812e-14 138.75
313.84 249.13 5 -3.12903 0 5.50223e-12 139
313.59 249.127 5 -3.12903 0 -3.63769e-12 139.25
313.34 249.124 5 -3.12903 0 -1.86454e-12 139.5
313.09 249.121 5 -3.12903 0 7.36676e-12 139.75
312.84 249.117 5 -3.12903 0 -1.77316e-12 140
312.59 249.114 5 -3.12903 0 -3.63769e-12 140.25
312.34 249.111 5 -3.12903 0 -1.86454e-12 140.5
312.09 249.108 5 -3.12903 0 9.13812e-14 140.75
311.84 249.105 5 -3.12903 0 5.50223e-12 141
311.59 249.102 5 -3.12903 0 -3.63769e-12 141.25
311.34 249.099 5 -3.12903 0 -1.86454e-12 141.5
311.09 249.095 5 -3.12903 0 7.36676e-12 141.75
310.84 249.092 5 -3.12903 0 -1.77316e-12 142
310.59 249.089 5 -3.12903 0 -3.63769e-12 142.25
310.34 249.086 5 -3.12903 0 -1.86454e-12 142.5
310.09 249.083 5 -3.12903 0 9.13812e-14 142.75
309.84 249.08 5 -3.12903 0 5.50223e-12 143
309.59 249.077 5 -3.12903 0 -3.63769e-12 143.25
309.34 249.073 5 -3.12903 0 -1.86454e-12 143.5
309.09 249.07 5 -3.12903 0 7.36676e-12 143.75
308.84 249.067 5 -3.12903 0 -1.77316e-12 144
308.59 249.064 5 -3.12903 0 -3.63769e-12 144.25
308.34 249.061 5 -3.12903 0 -1.86454e-12 144.5
308.09 249.058 5 -3.12903 0 9.13812e-14 144.75
307.84 249.055 5 -3.12903 0 5.50223e-12 145
307.59 249.052 5 -3.12903 0 -3.63769e-12 145.25
307.34 249.048 5 -3.12903 0 -1.86454e-12 145.5
307.09 249.045 5 -3.12903 0 7.36676e-12 145.75
306.84 249.042 5 -3.12903 0 -1.77316e-12 146
306.59 249.039 5 -3.12903 0 -3.63769e-12 146.25
306.34 249.036 5 -3.12903 0 -1.86454e-12 146.5
306.09 249.033 5 -3.12903 0 9.13812e-14 146.75
305.84 249.03 5 -3.12903 0 5.50223e-12 147
305.59 249.026 5 -3.12903 0 -3.63769e-12 147.25
305.34 249.023 5 -3.12903 0 -1.86454e-12 147.5
305.09 249.02 5 -3.12903 0 7.36676e-12 147.75
304.84 249.017 5 -3.12903 0 -1.77316e-12 148
304.591 249.014 5 -3.12903 0 -3.63769e-12 148.25
304.341 249.011 5 -3.12903 0 -1.86454e-12 148.5
304.091 249.008 5 -3.12903 0 9.13812e-14 148.75
303.841 249.004 5 -3.12903 0 5.50223e-12 149
303.591 249.001 5 -3.12903 0 -3.63769e-12 149.25
303.341 248.998 5 -3.12903 0 -1.86454e-12 149.5
303.091 248.995 5 -3.12903 0 7.36676e-12 149.75
302.841 248.992 5 -3.12903 0 -1.77316e-12 150
302.591 248.989 5 -3.12903 0 -3.63769e-12 150.25
302.341 248.986 5 -3.12903 0 -1.86454e-12 150.5
302.091 248.982 5 -3.12903 0 9.13812e-14 150.75
301.841 248.979 5 -3.12903 0 5.50223e-12 151
301.591 248.976 5 -3.12903 0 -3.63769e-12 151.25
301.341 248.973 5 -3.12903 0 -1.86454e-12 151.5
301.091 248.97 5 -3.12903 0 7.36676e-12 151.75
300.841 248.967 5 -3.12903 0 -1.77316e-12 152
300.591 248.964 5 -3.12903 0 -3.63769e-12 152.25
300.341 248.96 5 -3.12903 0 -1.86454e-12 152.5
300.091 248.957 5 -3.12903 0 9.13812e-14 152.75
299.841 248.954 5 -3.12903 0 5.50223e-12 153
299.591 248.951 5 -3.12903 0 -3.63769e-12 153.25
299.341 248.948 5 -3.12903 0 -1.86454e-12 153.5
299.091 248.945 5 -3.12903 0 7.36676e-12 153.75
298.841 248.942 5 -3.12903 0 -1.77316e-12 154
298.591 248.938 5 -3.12903 0 -3.63769e-12 154.25
298.341 248.935 5 -3.12903 0 -1.86454e-12 154.5
298.091 248.932 5 -3.12903 0 9.13812e-14 154.75
297.841 248.929 5 -3.12903 0 5.50223e-12 155
297.591 248.926 5 -3.12903 0 -3.63769e-12 155.25
297.341 248.923 5 -3.12903 0 -1.86454e-12 155.5
297.091 248.92 5 -3.12903 0 7.36676e-12 155.75
296.841 248.917 5 -3.12903 0 -1.77316e-12 156
296.591 248.913 5 -3.12903 0 -3.63769e-12 156.25
296.341 248.91 5 -3.12903 0 -1.86454e-12 156.5
296.091 248.907 5 -3.12903 0 9.13812e-14 156.75
295.841 248.904 5 -3.12903 0 5.50223e-12 157
295.591 248.901 5 -3.12903 0 -3.63769e-12 157.25
295.341 248.898 5 -3.12903 0 -1.86454e-12 157.5
295.091 248.895 5 -3.12903 0 7.36676e-12 157.75
294.841 248.891 5 -3.12903 0 -1.77316e-12 158
294.591 248.888 5 -3.12903 0 -3.63769e-12 158.25
294.341 248.885 5 -3.12903 0 -1.86454e-12 158.5
294.091 248.882 5 -3.12903 0 9.13812e-14 158.75
293.841 248.879 5 -3.12903 0 5.50223e-12 159
293.591 248.876 5 -3.12903 0 -3.63769e-12 159.25
293.341 248.873 5 -3.12903 0 -1.86454e-12 159.5
293.091 248.869 5 -3.12903 0 7.36676e-12 159.75
292.841 248.866 5 -3.12903 0 -1.77316e-12 160
292.591 248.863 5 -3.12903 0 -3.63769e-12 160.25
292.341 248.86 5 -3.12903 0 -1.86454e-12 160.5
292.092 248.857 5 -3.12903 0 9.13812e-14 160.75
291.842 248.854 5 -3.12903 0 5.50223e-12 161
291.592 248.851 5 -3.12903 0 -3.63769e-12 161.25
291.342 248.847 5 -3.12903 0 -1.86454e-12 161.5
291.092 248.844 5 -3.12903 0 7.36676e-12 161.75
290.842 248.841 5 -3.12903 0 -1.77316e-12 162
290.592 248.838 5 -3.12903 0 -3.63769e-12 162.25
290.342 248.835 5 -3.12903 0 -1.86454e-12 162.5
290.092 248.832 5 -3.12903 0 9.13812e-14 162.75
289.842 248.829 5 -3.12903 0 5.50223e-12 163
289.592 248.825 5 -3.12903 0 -3.63769e-12 163.25
289.342 248.822 5 -3.12903 0 -1.86454e-12 163.5
289.092 248.819 5 -3.12903 0 7.36676e-12 163.75
288.842 248.816 5 -3.12903 0 -1.77316e-12 164
288.592 248.813 5 -3.12903 0 -3.63769e-12 164.25
288.342 248.81 5 -3.12903 0 -1.86454e-12 164.5
288.092 248.807 5 -3.12903 0 9.13812e-14 164.75
287.842 248.803 5 -3.12903 0 5.50223e-12 165
287.592 248.8 5 -3.12903 0 -3.63769e-12 165.25
287.342 248.797 5 -3.12903 0 -1.86454e-12 165.5
287.092 248.794 5 -3.12903 0 7.36676e-12 165.75
286.842 248.791 5 -3.12903 0 -1.77316e-12 166
286.592 248.788 5 -3.12903 0 -3.63769e-12 166.25
286.342 248.785 5 -3.12903 0 -1.86454e-12 166.5
286.092 248.781 5 -3.12903 0 9.13812e-14 166.75
285.842 248.778 5 -3.12903 0 5.50223e-12 167
285.592 248.775 5 -3.12903 0 -3.63769e-12 167.25
285.342 248.772 5 -3.12903 0 -1.86454e-12 167.5
285.092 248.769 5 -3.12903 0 7.36676e-12 167.75
284.842 248.766 5 -3.12903 0 -1.77316e-12 168
284.592 248.763 5 -3.12903 0 -3.63769e-12 168.25
284.342 248.76 5 -3.12903 0 -1.86454e-12 168.5
284.092 248.756 5 -3.12903 0 9.13812e-14 168.75
283.842 248.753 5 -3.12903 0 5.50223e-12 169
283.592 248.75 5 -3.12903 0 -3.63769e-12 169.25
283.342 248.747 5 -3.12903 0 -1.86454e-12 169.5
283.092 248.744 5 -3.12903 0 7.36676e-12 169.75
282.842 248.741 5 -3.12903 0 -1.77316e-12 170
282.592 248.738 5 -3.12903 0 -3.63769e-12 170.25
282.342 248.734 5 -3.12903 0 -1.86454e-12 170.5
282.092 248.731 5 -3.12903 0 9.13812e-14 170.75
281.842 248.728 5 -3.12903 0 5.50223e-12 171
281.592 248.725 5 -3.12903 0 -3.63769e-12 171.25
281.342 248.722 5 -3.12903 0 -1.86454e-12 171.5
281.092 248.719 5 -3.12903 0 7.36676e-12 171.75
280.842 248.716 5 -3.12903 0 -1.77316e-12 172
280.592 248.712 5 -3.12903 0 -3.63769e-12 172.25
280.342 248.709 5 -3.12903 0 -1.86454e-12 172.5
280.092 248.706 5 -3.12903 0 9.13812e-14 172.75
279.842 248.703 5 -3.12903 0 5.50223e-12 173
279.592 248.7 5 -3.12903 0 -3.63769e-12 173.25
279.343 248.697 5 -3.12903 0 -1.86454e-12 173.5
279.093 248.694 5 -3.12903 0 7.36676e-12 173.75
278.843 248.69 5 -3.12903 0 -1.77316e-12 174
278.593 248.687 5 -3.12903 0 -3.63769e-12 174.25
278.343 248.684 5 -3.12903 0 -1.86454e-12 174.5
278.093 248.681 5 -3.12903 0 9.13812e-14 174.75
277.843 248.678 5 -3.12903 0 5.50223e-12 175
277.593 248.675 5 -3.12903 0 -3.63769e-12 175.25
277.343 248.672 5 -3.12903 0 -1.86454e-12 175.5
277.093 248.668 5 -3.12903 0 7.36676e-12 175.75
276.843 248.665 5 -3.12903 0 -1.77316e-12 176
276.593 248.662 5 -3.12903 0 -3.63769e-12 176.25
276.343 248.659 5 -3.12903 0 -1.86454e-12 176.5
276.093 248.656 5 -3.12903 0 9.13812e-14 176.75
275.843 248.653 5 -3.12903 0 5.50223e-12 177
275.593 248.65 5 -3.12903 0 -3.63769e-12 177.25
275.343 248.646 5 -3.12903 0 -1.86454e-12 177.5
275.093 248.643 5 -3.12903 0 7.36676e-12 177.75
274.843 248.64 5 -3.12903 0 -1.77316e-12 178
274.593 248.637 5 -3.12903 0 -3.63769e-12 178.25
274.343 248.634 5 -3.12903 0 -1.86454e-12 178.5
274.093 248.631 5 -3.12903 0 9.13812e-14 178.75
273.843 248.628 5 -3.12903 0 5.50223e-12 179
273.593 248.624 5 -3.12903 0 -3.63769e-12 179.25
273.343 248.621 5 -3.12903 0 -1.86454e-12 179.5
273.093 248.618 5 -3.12903 0 7.36676e-12 179.75
272.843 248.615 5 -3.12903 0 -1.77316e-12 180
272.593 248.612 5 -3.12903 0 -3.63769e-12 180.25
272.343 248.609 5 -3.12903 0 -1.86454e-12 180.5
272.093 248.606 5 -3.12903 0 9.13812e-14 180.75
271.843 248.603 5 -3.12903 0 5.50223e-12 181
271.593 248.599 5 -3.12903 0 -3.63769e-12 181.25
271.343 248.596 5 -3.12903 0 -1.86454e-12 181.5
271.093 248.593 5 -3.12903 0 7.36676e-12 181.75
270.843 248.59 5 -3.12903 0 -1.77316e-12 182
270.593 248.587 5 -3.12903 0 -3.63769e-12 182.25
270.343 248.584 5 -3.12903 0 -1.86454e-12 182.5
270.093 248.581 5 -3.12903 0 9.13812e-14 182.75
269.843 248.577 5 -3.12903 0 5.50223e-12 183
269.593 248.574 5 -3.12903 0 -3.63769e-12 183.25
269.343 248.571 5 -3.12903 0 -1.86454e-12 183.5
269.093 248.568 5 -3.12903 0 7.36676e-12 183.75
268.843 248.565 5 -3.12903 0 -1.77316e-12 184
268.593 248.562 5 -3.12903 0 -3.63769e-12 184.25
268.343 248.559 5 -3.12903 0 -1.86454e-12 184.5
268.093 248.555 5 -3.12903 0 9.13812e-14 184.75
267.843 248.552 5 -3.12903 0 5.50223e-12 185
267.593 248.549 5 -3.12903 0 -3.63769e-12 185.25
267.343 248.546 5 -3.12903 0 -1.86454e-12 185.5
267.093 248.543 5 -3.12903 0 7.36676e-12 185.75
266.843 248.54 5 -3.12903 0 -1.77316e-12 186
266.594 248.537 5 -3.12903 0 -3.63769e-12 186.25
266.344 248.533 5 -3.12903 0 -1.86454e-12 186.5
266.094 248.53 5 -3.12903 0 9.13812e-14 186.75
265.844 248.527 5 -3.12903 0 5.50223e-12 187
265.594 248.524 5 -3.12903 0 -3.63769e-12 187.25
265.344 248.521 5 -3.12903 0 -1.86454e-12 187.5
265.094 248.518 5 -3.12903 0 7.36676e-12 187.75
264.844 248.515 5 -3.12903 0 -1.77316e-12 188
264.594 248.511 5 -3.12903 0 -3.63769e-12 188.25
264.344 248.508 5 -3.12903 0 -1.86454e-12 188.5
264.094 248.505 5 -3.12903 0 9.13812e-14 188.75
263.844 248.502 5 -3.12903 0 5.50223e-12 189
263.594 248.499 5 -3.12903 0 -3.63769e-12 189.25
263.344 248.496 5 -3.12903 0 -1.86454e-12 189.5
263.094 248.493 5 -3.12903 0 7.36676e-12 189.75
262.844 248.489 5 -3.12903 0 -1.77316e-12 190
262.594 248.486 5 -3.12903 0 -3.63769e-12 190.25
262.344 248.483 5 -3.12903 0 -1.86454e-12 190.5
262.094 248.48 5 -3.12903 0 9.13812e-14 190.75
261.844 248.477 5 -3.12903 0 5.50223e-12 191
261.594 248.474 5 -3.12903 0 -3.63769e-12 191.25
261.344 248.471 5 -3.12903 0 -1.86454e-12 191.5
261.094 248.468 5 -3.12903 0 7.36676e-12 191.75
260.844 248.464 5 -3.12903 0 -1.77316e-12 192
260.594 248.461 5 -3.12903 0 -3.63769e-12 192.25
260.344 248.458 5 -3.12903 0 -1.86454e-12 192.5
260.094 248.455 5 -3.12903 0 9.13812e-14 192.75
259.844 248.452 5 -3.12903 0 5.50223e-12 193
259.594 248.449 5 -3.12903 0 -3.63769e-12 193.25
259.344 248.446 5 -3.12903 0 -1.86454e-12 193.5
259.094 248.442 5 -3.12903 0 7.36676e-12 193.75
258.844 248.439 5 -3.12903 0 -1.77316e-12 194
258.594 248.436 5 -3.12903 0 -3.63769e-12 194.25
258.344 248.433 5 -3.12903 0 -1.86454e-12 194.5
258.094 248.43 5 -3.12903 0 9.13812e-14 194.75
257.844 248.427 5 -3.12903 0 5.50223e-12 195
257.594 248.424 5 -3.12903 0 -3.63769e-12 195.25
257.344 248.42 5 -3.12903 0 -1.86454e-12 195.5
257.094 248.417 5 -3.12903 0 7.36676e-12 195.75
256.844 248.414 5 -3.12903 0 -1.77316e-12 196
256.594 248.411 5 -3.12903 0 -3.63769e-12 196.25
256.344 248.408 5 -3.12903 0 -1.86454e-12 196.5
256.094 248.405 5 -3.12903 0 9.13812e-14 196.75
255.844 248.402 5 -3.12903 0 5.50223e-12 197
255.594 248.398 5 -3.12903 0 -3.68338e-12 197.25
255.344 248.395 5 -3.12903 0 -1.86454e-12 197.5
255.094 248.392 5 -3.12903 0 7.32107e-12 197.75
254.844 248.389 5 -3.12903 0 -1.77316e-12 198
254.594 248.386 5 -3.12903 0 -3.68338e-12 198.25
254.344 248.383 5 -3.12903 0 -1.86454e-12 198.5
254.095 248.38 5 -3.12903 0 4.56906e-14 198.75
253.845 248.376 5 -3.12903 0 5.50223e-12 199
253.595 248.373 5 -3.12903 0 -3.68338e-12 199.25
253.345 248.37 5 -3.12903 0 -1.86454e-12 199.5
253.095 248.367 5 -3.12903 0 7.32107e-12 199.75
252.845 248.364 5 -3.12903 0 -1.77316e-12 200
252.595 248.361 5 -3.12903 0 -3.68338e-12 200.25
252.345 248.358 5 -3.12903 0 -1.86454e-12 200.5
252.095 248.354 5 -3.12903 0 4.56906e-14 200.75
251.845 248.351 5 -3.12903 0 5.50223e-12 201
251.595 248.348 5 -3.12903 0 -3.68338e-12 201.25
251.345 248.345 5 -3.12903 0 -1.86454e-12 201.5
251.095 248.342 5 -3.12903 0 7.32107e-12 201.75
250.845 248.339 5 -3.12903 0 -1.77316e-12 202
250.595 248.336 5 -3.12903 0 -3.68338e-12 202.25
250.345 248.332 5 -3.12903 0 -1.86454e-12 202.5
250.095 248.329 5 -3.12903 0 4.56906e-14 202.75
249.845 248.326 5 -3.12903 0 5.50223e-12 203
249.595 248.323 5 -3.12903 0 -3.68338e-12 203.25
249.345 248.32 5 -3.12903 0 -1.86454e-12 203.5
249.095 248.317 5 -3.12903 0 7.32107e-12 203.75
248.845 248.314 5 -3.12903 0 -1.77316e-12 204
248.595 248.311 5 -3.12903 0 -3.68338e-12 204.25
248.345 248.307 5 -3.12903 0 -1.86454e-12 204.5
248.095 248.304 5 -3.12903 0 4.56906e-14 204.75
247.845 248.301 5 -3.12903 0 5.50223e-12 205
247.595 248.298 5 -3.12903 0 -3.68338e-12 205.25
247.345 248.295 5 -3.12903 0 -1.86454e-12 205.5
247.095 248.292 5 -3.12903 0 7.32107e-12 205.75
246.845 248.289 5 -3.12903 0 -1.77316e-12 206
246.595 248.285 5 -3.12903 0 -3.68338e-12 206.25
246.345 248.282 5 -3.12903 0 -1.86454e-12 206.5
246.095 248.279 5 -3.12903 0 4.56906e-14 206.75
245.845 248.276 5 -3.12903 0 5.50223e-12 207
245.595 248.273 5 -3.12903 0 -3.68338e-12 207.25
245.345 248.27 5 -3.12903 0 -1.86454e-12 207.5
245.095 248.267 5 -3.12903 0 7.32107e-12 207.75
244.845 248.263 5 -3.12903 0 -1.77316e-12 208
244.595 248.26 5 -3.12903 0 -3.68338e-12 208.25
244.345 248.257 5 -3.12903 0 -1.86454e-12 208.5
244.095 248.254 5 -3.12903 0 4.56906e-14 208.75
243.845 248.251 5 -3.12903 0 5.50223e-12 209
243.595 248.248 5 -3.12903 0 -3.68338e-12 209.25
243.345 248.245 5 -3.12903 0 -1.86454e-12 209.5
243.095 248.241 5 -3.12903 0 7.32107e-12 209.75
242.845 248.238 5 -3.12903 0 -1.77316e-12 210
242.595 248.235 5 -3.12903 0 -3.68338e-12 210.25
242.345 248.232 5 -3.12903 0 -1.86454e-12 210.5
242.095 248.229 5 -3.12903 0 4.56906e-14 210.75
241.845 248.226 5 -3.12903 0 5.50223e-12 211
241.595 248.223 5 -3.12903 0 -3.68338e-12 211.25
241.346 248.219 5 -3.12903 0 -1.86454e-12 211.5
241.096 248.216 5 -3.12903 0 7.32107e-12 211.75
240.846 248.213 5 -3.12903 0 -1.77316e-12 212
240.596 248.21 5 -3.12903 0 -3.68338e-12 212.25
240.346 248.207 5 -3.12903 0 -1.86454e-12 212.5
240.096 248.204 5 -3.12903 0 4.56906e-14 212.75
239.846 248.201 5 -3.12903 0 5.50223e-12 213
239.596 248.197 5 -3.12903 0 -3.68338e-12 213.25
239.346 248.194 5 -3.12903 0 -1.86454e-12 213.5
239.096 248.191 5 -3.12903 0 7.32107e-12 213.75
238.846 248.188 5 -3.12903 0 -1.77316e-12 214
238.596 248.185 5 -3.12903 0 -3.68338e-12 214.25
238.346 248.182 5 -3.12903 0 -1.86454e-12 214.5
238.096 248.179 5 -3.12903 0 4.56906e-14 214.75
237.846 248.176 5 -3.12903 0 5.50223e-12 215
237.596 248.172 5 -3.12903 0 -3.68338e-12 215.25
237.346 248.169 5 -3.12903 0 -1.86454e-12 215.5
237.096 248.166 5 -3.12903 0 7.32107e-12 215.75
236.846 248.163 5 -3.12903 0 -1.77316e-12 216
236.596 248.16 5 -3.12903 0 -3.68338e-12 216.25
236.346 248.157 5 -3.12903 0 -1.86454e-12 216.5
236.096 248.154 5 -3.12903 0 4.56906e-14 216.75
235.846 248.15 5 -3.12903 0 5.50223e-12 217
235.596 248.147 5 -3.12903 0 -3.68338e-12 217.25
235.346 248.144 5 -3.12903 0 -1.86454e-12 217.5
235.096 248.141 5 -3.12903 0 7.32107e-12 217.75
234.846 248.138 5 -3.12903 0 -1.77316e-12 218
234.596 248.135 5 -3.12903 0 -3.68338e-12 218.25
234.346 248.132 5 -3.12903 0 -1.86454e-12 218.5
234.096 248.128 5 -3.12903 0 4.56906e-14 218.75
233.846 248.125 5 -3.12903 0 5.50223e-12 219
233.596 248.122 5 -3.12903 0 -3.68338e-12 219.25
233.346 248.119 5 -3.12903 0 -1.86454e-12 219.5
233.096 248.116 5 -3.12903 0 7.32107e-12 219.75
232.846 248.113 5 -3.12903 0 -1.77316e-12 220
232.596 248.11 5 -3.12903 0 -3.68338e-12 220.25
232.346 248.106 5 -3.12903 0 -1.86454e-12 220.5
232.096 248.103 5 -3.12903 0 4.56906e-14 220.75
231.846 248.1 5 -3.12903 0 5.50223e-12 221
231.596 248.097 5 -3.12903 0 -3.68338e-12 221.25
231.346 248.094 5 -3.12903 0 -1.86454e-12 221.5
231.096 248.091 5 -3.12903 0 7.32107e-12 221.75
230.846 248.088 5 -3.12903 0 -1.77316e-12 222
230.596 248.084 5 -3.12903 0 -3.68338e-12 222.25
230.346 248.081 5 -3.12903 0 -1.86454e-12 222.5
230.096 248.078 5 -3.12903 0 4.56906e-14 222.75
229.846 248.075 5 -3.12903 0 5.50223e-12 223
229.596 248.072 5 -3.12903 0 -3.68338e-12 223.25
229.346 248.069 5 -3.12903 0 -1.86454e-12 223.5
229.096 248.066 5 -3.12903 0 7.32107e-12 223.75
228.846 248.062 5 -3.12903 0 -1.77316e-12 224
228.597 248.059 5 -3.12903 0 -3.68338e-12 224.25
228.347 248.056 5 -3.12903 0 -1.86454e-12 224.5
228.097 248.053 5 -3.12903 0 4.56906e-14 224.75
227.847 248.05 5 -3.12903 0 5.50223e-12 225
227.597 248.047 5 -3.12903 0 -3.68338e-12 225.25
227.347 248.044 5 -3.12903 0 -1.86454e-12 225.5
227.097 248.04 5 -3.12903 0 7.32107e-12 225.75
226.847 248.037 5 -3.12903 0 -1.77316e-12 226
226.597 248.034 5 -3.12903 0 -3.68338e-12 226.25
226.347 248.031 5 -3.12903 0 -1.86454e-12 226.5
226.097 248.028 5 -3.12903 0 4.56906e-14 226.75
225.847 248.025 5 -3.12903 0 5.50223e-12 227
225.597 248.022 5 -3.12903 0 -3.68338e-12 227.25
225.347 248.019 5 -3.12903 0 -1.86454e-12 227.5
225.097 248.015 5 -3.12903 0 7.32107e-12 227.75
224.847 248.012 5 -3.12903 0 -1.77316e-12 228
224.597 248.009 5 -3.12903 0 -3.68338e-12 228.25
224.347 248.006 5 -3.12903 0 -1.86454e-12 228.5
224.097 248.003 5 -3.12903 0 4.56906e-14 228.75
223.847 248 5 -3.12903 0 5.50223e-12 229
223.597 247.997 5 -3.12903 0 -3.68338e-12 229.25
223.347 247.993 5 -3.12903 0 -1.86454e-12 229.5
223.097 247.99 5 -3.12903 0 7.32107e-12 229.75
222.847 247.987 5 -3.12903 0 -1.77316e-12 230
222.597 247.984 5 -3.12903 0 -3.68338e-12 230.25
222.347 247.981 5 -3.12903 0 -1.86454e-12 230.5
222.097 247.978 5 -3.12903 0 4.56906e-14 230.75
221.847 247.975 5 -3.12903 0 5.50223e-12 231
221.597 247.971 5 -3.12903 0 -3.68338e-12 231.25
221.347 247.968 5 -3.12903 0 -1.86454e-12 231.5
221.097 247.965 5 -3.12903 0 7.32107e-12 231.75
220.847 247.962 5 -3.12903 0 -1.77316e-12 232
220.597 247.959 5 -3.12903 0 -3.68338e-12 232.25
220.347 247.956 5 -3.12903 0 -1.86454e-12 232.5
220.097 247.953 5 -3.12903 0 4.56906e-14 232.75
219.847 247.949 5 -3.12903 0 5.50223e-12 233
219.597 247.946 5 -3.12903 0 -3.68338e-12 233.25
219.347 247.943 5 -3.12903 0 -1.86454e-12 233.5
219.097 247.94 5 -3.12903 0 7.32107e-12 233.75
218.847 247.937 5 -3.12903 0 -1.77316e-12 234
218.597 247.934 5 -3.12903 0 -3.68338e-12 234.25
218.347 247.931 5 -3.12903 0 -1.86454e-12 234.5
218.097 247.927 5 -3.12903 0 4.56906e-14 234.75
217.847 247.924 5 -3.12903 0 5.50223e-12 235
217.597 247.921 5 -3.12903 0 -3.68338e-12 235.25
217.347 247.918 5 -3.12903 0 -1.86454e-12 235.5
217.097 247.915 5 -3.12903 0 7.32107e-12 235.75
216.847 247.912 5 -3.12903 0 -1.77316e-12 236
216.597 247.909 5 -3.12903 0 -3.68338e-12 236.25
216.347 247.905 5 -3.12903 0 -1.86454e-12 236.5
216.097 247.902 5 -3.12903 0 4.56906e-14 236.75
215.848 247.899 5 -3.12903 0 5.50223e-12 237
215.598 247.896 5 -3.12903 0 -3.68338e-12 237.25
215.348 247.893 5 -3.12903 0 -1.86454e-12 237.5
215.098 247.89 5 -3.12903 0 7.32107e-12 237.75
214.848 247.887 5 -3.12903 0 -1.77316e-12 238
214.598 247.883 5 -3.12903 0 -3.68338e-12 238.25
214.348 247.88 5 -3.12903 0 -1.86454e-12 238.5
214.098 247.877 5 -3.12903 0 4.56906e-14 238.75
213.848 247.874 5 -3.12903 0 5.50223e-12 239
213.598 247.871 5 -3.12903 0 -3.68338e-12 239.25
213.348 247.868 5 -3.12903 0 -1.86454e-12 239.5
213.098 247.865 5 -3.12903 0 7.32107e-12 239.75
212.848 247.862 5 -3.12903 0 -1.77316e-12 240
212.598 247.858 5 -3.12903 0 -3.68338e-12 240.25
212.348 247.855 5 -3.12903 0 -1.86454e-12 240.5
212.098 247.852 5 -3.12903 0 4.56906e-14 240.75
211.848 247.849 5 -3.12903 0 5.50223e-12 241
211.598 247.846 5 -3.12903 0 -3.68338e-12 241.25
211.348 247.843 5 -3.12903 0 -1.86454e-12 241.5
211.098 247.84 5 -3.12903 0 7.32107e-12 241.75
210.848 247.836 5 -3.12903 0 -1.77316e-12 242
210.598 247.833 5 -3.12903 0 -3.68338e-12 242.25
210.348 247.83 5 -3.12903 0 -1.86454e-12 242.5
210.098 247.827 5 -3.12903 0 4.56906e-14 242.75
209.848 247.824 5 -3.12903 0 5.50223e-12 243
209.598 247.821 5 -3.12903 0 -3.68338e-12 243.25
209.348 247.818 5 -3.12903 0 -1.86454e-12 243.5
209.098 247.814 5 -3.12903 0 7.32107e-12 243.75
208.848 247.811 5 -3.12903 0 -1.77316e-12 244
208.598 247.808 5 -3.12903 0 -3.68338e-12 244.25
208.348 247.805 5 -3.12903 0 -1.86454e-12 244.5
208.098 247.802 5 -3.12903 0 4.56906e-14 244.75
207.848 247.799 5 -3.12903 0 5.50223e-12 245
207.598 247.796 5 -3.12903 0 -3.68338e-12 245.25
207.348 247.792 5 -3.12903 0 -1.86454e-12 245.5
207.098 247.789 5 -3.12903 0 7.32107e-12 245.75
206.848 247.786 5 -3.12903 0 -1.77316e-12 246
206.598 247.783 5 -3.12903 0 -3.68338e-12 246.25
206.348 247.78 5 -3.12903 0 -1.86454e-12 246.5
206.098 247.777 5 -3.12903 0 4.56906e-14 246.75
205.848 247.774 5 -3.12903 0 5.50223e-12 247
205.598 247.77 5 -3.12903 0 -3.68338e-12 247.25
205.348 247.767 5 -3.12903 0 -1.86454e-12 247.5
205.098 247.764 5 -3.12903 0 7.32107e-12 247.75
204.848 247.761 5 -3.12903 0 -1.77316e-12 248
204.598 247.758 5 -3.12903 0 -3.68338e-12 248.25
204.348 247.755 5 -3.12903 0 -1.86454e-12 248.5
204.098 247.752 5 -3.12903 0 4.56906e-14 248.75
203.848 247.748 5 -3.12903 0 5.50223e-12 249
203.598 247.745 5 -3.12903 0 -3.68338e-12 249.25
203.349 247.742 5 -3.12903 0 -1.86454e-12 249.5
203.099 247.739 5 -3.12903 0 7.32107e-12 249.75
202.849 247.736 5 -3.12903 0 -1.77316e-12 250
202.599 247.733 5 -3.12903 0 -3.68338e-12 250.25
202.349 247.73 5 -3.12903 0 -1.86454e-12 250.5
202.099 247.727 5 -3.12903 0 4.56906e-14 250.75
201.849 247.723 5 -3.12903 0 5.50223e-12 251
201.599 247.72 5 -3.12903 0 -3.68338e-12 251.25
201.349 247.717 5 -3.12903 0 -1.86454e-12 251.5
201.099 247.714 5 -3.12903 0 7.32107e-12 251.75
200.849 247.711 5 -3.12903 0 -1.77316e-12 252
200.599 247.708 5 -3.12903 0 -3.68338e-12 252.25
200.349 247.705 5 -3.12903 0 -1.86454e-12 252.5
200.099 247.701 5 -3.12903 0 4.56906e-14 252.75
199.849 247.698 5 -3.12903 0 5.50223e-12 253
199.599 247.695 5 -3.12903 0 -3.68338e-12 253.25
199.349 247.692 5 -3.12903 0 -1.86454e-12 253.5
199.099 247.689 5 -3.12903 0 7.32107e-12 253.75
198.849 247.686 5 -3.12903 0 -1.77316e-12 254
198.599 247.683 5 -3.12903 0 -3.68338e-12 254.25
198.349 247.679 5 -3.12903 0 -1.86454e-12 254.5
198.099 247.676 5 -3.12903 0 4.56906e-14 254.75
197.849 247.673 5 -3.12903 0 5.50223e-12 255
197.599 247.67 5 -3.12903 0 -3.68338e-12 255.25
197.349 247.667 5 -3.12903 0 -1.86454e-12 255.5
197.099 247.664 5 -3.12903 0 7.32107e-12 255.75
196.849 247.661 5 -3.12903 0 -1.77316e-12 256
196.599 247.657 5 -3.12903 0 -3.68338e-12 256.25
196.349 247.654 5 -3.12903 0 -1.86454e-12 256.5
196.099 247.651 5 -3.12903 0 4.56906e-14 256.75
195.849 247.648 5 -3.12903 0 5.50223e-12 257
195.599 247.645 5 -3.12903 0 -3.68338e-12 257.25
195.349 247.642 5 -3.12903 0 -1.86454e-12 257.5
195.099 247.639 5 -3.12903 0 7.32107e-12 257.75
194.849 247.635 5 -3.12903 0 -1.77316e-12 258
194.599 247.632 5 -3.12903 0 -3.68338e-12 258.25
194.349 247.629 5 -3.12903 0 -1.86454e-12 258.5
194.099 247.626 5 -3.12903 0 4.56906e-14 258.75
193.849 247.623 5 -3.12903 0 5.50223e-12 259
193.599 247.62 5 -3.12903 0 -3.68338e-12 259.25
193.349 247.617 5 -3.12903 0 -1.86454e-12 259.5
193.099 247.613 5 -3.12903 0 7.32107e-12 259.75
192.849 247.61 5 -3.12903 0 -1.77316e-12 260
192.599 247.607 5 -3.12903 0 -3.68338e-12 260.25
192.349 247.604 5 -3.12903 0 -1.86454e-12 260.5
192.099 247.601 5 -3.12903 0 4.56906e-14 260.75
191.849 247.598 5 -3.12903 0 5.50223e-12 261
191.599 247.595 5 -3.12903 0 -3.68338e-12 261.25
191.349 247.591 5 -3.12903 0 -1.86454e-12 261.5
191.099 247.588 5 -3.12903 0 7.32107e-12 261.75
190.849 247.585 5 -3.12903 0 -1.77316e-12 262
190.6 247.582 5 -3.12903 0 -3.68338e-12 262.25
190.35 247.579 5 -3.12903 0 -1.86454e-12 262.5
190.1 247.576 5 -3.12903 0 4.56906e-14 262.75
189.85 247.573 5 -3.12903 0 5.50223e-12 263
189.6 247.57 5 -3.12903 0 -3.68338e-12 263.25
189.35 247.566 5 -3.12903 0 -1.86454e-12 263.5
189.1 247.563 5 -3.12903 0 7.32107e-12 263.75
188.85 247.56 5 -3.12903 0 -1.77316e-12 264
188.6 247.557 5 -3.12903 0 -3.68338e-12 264.25
188.35 247.554 5 -3.12903 0 -1.86454e-12 264.5
188.1 247.551 5 -3.12903 0 4.56906e-14 264.75
187.85 247.548 5 -3.12903 0 5.50223e-12 265
187.6 247.544 5 -3.12903 0 -3.68338e-12 265.25
187.35 247.541 5 -3.12903 0 -1.86454e-12 265.5
187.1 247.538 5 -3.12903 0 7.32107e-12 265.75
186.85 247.535 5 -3.12903 0 -1.77316e-12 266
186.6 247.532 5 -3.12903 0 -3.68338e-12 266.25
186.35 247.529 5 -3.12903 0 -1.86454e-12 266.5
186.1 247.526 5 -3.12903 0 4.56906e-14 266.75
185.85 247.522 5 -3.12903 0 5.50223e-12 267
185.6 247.519 5 -3.12903 0 -3.68338e-12 267.25
185.35 247.516 5 -3.12903 0 -1.86454e-12 267.5
185.1 247.513 5 -3.12903 0 7.32107e-12 267.75
184.85 247.51 5 -3.12903 0 -1.77316e-12 268
184.6 247.507 5 -3.12903 0 -3.68338e-12 268.25
184.35 247.504 5 -3.12903 0 -1.86454e-12 268.5
184.1 247.5 5 -3.12903 0 4.56906e-14 268.75
183.85 247.497 5 -3.12903 0 5.50223e-12 269
183.6 247.494 5 -3.12903 0 -3.68338e-12 269.25
183.35 247.491 5 -3.12903 0 -1.86454e-12 269.5
183.1 247.488 5 -3.12903 0 7.32107e-12 269.75
182.85 247.485 5 -3.12903 0 -1.77316e-12 270
182.6 247.482 5 -3.12903 0 -3.68338e-12 270.25
182.35 247.478 5 -3.12903 0 -1.86454e-12 270.5
182.1 247.475 5 -3.12903 0 4.56906e-14 270.75
181.85 247.472 5 -3.12903 0 5.50223e-12 271
181.6 247.469 5 -3.12903 0 -3.68338e-12 271.25
181.35 247.466 5 -3.12903 0 -1.86454e-12 271.5
181.1 247.463 5 -3.12903 3.10662e-10 3.75698e-09 271.75
180.92 247.46 5 3.14153 -0.0363188 0.0336352 271.93
180.67 247.461 5 -3.11665 0.0999922 0.657052 272.18
180.42 247.454 5 -3.09165 0.0999922 -0.000124987 272.43
180.171 247.442 5 -3.06665 0.0999922 -0.000124987 272.68
179.922 247.423 5 -3.04165 0.0999922 -0.000124987 272.93
179.673 247.398 5 -3.01665 0.0999922 -0.000124987 273.18
179.425 247.367 5 -2.99165 0.0999922 -0.000124987 273.43
179.178 247.33 5 -2.96665 0.0999922 -0.000124987 273.68
178.931 247.286 5 -2.94165 0.0999922 -0.000124987 273.93
178.686 247.236 5 -2.91665 0.0999922 -0.000124987 274.18
178.443 247.181 5 -2.89165 0.0999922 -0.000124987 274.43
178.2 247.119 5 -2.86665 0.0999922 -0.000124987 274.68
177.96 247.051 5 -2.84165 0.0999922 -0.000124987 274.93
177.721 246.977 5 -2.81665 0.0999922 -0.000124987 275.18
177.484 246.897 5 -2.79165 0.0999922 -0.000124987 275.43
177.249 246.812 5 -2.76665 0.0999922 -0.000124987 275.68
177.017 246.72 5 -2.74165 0.0999922 -0.000124987 275.93
176.786 246.623 5 -2.71665 0.0999922 -0.000124987 276.18
176.559 246.52 5 -2.69165 0.0999922 -0.000124987 276.43
176.333 246.411 5 -2.66665 0.0999922 -0.000124987 276.68
176.111 246.297 5 -2.64165 0.0999922 -0.000124987 276.93
175.892 246.177 5 -2.61665 0.0999922 -0.000124987 277.18
175.675 246.052 5 -2.59165 0.0999922 -0.000124987 277.43
175.462 245.921 5 -2.56665 0.0999922 -0.000124987 277.68
175.252 245.785 5 -2.54165 0.0999922 -0.000124987 277.93
175.046 245.644 5 -2.51665 0.0999922 -0.000124987 278.18
174.843 245.498 5 -2.49165 0.0999922 -0.000124987 278.43
174.644 245.346 5 -2.46665 0.0999922 -0.000124987 278.68
174.449 245.19 5 -2.44165 0.0999922 -0.000124987 278.93
174.258 245.029 5 -2.41665 0.0999922 -0.000124987 279.18
174.071 244.863 5 -2.39165 0.0999922 -0.000124987 279.43
173.888 244.693 5 -2.36665 0.0999922 -0.000124987 279.68
173.709 244.518 5 -2.34165 0.0999922 -0.000124987 279.93
173.535 244.339 5 -2.31665 0.0999922 -0.000124987 280.18
173.365 244.155 5 -2.29165 0.0999922 -0.000124987 280.43
173.2 243.967 5 -2.26665 0.0999922 -0.000124987 280.68
173.04 243.775 5 -2.24165 0.0999922 -0.000124987 280.93
172.885 243.579 5 -2.21665 0.0999922 -0.000124987 281.18
172.734 243.38 5 -2.19165 0.0999922 -0.000124987 281.43
172.589 243.176 5 -2.16665 0.0999922 -0.000124987 281.68
172.449 242.97 5 -2.14165 0.0999922 -0.000124987 281.93
172.314 242.759 5 -2.11665 0.0999922 -0.000124987 282.18
172.184 242.546 5 -2.09165 0.0999922 -0.000124987 282.43
172.059 242.329 5 -2.06665 0.0999922 -0.000124987 282.68
171.94 242.109 5 -2.04165 0.0999922 -0.000124987 282.93
171.827 241.886 5 -2.01665 0.0999922 -0.000124987 283.18
171.719 241.66 5 -1.99165 0.0999922 -0.000124987 283.43
171.617 241.432 5 -1.96665 0.0999922 -0.000124987 283.68
171.521 241.202 5 -1.94165 0.0999922 -0.000124987 283.93
171.43 240.969 5 -1.91665 0.0999922 -0.000124987 284.18
171.345 240.733 5 -1.89165 0.0999922 -0.000124987 284.43
171.266 240.496 5 -1.86665 0.0999922 -0.000124987 284.68
171.194 240.257 5 -1.84165 0.0999922 -0.000124987 284.93
171.127 240.016 5 -1.81665 0.0999922 -0.000124987 285.18
171.066 239.774 5 -1.79165 0.0999922 -0.000124987 285.43
171.011 239.53 5 -1.76665 0.0999922 -0.000124987 285.68
170.962 239.285 5 -1.74165 0.0999922 -0.000124987 285.93
170.92 239.038 5 -1.71665 0.0999922 -0.000124987 286.18
170.884 238.791 5 -1.69165 0.0999922 -0.000124987 286.429
170.853 238.543 5 -1.66665 0.0999922 -0.000124987 286.679
170.83 238.294 5 -1.64165 0.0999922 -0.000124987 286.929
170.812 238.045 5 -1.38699 0.178476 -0.262563 287.179
170.92 237.46 5 -1.55559 -1.59484 -39.825 287.773
170.924 237.211 5 -1.55559 0 6.37935 288.023
170.928 236.961 5 -1.55559 0 -1.79112e-12 288.273
170.932 236.711 5 -1.55559 0 1.79112e-12 288.523
170.936 236.461 5 -1.55559 0 -1.79112e-12 288.773
170.939 236.211 5 -1.55559 0 1.79112e-12 289.023
170.943 235.961 5 -1.55559 0 -1.79112e-12 289.273
170.947 235.711 5 -1.55559 0 1.79112e-12 289.523
170.951 235.461 5 -1.55559 0 -1.79112e-12 289.773
170.955 235.211 5 -1.55559 0 1.79112e-12 290.023
170.958 234.961 5 -1.55559 0 -1.79112e-12 290.273
170.962 234.711 5 -1.55559 0 1.79112e-12 290.523
170.966 234.461 5 -1.55559 0 -1.79112e-12 290.773
170.97 234.211 5 -1.55559 0 1.79112e-12 291.023
170.974 233.961 5 -1.55559 0 -1.79112e-12 291.273
170.977 233.711 5 -1.55559 0 1.79112e-12 291.523
170.981 233.461 5 -1.55559 0 -1.79112e-12 291.773
170.985 233.211 5 -1.55559 0 1.79112e-12 292.023
170.989 232.961 5 -1.55559 0 -1.79112e-12 292.273
170.993 232.711 5 -1.55559 0 1.79112e-12 292.523
170.996 232.461 5 -1.55559 0 -1.79112e-12 292.773
171 232.211 5 -1.55559 0 1.79112e-12 293.023
171.004 231.961 5 -1.55559 0 -1.79112e-12 293.273
171.008 231.711 5 -1.55559 0 1.79112e-12 293.523
171.012 231.461 5 -1.55559 0 -1.79112e-12 293.773
171.015 231.211 5 -1.55559 0 1.79112e-12 294.023
171.019 230.961 5 -1.55559 0 -1.79112e-12 294.273
171.023 230.711 5 -1.55559 0 1.79112e-12 294.523
171.027 230.461 5 -1.55559 0 -1.79112e-12 294.773
171.031 230.211 5 -1.55559 0 1.79112e-12 295.023
171.034 229.961 5 -1.55559 0 -1.79112e-12 295.273
171.038 229.711 5 -1.55559 0 1.79112e-12 295.523
171.042 229.461 5 -1.55559 0 -1.79112e-12 295.773
171.046 229.211 5 -1.55559 0 1.79112e-12 296.023
171.05 228.961 5 -1.55559 0 -1.79112e-12 296.273
171.053 228.712 5 -1.55559 0 1.79112e-12 296.523
171.057 228.462 5 -1.55559 0 -1.79112e-12 296.773
171.061 228.212 5 -1.55559 0 1.79112e-12 297.023
171.065 227.962 5 -1.55559 0 -1.79112e-12 297.273
171.069 227.712 5 -1.55559 0 1.79112e-12 297.523
171.072 227.462 5 -1.55559 0 -1.79112e-12 297.773
171.076 227.212 5 -1.55559 0 1.79112e-12 298.023
171.08 226.962 5 -1.55559 0 -1.79112e-12 298.273
171.084 226.712 5 -1.55559 0 1.79112e-12 298.523
171.088 226.462 5 -1.55559 0 -1.79112e-12 298.773
171.091 226.212 5 -1.55559 0 1.79112e-12 299.023
171.095 225.962 5 -1.55559 0 -1.79112e-12 299.273
171.099 225.712 5 -1.55559 0 1.79112e-12 299.523
171.103 225.462 5 -1.55559 0 -1.79112e-12 299.773
171.107 225.212 5 -1.55559 0 1.79112e-12 300.023
171.11 224.962 5 -1.55559 0 -1.79112e-12 300.273
171.114 224.712 5 -1.55559 0 1.79112e-12 300.523
171.118 224.462 5 -1.55559 0 -1.79112e-12 300.773
171.122 224.212 5 -1.55559 0 1.79112e-12 301.023
171.126 223.962 5 -1.55559 0 -1.79112e-12 301.273
171.129 223.712 5 -1.55559 0 1.79112e-12 301.523
171.133 223.462 5 -1.55559 0 -1.79112e-12 301.773
171.137 223.212 5 -1.55559 0 1.79112e-12 302.023
171.141 222.962 5 -1.55559 0 -1.79112e-12 302.273
171.145 222.712 5 -1.55559 0 1.79112e-12 302.523
171.149 222.462 5 -1.55559 0 -1.79112e-12 302.773
171.152 222.212 5 -1.55559 0 1.79112e-12 303.023
171.156 221.962 5 -1.55559 0 -1.79112e-12 303.273
171.16 221.712 5 -1.55559 0 1.79112e-12 303.523
171.164 221.462 5 -1.55559 0 -1.79112e-12 303.773
171.168 221.212 5 -1.55559 0 1.79112e-12 304.023
171.171 220.962 5 -1.55559 0 -1.79112e-12 304.273
171.175 220.712 5 -1.55559 0 1.79112e-12 304.523
171.179 220.462 5 -1.55559 0 -1.79112e-12 304.773
171.183 220.212 5 -1.55559 0 1.79112e-12 305.023
171.187 219.963 5 -1.55559 0 -1.79112e-12 305.273
171.19 219.713 5 -1.55559 0 1.79112e-12 305.523
171.194 219.463 5 -1.55559 0 -1.79112e-12 305.773
171.198 219.213 5 -1.55559 0 1.79112e-12 306.023
171.202 218.963 5 -1.55559 0 -1.79112e-12 306.273
171.206 218.713 5 -1.55559 0 1.79112e-12 306.523
171.209 218.463 5 -1.55559 0 -1.79112e-12 306.773
171.213 218.213 5 -1.55559 0 1.79112e-12 307.023
171.217 217.963 5 -1.55559 0 -1.79112e-12 307.273
171.221 217.713 5 -1.55559 0 1.79112e-12 307.523
171.225 217.463 5 -1.55559 0 -1.79112e-12 307.773
171.228 217.213 5 -1.55559 0 1.79112e-12 308.023
171.232 216.963 5 -1.55559 0 -1.79112e-12 308.273
171.236 216.713 5 -1.55559 0 1.79112e-12 308.523
171.24 216.463 5 -1.55559 0 -1.79112e-12 308.773
171.244 216.213 5 -1.55559 0 1.79112e-12 309.023
171.247 215.963 5 -1.55559 0 -1.79112e-12 309.273
171.251 215.713 5 -1.55559 0 1.79112e-12 309.523
171.255 215.463 5 -1.55559 0 -1.79112e-12 309.773
171.259 215.213 5 -1.55559 0 1.79112e-12 310.023
171.263 214.963 5 -1.55559 0 -1.79112e-12 310.273
171.266 214.713 5 -1.55559 0 1.79112e-12 310.523
171.27 214.463 5 -1.55559 0 -1.79112e-12 310.773
171.274 214.213 5 -1.55559 0 1.79112e-12 311.023
171.278 213.963 5 -1.55559 0 -1.79112e-12 311.273
171.282 213.713 5 -1.55559 0 1.79112e-12 311.523
171.285 213.463 5 -1.55559 0 -1.79112e-12 311.773
171.289 213.213 5 -1.55559 0 1.79112e-12 312.023
171.293 212.963 5 -1.55559 0 -1.79112e-12 312.273
171.297 212.713 5 -1.55559 0 1.79112e-12 312.523
171.301 212.463 5 -1.55559 0 -1.79112e-12 312.773
171.304 212.213 5 -1.55559 0 1.79112e-12 313.023
171.308 211.963 5 -1.55559 0 -1.79112e-12 313.273
171.312 211.713 5 -1.55559 0 1.79112e-12 313.523
171.316 211.464 5 -1.55559 0 -1.79112e-12 313.773
171.32 211.214 5 -1.55559 0 1.79112e-12 314.023
171.323 210.964 5 -1.55559 0 -1.79112e-12 314.273
171.327 210.714 5 -1.55559 0 1.79112e-12 314.523
171.331 210.464 5 -1.55559 0 -1.79112e-12 314.773
171.335 210.214 5 -1.55559 0 1.79112e-12 315.023
171.339 209.964 5 -1.55559 0 -1.79112e-12 315.273
171.342 209.714 5 -1.55559 0 1.79112e-12 315.523
171.346 209.464 5 -1.55559 0 -1.79112e-12 315.773
171.35 209.214 5 -1.55559 0 1.79112e-12 316.023
171.354 208.964 5 -1.55559 0 -1.79112e-12 316.273
171.358 208.714 5 -1.55559 0 1.79112e-12 316.523
171.361 208.464 5 -1.55559 0 -1.79112e-12 316.773
171.365 208.214 5 -1.55559 0 1.79112e-12 317.023
171.369 207.964 5 -1.55559 0 -1.79112e-12 317.273
171.373 207.714 5 -1.55559 0 1.79112e-12 317.523
171.377 207.464 5 -1.55559 0 -1.79112e-12 317.773
171.38 207.214 5 -1.55559 0 1.79112e-12 318.023
171.384 206.964 5 -1.55559 0 -1.79112e-12 318.273
171.388 206.714 5 -1.55559 0 1.79112e-12 318.523
171.392 206.464 5 -1.55559 0 -1.79112e-12 318.773
171.396 206.214 5 -1.55559 0 1.79112e-12 319.023
171.399 205.964 5 -1.55559 0 -1.79112e-12 319.273
171.403 205.714 5 -1.55559 0 1.79112e-12 319.523
171.407 205.464 5 -1.55559 0 -1.79112e-12 319.773
171.411 205.214 5 -1.55559 0 1.79112e-12 320.023
171.415 204.964 5 -1.55559 0 -1.79112e-12 320.273
171.418 204.714 5 -1.55559 0 1.79112e-12 320.523
171.422 204.464 5 -1.55559 0 -1.79112e-12 320.773
171.426 204.214 5 -1.55559 0 1.79112e-12 321.023
171.43 203.964 5 -1.55559 0 -1.79112e-12 321.273
171.434 203.714 5 -1.55559 0 1.79112e-12 321.523
171.437 203.464 5 -1.55559 0 -1.79112e-12 321.773
171.441 203.214 5 -1.55559 0 1.79112e-12 322.023
171.445 202.964 5 -1.55559 0 -1.79112e-12 322.273
171.449 202.715 5 -1.55559 0 1.79112e-12 322.523
171.453 202.465 5 -1.55559 0 -1.79112e-12 322.773
171.456 202.215 5 -1.55559 0 1.79112e-12 323.023
171.46 201.965 5 -1.55559 0 -1.79112e-12 323.273
171.464 201.715 5 -1.55559 0 1.79112e-12 323.523
171.468 201.465 5 -1.55559 0 -1.79112e-12 323.773
171.472 201.215 5 -1.55559 0 1.79112e-12 324.023
171.475 200.965 5 -1.55559 0 -1.79112e-12 324.273
171.479 200.715 5 -1.55559 0 1.79112e-12 324.523
171.483 200.465 5 -1.55559 0 -1.79112e-12 324.773
171.487 200.215 5 -1.55559 0 1.79112e-12 325.023
171.491 199.965 5 -1.55559 0 -1.79112e-12 325.273
171.494 199.715 5 -1.55559 0 1.79112e-12 325.523
171.498 199.465 5 -1.55559 0 -1.79112e-12 325.773
171.502 199.215 5 -1.55559 0 1.79112e-12 326.023
171.506 198.965 5 -1.55559 0 -1.79112e-12 326.273
171.51 198.715 5 -1.55559 0 1.79112e-12 326.523
171.513 198.465 5 -1.55559 0 -1.79112e-12 326.773
171.517 198.215 5 -1.55559 0 1.79112e-12 327.023
171.521 197.965 5 -1.55559 0 -1.79112e-12 327.273
171.525 197.715 5 -1.55559 0 1.79112e-12 327.523
171.529 197.465 5 -1.55559 0 -1.79112e-12 327.773
171.532 197.215 5 -1.55559 0 1.79112e-12 328.023
171.536 196.965 5 -1.55559 0 -1.79112e-12 328.273
171.54 196.715 5 -1.55559 0 1.79112e-12 328.523
171.544 196.465 5 -1.55559 0 -1.79112e-12 328.773
171.548 196.215 5 -1.55559 0 1.79112e-12 329.023
171.551 195.965 5 -1.55559 0 -1.79112e-12 329.273
171.555 195.715 5 -1.55559 0 1.79112e-12 329.523
171.559 195.465 5 -1.55559 0 -1.79112e-12 329.773
171.563 195.215 5 -1.55559 0 1.79112e-12 330.023
171.567 194.965 5 -1.55559 0 -1.79112e-12 330.273
171.571 194.715 5 -1.55559 0 1.79112e-12 330.523
171.574 194.465 5 -1.55559 0 -1.79112e-12 330.773
171.578 194.216 5 -1.55559 0 1.79112e-12 331.023
171.582 193.966 5 -1.55559 0 -1.79112e-12 331.273
171.586 193.716 5 -1.55559 0 1.79112e-12 331.523
171.59 193.466 5 -1.55559 0 -1.79112e-12 331.773
171.593 193.216 5 -1.55559 0 1.79112e-12 332.023
171.597 192.966 5 -1.55559 0 -1.79112e-12 332.273
171.601 192.716 5 -1.55559 0 1.79112e-12 332.523
171.605 192.466 5 -1.55559 0 -1.79112e-12 332.773
171.609 192.216 5 -1.55559 0 1.79112e-12 333.023
171.612 191.966 5 -1.55559 0 -1.79112e-12 333.273
171.616 191.716 5 -1.55559 0 1.79112e-12 333.523
171.62 191.466 5 -1.55559 0 -1.79112e-12 333.773
171.624 191.216 5 -1.55559 0 1.79112e-12 334.023
171.628 190.966 5 -1.55559 0 -1.79112e-12 334.273
171.631 190.716 5 -1.55559 0 1.79112e-12 334.523
171.635 190.466 5 -1.55559 0 -1.79112e-12 334.773
171.639 190.216 5 -1.55559 0 1.79112e-12 335.023
171.643 189.966 5 -1.55559 0 -1.79112e-12 335.273
171.647 189.716 5 -1.55559 0 1.79112e-12 335.523
171.65 189.466 5 -1.55559 0 -1.79112e-12 335.773
171.654 189.216 5 -1.55559 0 1.79112e-12 336.023
171.658 188.966 5 -1.55559 0 -1.79112e-12 336.273
171.662 188.716 5 -1.55559 0 1.79112e-12 336.523
171.666 188.466 5 -1.55559 0 -1.79112e-12 336.773
171.669 188.216 5 -1.55559 0 1.79112e-12 337.023
171.673 187.966 5 -1.55559 0 -1.79112e-12 337.273
171.677 187.716 5 -1.55559 0 1.79112e-12 337.523
171.681 187.466 5 -1.55559 0 -1.79112e-12 337.773
171.685 187.216 5 -1.55559 0 1.79112e-12 338.023
171.688 186.966 5 -1.55559 0 -1.79112e-12 338.273
171.692 186.716 5 -1.55559 0 1.79112e-12 338.523
171.696 186.466 5 -1.55559 0 -1.79112e-12 338.773
171.7 186.216 5 -1.55559 0 1.79112e-12 339.023
171.704 185.966 5 -1.55559 0 -1.79112e-12 339.273
171.707 185.716 5 -1.55559 0 1.79112e-12 339.523
171.711 185.467 5 -1.55559 0 -1.79112e-12 339.773
171.715 185.217 5 -1.55559 0 1.79112e-12 340.023
171.719 184.967 5 -1.55559 0 -1.79112e-12 340.273
171.723 184.717 5 -1.55559 0 1.79112e-12 340.523
171.726 184.467 5 -1.55559 0 -1.79112e-12 340.773
171.73 184.217 5 -1.55559 0 1.79112e-12 341.023
171.734 183.967 5 -1.55559 0 -1.79112e-12 341.273
171.738 183.717 5 -1.55559 0 1.79112e-12 341.523
171.742 183.467 5 -1.55559 0 -1.79112e-12 341.773
171.745 183.217 5 -1.55559 0 1.79112e-12 342.023
171.749 182.967 5 -1.55559 0 -1.79112e-12 342.273
171.753 182.717 5 -1.55559 0 1.79112e-12 342.523
171.757 182.467 5 -1.55559 0 -1.79112e-12 342.773
171.761 182.217 5 -1.55559 0 1.79112e-12 343.023
171.764 181.967 5 -1.55559 0 -1.79112e-12 343.273
171.768 181.717 5 -1.55559 0 1.79112e-12 343.523
171.772 181.467 5 -1.55559 0 -1.79112e-12 343.773
171.776 181.217 5 -1.55559 0 1.79112e-12 344.023
171.78 180.967 5 -1.55559 0 -1.79112e-12 344.273
171.783 180.717 5 -1.55559 0 1.79112e-12 344.523
171.787 180.467 5 -1.55559 0 -1.79112e-12 344.773
171.791 180.217 5 -1.55559 0 1.79112e-12 345.023
171.795 179.967 5 -1.55559 0 -1.79112e-12 345.273
171.799 179.717 5 -1.55559 0 1.79112e-12 345.523
171.802 179.467 5 -1.55559 0 -1.79112e-12 345.773
171.806 179.217 5 -1.55559 0 1.79112e-12 346.023
171.81 178.967 5 -1.55559 0 -1.79112e-12 346.273
171.814 178.717 5 -1.55559 0 1.79112e-12 346.523
171.818 178.467 5 -1.55559 0 -1.79112e-12 346.773
171.821 178.217 5 -1.55559 0 1.79112e-12 347.023
171.825 177.967 5 -1.55559 0 -1.79112e-12 347.273
171.829 177.717 5 -1.55559 0 1.79112e-12 347.523
171.833 177.467 5 -1.55559 0 -1.79112e-12 347.773
171.837 177.217 5 -1.55559 0 1.79112e-12 348.023
171.84 176.967 5 -1.55559 0 -1.79112e-12 348.273
171.844 176.718 5 -1.55559 0 1.79112e-12 348.523
171.848 176.468 5 -1.55559 0 -1.79112e-12 348.773
171.852 176.218 5 -1.55559 0 1.79112e-12 349.023
171.856 175.968 5 -1.55559 0 -1.79112e-12 349.273
171.859 175.718 5 -1.55559 0 1.79112e-12 349.523
171.863 175.468 5 -1.55559 0 -1.79112e-12 349.773
171.867 175.218 5 -1.55559 0 1.79112e-12 350.023
171.871 174.968 5 -1.55559 0 -1.79112e-12 350.273
171.875 174.718 5 -1.55559 0 1.79112e-12 350.523
171.878 174.468 5 -1.55559 0 -1.79112e-12 350.773
171.882 174.218 5 -1.55559 0 1.79112e-12 351.023
171.886 173.968 5 -1.55559 0 -1.79112e-12 351.273
171.89 173.718 5 -1.55559 0 1.79112e-12 351.523
171.894 173.468 5 -1.55559 0 -1.79112e-12 351.773
171.897 173.218 5 -1.55559 0 1.79112e-12 352.023
171.901 172.968 5 -1.55559 0 -1.79112e-12 352.273
171.905 172.718 5 -1.55559 0 1.79112e-12 352.523
171.909 172.468 5 -1.55559 0 -1.79112e-12 352.773
171.913 172.218 5 -1.55559 0 1.79112e-12 353.023
171.916 171.968 5 -1.55559 0 -1.79112e-12 353.273
171.92 171.718 5 -1.55559 0 1.79112e-12 353.523
171.924 171.468 5 -1.55559 0 -1.79112e-12 353.773
171.928 171.218 5 -1.55559 0 1.79112e-12 354.023
171.932 170.968 5 -1.55559 0 -1.79112e-12 354.273
171.935 170.718 5 -1.55559 0 1.79112e-12 354.523
171.939 170.468 5 -1.55559 0 -1.79112e-12 354.773
171.943 170.218 5 -1.55559 0 1.79112e-12 355.023
171.947 169.968 5 -1.55559 0 -1.79112e-12 355.273
171.951 169.718 5 -1.55559 0 1.79112e-12 355.523
171.954 169.468 5 -1.55559 0 -1.79112e-12 355.773
171.958 169.218 5 -1.55559 0 1.79112e-12 356.023
171.962 168.968 5 -1.55559 0 -1.79112e-12 356.273
171.966 168.718 5 -1.55559 0 1.79112e-12 356.523
171.97 168.468 5 -1.55559 0 -1.79112e-12 356.773
171.973 168.219 5 -1.55559 0 1.79112e-12 357.023
171.977 167.969 5 -1.55559 0 -1.79112e-12 357.273
171.981 167.719 5 -1.55559 0 1.79112e-12 357.523
171.985 167.469 5 -1.55559 0 -1.79112e-12 357.773
171.989 167.219 5 -1.55559 0 1.79112e-12 358.023
171.992 166.969 5 -1.55559 0 -1.79112e-12 358.273
171.996 166.719 5 -1.55559 0 1.79112e-12 358.523
172 166.469 5 -1.55559 0 -1.79112e-12 358.773
172.004 166.219 5 -1.55559 0 1.79112e-12 359.023
172.008 165.969 5 -1.55559 0 -1.79112e-12 359.273
172.012 165.719 5 -1.55559 0 1.79112e-12 359.523
172.015 165.469 5 -1.55559 0 -1.79112e-12 359.773
172.019 165.219 5 -1.55559 0 1.79112e-12 360.023
172.023 164.969 5 -1.55559 0 -1.79112e-12 360.273
172.027 164.719 5 -1.55559 0 1.79112e-12 360.523
172.031 164.469 5 -1.55559 0 -1.79112e-12 360.773
172.034 164.219 5 -1.55559 0 1.79112e-12 361.023
172.038 163.969 5 -1.55559 0 -1.79112e-12 361.273
172.042 163.719 5 -1.55559 0 1.79112e-12 361.523
172.046 163.469 5 -1.55559 0 -1.79112e-12 361.773
172.05 163.219 5 -1.55559 0 1.79112e-12 362.023
172.053 162.969 5 -1.55559 0 -1.79112e-12 362.273
172.057 162.719 5 -1.55559 0 1.79112e-12 362.523
172.061 162.469 5 -1.55559 0 -1.79112e-12 362.773
172.065 162.219 5 -1.55559 0 1.79112e-12 363.023
172.069 161.969 5 -1.55559 0 -1.79112e-12 363.273
172.072 161.719 5 -1.55559 0 1.79112e-12 363.523
172.076 161.469 5 -1.55559 0 -1.79112e-12 363.773
172.08 161.219 5 -1.55559 0 1.79112e-12 364.023
172.084 160.969 5 -1.55559 0 -1.79112e-12 364.273
172.088 160.719 5 -1.55559 0 1.79112e-12 364.523
172.091 160.469 5 -1.55559 0 -1.79112e-12 364.773
172.095 160.219 5 -1.55559 0 1.79112e-12 365.023
172.099 159.969 5 -1.55559 0 -1.79112e-12 365.273
172.103 159.719 5 -1.55559 0 1.79112e-12 365.523
172.107 159.47 5 -1.55559 0 -1.79112e-12 365.773
172.11 159.22 5 -1.55559 0 1.79112e-12 366.023
172.114 158.97 5 -1.55559 0 -1.79112e-12 366.273
172.118 158.72 5 -1.55559 0 1.79112e-12 366.523
172.122 158.47 5 -1.55559 0 -1.79112e-12 366.773
172.126 158.22 5 -1.55559 0 1.79112e-12 367.023
172.129 157.97 5 -1.55559 0 -1.79112e-12 367.273
172.133 157.72 5 -1.55559 0 1.79112e-12 367.523
172.137 157.47 5 -1.55559 0 -1.79112e-12 367.773
172.141 157.22 5 -1.55559 0 1.79112e-12 368.023
172.145 156.97 5 -1.55559 0 -1.79112e-12 368.273
172.148 156.72 5 -1.55559 0 1.79112e-12 368.523
172.152 156.47 5 -1.55559 0 -1.79112e-12 368.773
172.156 156.22 5 -1.55559 0 1.79112e-12 369.023
172.16 155.97 5 -1.55559 0 -1.79112e-12 369.273
172.164 155.72 5 -1.55559 0 1.79112e-12 369.523
172.167 155.47 5 -1.55559 0 -1.79112e-12 369.773
172.171 155.22 5 -1.55559 0 1.79112e-12 370.023
172.175 154.97 5 -1.55559 0 -1.79112e-12 370.273
172.179 154.72 5 -1.55559 0 1.79112e-12 370.523
172.183 154.47 5 -1.55559 0 -1.79112e-12 370.773
172.186 154.22 5 -1.55559 0 1.79112e-12 371.023
172.19 153.97 5 -1.55559 0 -1.79112e-12 371.273
172.194 153.72 5 -1.55559 0 1.79112e-12 371.523
172.198 153.47 5 -1.55559 0 -1.79112e-12 371.773
172.202 153.22 5 -1.55559 0 1.79112e-12 372.023
172.205 152.97 5 -1.55559 0 -1.79112e-12 372.273
172.209 152.72 5 -1.55559 0 1.79112e-12 372.523
172.213 152.47 5 -1.55559 0 -1.79112e-12 372.773
172.217 152.22 5 -1.55559 0 1.79112e-12 373.023
172.221 151.97 5 -1.55559 0 -1.79112e-12 373.273
172.224 151.72 5 -1.55559 0 1.79112e-12 373.523
172.228 151.47 5 -1.55559 0 -1.79112e-12 373.773
172.232 151.22 5 -1.55559 0 1.79112e-12 374.023
172.236 150.971 5 -1.55559 0 -1.79112e-12 374.273
172.24 150.721 5 -1.55559 0 1.79112e-12 374.523
172.243 150.471 5 -1.55559 0 -1.79112e-12 374.773
172.247 150.221 5 -1.55559 0 1.79112e-12 375.023
172.251 149.971 5 -1.55559 0 -1.79112e-12 375.273
172.255 149.721 5 -1.55559 0 1.79112e-12 375.523
172.259 149.471 5 -1.55559 0 -1.79112e-12 375.773
172.262 149.221 5 -1.55559 0 1.79112e-12 376.023
172.266 148.971 5 -1.55559 0 -1.79112e-12 376.273
172.27 148.721 5 -1.55559 0 1.79112e-12 376.523
172.274 148.471 5 -1.55559 0 -1.79112e-12 376.773
172.278 148.221 5 -1.55559 0 1.79112e-12 377.023
172.281 147.971 5 -1.55559 0 -1.79112e-12 377.273
172.285 147.721 5 -1.55559 0 1.79112e-12 377.523
172.289 147.471 5 -1.55559 0 -1.79112e-12 377.773
172.293 147.221 5 -1.55559 0 1.79112e-12 378.023
172.297 146.971 5 -1.55559 0 -1.79112e-12 378.273
172.3 146.721 5 -1.55559 0 1.79112e-12 378.523
172.304 146.471 5 -1.55559 0 -1.79112e-12 378.773
172.308 146.221 5 -1.55559 0 1.79112e-12 379.023
172.312 145.971 5 -1.55559 0 -1.79112e-12 379.273
172.316 145.721 5 -1.55559 0 1.79112e-12 379.523
172.319 145.471 5 -1.55559 0 -1.79112e-12 379.773
172.323 145.221 5 -1.55559 0 1.79112e-12 380.023
172.327 144.971 5 -1.55559 0 -1.79112e-12 380.273
172.331 144.721 5 -1.55559 0 1.79112e-12 380.523
172.335 144.471 5 -1.55559 0 -1.79112e-12 380.773
172.338 144.221 5 -1.55559 0 1.79112e-12 381.023
172.342 143.971 5 -1.55559 0 -1.79112e-12 381.273
172.346 143.721 5 -1.55559 0 1.79112e-12 381.523
172.35 143.471 5 -1.55559 0 -1.79112e-12 381.773
172.354 143.221 5 -1.55559 0 1.79112e-12 382.023
172.357 142.971 5 -1.55559 0 -1.79112e-12 382.273
172.361 142.721 5 -1.55559 0 1.79112e-12 382.523
172.365 142.471 5 -1.55559 0 -1.79112e-12 382.773
172.369 142.222 5 -1.55559 0 1.79112e-12 383.023
172.373 141.972 5 -1.55559 0 -1.79112e-12 383.273
172.376 141.722 5 -1.55559 0 1.79112e-12 383.523
172.38 141.472 5 -1.55559 0 -1.79112e-12 383.773
172.384 141.222 5 -1.55559 0 1.79112e-12 384.023
172.388 140.972 5 -1.55559 0 -1.79112e-12 384.273
172.392 140.722 5 -1.55559 0 1.79112e-12 384.523
172.395 140.472 5 -1.55559 0 -1.79112e-12 384.773
172.399 140.222 5 -1.55559 0 1.79112e-12 385.023
172.403 139.972 5 -1.55559 0 -1.79112e-12 385.273
172.407 139.722 5 -1.55559 0 1.79112e-12 385.523
172.411 139.472 5 -1.55559 0 -1.79112e-12 385.773
172.414 139.222 5 -1.55559 0 1.79112e-12 386.023
172.418 138.972 5 -1.55559 0 -1.79112e-12 386.273
172.422 138.722 5 -1.55559 0 1.79112e-12 386.523
172.426 138.472 5 -1.55559 0 -1.79112e-12 386.773
172.43 138.222 5 -1.55559 0 1.79112e-12 387.023
172.433 137.972 5 -1.55559 0 -1.79112e-12 387.273
172.437 137.722 5 -1.55559 0 1.79112e-12 387.523
172.441 137.472 5 -1.55559 0 -1.79112e-12 387.773
172.445 137.222 5 -1.55559 0 1.79112e-12 388.023
172.449 136.972 5 -1.55559 0 -1.79112e-12 388.273
172.453 136.722 5 -1.55559 0 1.79112e-12 388.523
172.456 136.472 5 -1.55559 0 -1.79112e-12 388.773
172.46 136.222 5 -1.55559 0 1.79112e-12 389.023
172.464 135.972 5 -1.55559 0 -1.79112e-12 389.273
172.468 135.722 5 -1.55559 0 1.79112e-12 389.523
172.472 135.472 5 -1.55559 0 -1.79112e-12 389.773
172.475 135.222 5 -1.55559 0 1.79112e-12 390.023
172.479 134.972 5 -1.55559 0 -1.79112e-12 390.273
172.483 134.722 5 -1.55559 0 1.79112e-12 390.523
172.487 134.472 5 -1.55559 0 -1.79112e-12 390.773
172.491 134.222 5 -1.55559 0 1.79112e-12 391.023
172.494 133.972 5 -1.55559 0 -1.79112e-12 391.273
172.498 133.722 5 -1.55559 0 1.79112e-12 391.523
172.502 133.473 5 -1.55559 0 -1.79112e-12 391.773
172.506 133.223 5 -1.55559 0 1.79112e-12 392.023
172.51 132.973 5 -1.55559 0 -1.79112e-12 392.273
172.513 132.723 5 -1.55559 0 1.79112e-12 392.523
172.517 132.473 5 -1.55559 0 -1.79112e-12 392.773
172.521 132.223 5 -1.55559 0 1.79112e-12 393.023
172.525 131.973 5 -1.55559 0 -1.79112e-12 393.273
172.529 131.723 5 -1.55559 0 1.79112e-12 393.523
172.532 131.473 5 -1.55559 0 -1.79112e-12 393.773
172.536 131.223 5 -1.55559 0 1.79112e-12 394.023
172.54 130.973 5 -1.55559 0 -1.79112e-12 394.273
172.544 130.723 5 -1.55559 0 1.79112e-12 394.523
172.548 130.473 5 -1.55559 0 -1.79112e-12 394.773
172.551 130.223 5 -1.55559 0 1.79112e-12 395.023
172.555 129.973 5 -1.55559 0 -1.79112e-12 395.273
172.559 129.723 5 -1.55559 0 1.79112e-12 395.523
172.563 129.473 5 -1.55559 0 -1.79112e-12 395.773
172.567 129.223 5 -1.55559 0 1.79112e-12 396.023
172.57 128.973 5 -1.55559 0 -1.79112e-12 396.273
172.574 128.723 5 -1.55559 0 1.79112e-12 396.523
172.578 128.473 5 -1.55559 0 -1.79112e-12 396.773
172.582 128.223 5 -1.55559 0 1.73579e-12 397.023
172.586 127.973 5 -1.55559 0 -1.79112e-12 397.273
172.589 127.723 5 -1.55559 0 1.84644e-12 397.523
172.593 127.473 5 -1.55559 0 -1.80495e-12 397.773
172.597 127.223 5 -1.55559 0 1.81878e-12 398.023
172.601 126.973 5 -1.55559 0 -1.86027e-12 398.273
172.605 126.723 5 -1.55559 0 -1.86027e-12 398.523
