171.555 134.727 2.42231 -1.54979 -0.00499465 0 -0.348047 0
171.566 134.23 2.3614 -1.55311 -0.00532111 0.497304 -0.273241 0.208069
171.575 133.733 2.30375 -1.55656 -0.00532772 0.994576 -0.267659 0.421318
171.582 133.236 2.24579 -1.55981 -0.00495494 1.492 -0.262469 0.640039
171.587 132.738 2.18743 -1.56263 -0.00412298 1.98979 -0.257159 0.864617
171.591 132.24 2.12872 -1.56476 -0.00276129 2.48822 -0.251188 1.09548
171.594 131.74 2.06976 -1.56589 -0.000813604 2.98755 -0.244472 1.33346
171.597 131.24 2.01066 -1.56573 0.00175772 3.48811 -0.237176 1.57879
171.599 130.738 1.95154 -1.56394 0.0049686 3.9902 -0.229291 1.83229
171.603 130.234 1.89252 -1.56018 0.00881136 4.49415 -0.220784 2.09441
171.608 129.728 1.8338 -1.55414 0.0132543 5.00027 -0.211501 2.36619
171.617 129.219 1.77561 -1.54553 0.0182426 5.50884 -0.201375 2.64804
171.629 128.708 1.71827 -1.53406 0.0236994 6.02014 -0.190301 2.94076
171.648 128.194 1.66219 -1.51951 0.0295288 6.53439 -0.17818 3.24507
171.675 127.677 1.60788 -1.5017 0.0356181 7.05176 -0.164922 3.56156
171.711 127.158 1.55592 -1.48051 0.0418416 7.57238 -0.150543 3.89068
171.758 126.636 1.50705 -1.45589 0.0480653 8.09631 -0.135097 4.23294
171.818 126.112 1.46193 -1.42788 0.0541521 8.62353 -0.118777 4.58816
171.894 125.587 1.42136 -1.39656 0.0599701 9.15397 -0.101857 4.95629
171.987 125.062 1.3859 -1.36211 0.0654002 9.68747 -0.0847419 5.33652
172.098 124.537 1.35605 -1.32478 0.0703463 10.2238 -0.0679205 5.72788
172.229 124.015 1.33205 -1.28484 0.0747434 10.7627 -0.0519671 6.12901
172.382 123.495 1.31382 -1.24261 0.0785648 11.3039 -0.0375001 6.53826
172.557 122.981 1.30089 -1.19841 0.0818248 11.8471 -0.0251287 6.95387
172.755 122.474 1.29246 -1.15253 0.0845776 12.392 -0.0153716 7.37417
172.977 121.974 1.28748 -1.10532 0.0869114 12.9382 -0.00863147 7.79771
173.219 121.491 1.28469 -1.05739 0.0889368 13.4789 -0.00513051 8.21814
173.485 121.021 1.28274 -1.00849 0.0907738 14.0191 -0.00462111 8.63901
173.773 120.564 1.28043 -0.958619 0.0925351 14.5594 -0.00666712 9.06052
174.083 120.122 1.27684 -0.907804 0.0943103 15.0994 -0.0105812 9.4828
174.415 119.696 1.27135 -0.856027 0.0961501 15.639 -0.0154163 9.90628
174.769 119.289 1.26378 -0.803266 0.0980541 16.1781 -0.0200234 10.3316
175.143 118.902 1.25447 -0.749528 0.099962 16.7167 -0.0232015 10.7592
175.536 118.535 1.24423 -0.694878 0.101753 17.2547 -0.023865 11.1898
175.949 118.191 1.23435 -0.631823 0.103251 17.7922 -0.0211724 11.6236
176.489 117.796 1.2249 -0.568866 0.10448 18.4615 -0.0126121 12.1681
176.959 117.496 1.22148 -0.510824 0.104304 19.0186 -0.00200093 12.6237
177.444 117.223 1.22339 -0.453352 0.103124 19.5753 0.0106438 13.0793
177.944 116.98 1.23127 -0.39714 0.100845 20.131 0.0241572 13.5322
178.455 116.766 1.24507 -0.342879 0.0974676 20.685 0.0374831 13.9798
178.974 116.58 1.26453 -0.291192 0.0930964 21.2366 0.0522835 14.4196
179.5 116.423 1.29208 -0.242106 0.0879301 21.7853 0.076771 14.8491
180.032 116.291 1.32862 -0.193219 0.0869342 22.3331 0.0947815 15.2674
180.569 116.186 1.3673 -0.146522 0.0813498 22.8806 0.0926655 15.6736
181.105 116.107 1.39917 -0.112593 0.0672089 23.4224 0.0654564 16.065
181.524 116.06 1.41253 -0.0789403 0.0579123 23.8438 0.0219947 16.3645
182.159 116.01 1.41016 -0.0560258 0.0393211 24.4807 -0.0268004 16.8152
182.563 115.987 1.40031 -0.0433955 0.0234318 24.8857 -0.0398829 17.1033
183.181 115.96 1.38136 -0.0287058 0.0287369 25.5047 -0.0432217 17.5484
183.696 115.945 1.36557 -0.0162554 0.032007 26.019 -0.041192 17.9228
184.108 115.939 1.35327 -0.00106193 0.0322575 26.4316 -0.0395671 18.2264
184.642 115.938 1.33855 0.0137173 0.0291914 26.9658 -0.034034 18.6234
185.157 115.945 1.32695 0.0253822 0.0230872 27.4806 -0.0255691 19.0097
185.663 115.958 1.31887 0.0340476 0.0174076 27.9868 -0.0168509 19.3924
186.162 115.975 1.31414 0.0399952 0.0120786 28.4862 -0.00793472 19.7718
186.656 115.995 1.31293 0.0435338 0.00724609 28.98 -0.00317223 20
187.144 116.016 1.31293 0.0451523 0.0030302 29.4693 -0.00317223 20
187.755 116.044 1.31293 0.0444545 -0.00196205 30.0805 -0.00317223 20
188.253 116.066 1.31293 0.0425378 -0.00435332 30.5789 -0.00317223 20
188.75 116.087 1.31293 0.0397036 -0.00601078 31.0763 -0.00317223 20
189.246 116.107 1.31293 0.0397036 -0.00699023 31.573 -0.00317223 20
