276.235 117.3 0.0139855 -0.0584594 4.66177e-09 0 -0.00310128 0
276.736 117.271 0.909209 -0.0539951 -0.000774872 0.501363 0.714786 1.24755
277.236 117.243 1.20497 -0.0487614 -0.000697138 1.00257 0.542855 1.71896
277.737 117.219 1.39007 -0.0436825 -0.000624251 1.50359 0.419853 2.10414
278.237 117.197 1.51725 -0.0387582 -0.000556075 2.00446 0.324022 2.44778
278.738 117.178 1.60826 -0.0339882 -0.000492471 2.5052 0.246158 2.76779
279.238 117.161 1.67331 -0.0293723 -0.000433296 3.0058 0.18193 3.07261
279.738 117.146 1.71888 -0.0249102 -0.000378403 3.5063 0.128547 3.36746
280.238 117.134 1.74936 -0.0206013 -0.000327644 4.00671 0.0840878 3.65584
280.739 117.123 1.76789 -0.0164453 -0.000280869 4.50703 0.0471605 3.94019
281.239 117.115 1.77682 -0.0124416 -0.000237925 5.00728 0.0167083 4.22234
281.739 117.109 1.77798 -0.00858958 -0.000198661 5.50747 -0.00810627 4.50367
282.239 117.105 1.77278 -0.00488875 -0.000162924 6.00762 -0.0278922 4.78531
282.739 117.102 1.7626 -0.00133843 -0.000130561 6.50772 -0.0433263 5.06817
283.239 117.101 1.74852 0.00206204 -0.000101419 7.00779 -0.0549424 5.35298
283.739 117.102 1.73148 0.00531336 -7.53465e-05 7.50783 -0.0631973 5.64033
284.239 117.105 1.7123 0.00841625 -5.21923e-05 8.00786 -0.0685072 5.93069
284.739 117.109 1.69172 0.0113714 -3.18068e-05 8.50787 -0.071255 6.22445
285.239 117.115 1.67041 0.0141797 -1.40414e-05 9.00787 -0.0717953 6.52188
285.739 117.122 1.64894 0.0168418 1.2507e-06 9.50787 -0.070455 6.82315
286.239 117.131 1.62785 0.0193585 1.42146e-05 10.0079 -0.0675332 7.12835
286.739 117.14 1.60761 0.0217306 2.49934e-05 10.5079 -0.0633007 7.43745
287.239 117.151 1.58861 0.0239589 3.37283e-05 11.0079 -0.0579975 7.75036
287.739 117.163 1.57121 0.0260443 4.05586e-05 11.5079 -0.051832 8.06687
288.239 117.176 1.5557 0.0279877 4.56226e-05 12.0079 -0.0449802 8.38671
288.738 117.19 1.54236 0.0297902 4.90632e-05 12.508 -0.037582 8.70956
289.238 117.205 1.53142 0.0314543 5.10453e-05 13.008 -0.029751 9.03499
289.738 117.221 1.52301 0.0329845 5.1794e-05 13.5081 -0.0215785 9.36247
290.238 117.237 1.51727 0.0343898 5.16413e-05 14.0082 -0.0131253 9.69148
290.738 117.254 1.51438 0.0356846 5.1027e-05 14.5083 -0.00442971 10.0214
291.238 117.272 1.51439 0.0368878 5.03905e-05 15.0084 0.00447377 10.3517
291.737 117.291 1.51735 0.0380183 4.99948e-05 15.5085 0.0135564 10.6817
292.237 117.31 1.52332 0.0390908 4.98328e-05 16.0086 0.0227877 11.0107
292.737 117.329 1.53232 0.040114 4.97166e-05 16.5088 0.0321215 11.3381
293.237 117.349 1.54429 0.0410911 4.9454e-05 17.0089 0.0414887 11.6633
293.736 117.37 1.55915 0.0420231 4.89514e-05 17.5091 0.0507963 11.9857
294.236 117.391 1.57681 0.0429102 4.82027e-05 18.0093 0.0599178 12.3048
294.736 117.412 1.5971 0.0437528 4.72354e-05 18.5094 0.0686881 12.62
295.236 117.434 1.61976 0.0445513 4.60778e-05 19.0096 0.0769152 12.931
295.735 117.456 1.6445 0.0453066 4.47512e-05 19.5099 0.0843692 13.2375
296.235 117.479 1.67095 0.0460192 4.32726e-05 20.0101 0.0907882 13.5393
296.735 117.502 1.6987 0.04669 4.16571e-05 20.5103 0.0958803 13.8362
297.234 117.525 1.72724 0.0473196 3.99187e-05 21.0106 0.0993288 14.1283
297.734 117.549 1.75603 0.0479088 3.80706e-05 21.5108 0.100796 14.4155
298.234 117.573 1.78445 0.0484582 3.61256e-05 22.0111 0.09992 14.6982
298.733 117.597 1.81178 0.0489685 3.40958e-05 22.5114 0.0962517 14.9763
299.233 117.622 1.8373 0.0494404 3.19926e-05 23.0116 0.0895606 15.2505
299.733 117.647 1.86032 0.0498746 2.98268e-05 23.5119 0.0800665 15.5211
300.232 117.671 1.88019 0.0502717 2.76088e-05 24.0122 0.0680458 15.7886
300.732 117.697 1.89632 0.0506324 2.53485e-05 24.5125 0.0537121 16.0534
301.232 117.722 1.9084 0.0509573 2.3055e-05 25.0129 0.0377401 16.3164
301.731 117.747 1.91613 0.051247 2.07371e-05 25.5132 0.0215453 16.578
302.231 117.773 1.91976 0.0515022 1.84031e-05 26.0135 0.00670667 16.8388
302.731 117.799 1.91993 0.0517235 1.60608e-05 26.5138 -0.00535405 17.0994
303.23 117.825 1.91742 0.0519114 1.37176e-05 27.0142 -0.0128559 17.3601
303.73 117.851 1.91373 0.0520666 1.13804e-05 27.5145 -0.0144725 17.6213
304.23 117.877 1.91057 0.0521896 9.05579e-06 28.0148 -0.00844143 17.883
304.729 117.903 1.90972 0.0522811 6.74982e-06 28.5152 -0.00585756 18
305.229 117.929 1.90972 0.0523416 4.46828e-06 29.0155 -0.00585756 18
305.729 117.955 1.90972 0.0523732 2.21655e-06 29.5159 -0.00585756 18
306.228 117.981 1.90972 0.0523732 7.07262e-07 30.0162 -0.00585756 18
