197.284 248.949 2.95412 -3.10045 0.000254285 0 -0.0524538 0
196.784 248.928 2.93292 -3.10084 0.000311163 0.500335 -0.155318 0.169943
196.284 248.908 2.90618 -3.10131 0.000406116 1.00073 -0.156826 0.341343
195.784 248.888 2.87894 -3.10174 0.000489283 1.50117 -0.158232 0.514321
195.284 248.868 2.8512 -3.10215 0.000548007 2.00167 -0.159538 0.689003
194.784 248.848 2.82294 -3.10254 0.000567831 2.50222 -0.160776 0.865467
194.284 248.829 2.79418 -3.10296 0.000533283 3.00278 -0.162011 1.0437
193.784 248.809 2.76491 -3.10343 0.000428932 3.50333 -0.163341 1.22376
193.283 248.79 2.73507 -3.10399 0.000240721 4.00372 -0.164885 1.40568
192.784 248.771 2.70458 -3.1047 -4.24918e-05 4.50388 -0.166797 1.58959
192.284 248.753 2.67335 -3.10559 -0.000427249 5.00383 -0.169248 1.77554
191.785 248.735 2.64124 -3.10673 -0.000913745 5.5035 -0.17236 1.96359
191.286 248.717 2.6081 -3.10816 -0.00149413 6.00285 -0.176128 2.15384
190.787 248.701 2.57378 -3.10991 -0.00215099 6.50184 -0.180544 2.34643
190.289 248.685 2.53807 -3.11201 -0.00285609 7.00045 -0.18572 2.5415
189.791 248.67 2.50078 -3.11446 -0.00356965 7.49867 -0.191673 2.73924
189.293 248.657 2.46168 -3.11724 -0.00424007 7.99653 -0.198263 2.93988
188.796 248.645 2.42059 -3.12029 -0.00480454 8.49408 -0.205127 3.1437
188.298 248.634 2.37737 -3.12352 -0.0051904 8.99142 -0.21189 3.351
187.801 248.625 2.33196 -3.12682 -0.00531756 9.48867 -0.218376 3.56216
187.304 248.618 2.28429 -3.13 -0.00510184 9.98601 -0.224235 3.77759
186.806 248.612 2.2344 -3.13285 -0.0044592 10.4836 -0.228984 3.99776
186.308 248.608 2.18234 -3.13513 -0.00331072 10.9818 -0.232252 4.22343
185.809 248.604 2.12831 -3.13654 -0.00158784 11.4808 -0.234267 4.45498
185.309 248.602 2.07245 -3.13676 0.000762356 11.981 -0.235026 4.69299
184.807 248.599 2.0148 -3.13546 0.00377252 12.4826 -0.234424 4.93855
184.304 248.596 1.95559 -3.13226 0.00745128 12.986 -0.232488 5.19204
183.8 248.592 1.89512 -3.12684 0.0117807 13.4903 -0.229024 5.45407
183.294 248.584 1.83367 -3.1189 0.0167153 13.9959 -0.223943 5.72526
182.786 248.573 1.77151 -3.10813 0.0221819 14.5037 -0.217089 6.00693
182.276 248.556 1.70911 -3.09425 0.0280816 15.014 -0.20831 6.30009
181.764 248.531 1.64707 -3.0771 0.0342925 15.5267 -0.197508 6.60571
181.25 248.498 1.58612 -3.05653 0.0406739 16.042 -0.1847 6.92461
180.734 248.454 1.52707 -3.03252 0.0470724 16.5599 -0.170015 7.25747
180.217 248.397 1.47079 -3.00511 0.0533295 17.0805 -0.153719 7.60475
179.698 248.326 1.4183 -2.97442 0.0592914 17.6035 -0.136232 7.96708
179.18 248.239 1.37035 -2.94068 0.0648194 18.129 -0.118217 8.34413
178.663 248.133 1.32759 -2.90414 0.069802 18.6568 -0.100479 8.73552
178.148 248.009 1.29031 -2.86514 0.0741656 19.1866 -0.0840019 9.14045
177.637 247.864 1.25831 -2.82402 0.0778819 19.7182 -0.0698667 9.5578
177.13 247.697 1.2308 -2.78113 0.0809721 20.2514 -0.0591523 9.9863
176.63 247.509 1.2064 -2.73678 0.0835056 20.7858 -0.0529203 10.425
176.138 247.298 1.1831 -2.69124 0.0855927 21.3213 -0.051942 10.8731
175.655 247.064 1.15842 -2.64467 0.0873734 21.8574 -0.0567596 11.331
175.184 246.809 1.12954 -2.59102 0.0890017 22.394 -0.0674207 11.7999
174.614 246.459 1.08302 -2.53639 0.0914765 23.0621 -0.0875852 12.4032
174.163 246.147 1.03239 -2.48574 0.0933294 23.6105 -0.108099 12.9213
173.728 245.812 0.966821 -2.43383 0.0954188 24.1599 -0.130516 13.4704
173.309 245.454 0.882626 -2.38052 0.0977373 24.7106 -0.151702 14.0653
172.91 245.073 0.776154 -2.32568 0.100198 25.2627 -0.166582 14.7303
172.53 244.67 0.645851 -2.26929 0.102631 25.8163 -0.163456 15.5089
172.173 244.245 0.511227 -2.21152 0.104785 26.3712 -0.099449 16.4766
171.843 243.802 0.479277 -2.15316 0.106353 26.9244 -0.0227591 17
171.548 243.354 0.479277 -2.0958 0.107003 27.4609 -0.0227591 17
171.278 242.889 0.479277 -2.03853 0.106428 27.9984 -0.0227591 17
171.035 242.407 0.479277 -1.98209 0.104391 28.5374 -0.0227591 17
170.819 241.911 0.479277 -1.92725 0.100776 29.0785 -0.0227591 17
170.629 241.402 0.479277 -1.87453 0.0957932 29.6225 -0.0227591 17
170.465 240.878 0.479277 -1.82374 0.0910507 30.1712 -0.0227591 17
170.326 240.339 0.479277 -1.77584 0.0838677 30.7279 -0.0227591 17
170.21 239.783 0.479277 -1.77584 0.0743198 31.296 -0.0227591 17
