412.261 252.114 3.01489 -3.09898 -1.00159e-13 0 -0.000339336 0
411.761 252.093 3.01515 -3.0999 -6.54611e-05 0.500225 0.00202764 0.165911
411.261 252.072 3.01548 -3.10099 -6.22729e-05 1.00044 0.00164273 0.3318
410.762 252.051 3.01575 -3.10207 -5.91259e-05 1.50063 0.00124882 0.497668
410.262 252.032 3.01595 -3.10313 -5.60268e-05 2.00081 0.000845859 0.663518
409.762 252.012 3.01608 -3.10418 -5.29818e-05 2.50098 0.000428351 0.829354
409.262 251.994 3.01614 -3.10521 -4.99969e-05 3.00114 -9.85301e-06 0.99518
408.762 251.976 3.01612 -3.10622 -4.70776e-05 3.50128 -0.000478146 1.161
408.263 251.958 3.01602 -3.10721 -4.42291e-05 4.00141 -0.00098012 1.32682
407.763 251.941 3.01584 -3.10818 -4.14564e-05 4.50153 -0.00152286 1.49265
407.263 251.924 3.01555 -3.10914 -3.87637e-05 5.00163 -0.00211682 1.65848
406.763 251.908 3.01517 -3.11007 -3.61553e-05 5.50173 -0.00276382 1.82433
406.263 251.892 3.01467 -3.11098 -3.36347e-05 6.00182 -0.00347202 1.9902
405.763 251.877 3.01405 -3.11187 -3.12053e-05 6.5019 -0.004252 2.1561
405.264 251.862 3.01329 -3.11273 -2.887e-05 7.00198 -0.00510389 2.32203
404.764 251.847 3.01238 -3.11357 -2.66312e-05 7.50204 -0.00603696 2.48801
404.264 251.833 3.01131 -3.11439 -2.4491e-05 8.0021 -0.00706088 2.65404
403.764 251.82 3.01006 -3.11518 -2.24509e-05 8.50215 -0.00817422 2.82013
403.264 251.807 3.00862 -3.11594 -2.05122e-05 9.0022 -0.00938698 2.98629
402.764 251.794 3.00696 -3.11668 -1.86756e-05 9.50225 -0.0107071 3.15254
402.264 251.781 3.00508 -3.11739 -1.69414e-05 10.0023 -0.0121314 3.31888
401.765 251.769 3.00294 -3.11807 -1.53095e-05 10.5023 -0.0136699 3.48534
401.265 251.757 3.00053 -3.11872 -1.37791e-05 11.0023 -0.0153282 3.65192
400.765 251.746 2.99785 -3.11934 -1.23493e-05 11.5024 -0.017101 3.81863
400.265 251.735 2.99485 -3.11993 -1.10182e-05 12.0024 -0.0189968 3.98551
399.765 251.724 2.99151 -3.12048 -9.78351e-06 12.5024 -0.0210185 4.15256
399.265 251.713 2.98783 -3.12101 -8.64232e-06 13.0024 -0.0231583 4.31981
398.765 251.703 2.98377 -3.1215 -7.59251e-06 13.5025 -0.0254207 4.48727
398.265 251.693 2.97931 -3.12196 -6.6363e-06 14.0025 -0.0278061 4.65497
397.765 251.683 2.97444 -3.12238 -5.78407e-06 14.5025 -0.0303026 4.82293
397.265 251.674 2.96914 -3.12278 -5.05296e-06 15.0025 -0.0329085 4.99118
396.765 251.664 2.96336 -3.12315 -4.45584e-06 15.5025 -0.0356212 5.15975
396.266 251.655 2.95712 -3.1235 -3.98738e-06 16.0025 -0.0384232 5.32865
395.766 251.646 2.95039 -3.12384 -3.62064e-06 16.5025 -0.0413045 5.49792
395.266 251.637 2.94312 -3.12418 -3.31849e-06 17.0025 -0.0442561 5.66761
394.766 251.628 2.93534 -3.1245 -3.04931e-06 17.5025 -0.0472536 5.83772
394.266 251.62 2.92704 -3.12483 -2.79445e-06 18.0025 -0.050278 6.00829
393.766 251.612 2.91817 -3.12514 -2.54641e-06 18.5025 -0.0533053 6.17937
393.266 251.603 2.90876 -3.12546 -2.30372e-06 19.0025 -0.0563049 6.351
392.766 251.595 2.89882 -3.12576 -2.06722e-06 19.5025 -0.0592461 6.52318
392.266 251.587 2.88836 -3.12606 -1.8383e-06 20.0025 -0.062092 6.69596
391.766 251.58 2.87734 -3.12635 -1.61841e-06 20.5025 -0.0647883 6.86941
391.266 251.572 2.86584 -3.12663 -1.40889e-06 21.0025 -0.0672957 7.04354
390.766 251.564 2.85388 -3.1269 -1.21099e-06 21.5026 -0.0695613 7.21836
390.266 251.557 2.8415 -3.12716 -1.02579e-06 22.0026 -0.0715185 7.39392
389.766 251.55 2.82874 -3.12742 -8.54257e-07 22.5026 -0.0730782 7.5703
389.266 251.543 2.81569 -3.12766 -6.97174e-07 23.0026 -0.0741826 7.74747
388.766 251.536 2.80243 -3.12788 -5.55173e-07 23.5026 -0.0747473 7.92546
388.266 251.529 2.78906 -3.1281 -4.28707e-07 24.0026 -0.0746784 8.10428
387.767 251.522 2.77571 -3.1283 -3.1804e-07 24.5026 -0.0738288 8.284
387.267 251.516 2.76253 -3.12848 -2.2324e-07 25.0026 -0.0721045 8.46457
386.767 251.509 2.74969 -3.12865 -1.44165e-07 25.5026 -0.0693901 8.64599
386.267 251.503 2.73737 -3.12881 -8.04551e-08 26.0026 -0.0655499 8.82824
385.767 251.496 2.72582 -3.12894 -3.15209e-08 26.5026 -0.060438 9.01127
385.267 251.49 2.71528 -3.12906 3.46692e-09 27.0026 -0.0538752 9.19506
384.767 251.484 2.70611 -3.12917 2.55884e-08 27.5026 -0.04566 9.37954
384.267 251.477 2.69858 -3.12925 3.6185e-08 28.0026 -0.0356698 9.56458
383.767 251.471 2.69306 -3.12931 3.68705e-08 28.5026 -0.0237298 9.75006
383.267 251.465 2.68985 -3.12935 2.95412e-08 29.0026 -0.0112226 9.93585
382.767 251.459 2.68916 -3.12938 1.63876e-08 29.5026 -0.00870573 10
382.267 251.453 2.68916 -3.12938 5.52449e-09 30.0026 -0.00870573 10
