169.9 236.439 1.33942 -1.57884 0.0314579 0 0.107134 1.6174e-06
169.896 235.925 1.33705 -1.56233 0.0295038 0.514294 -0.00321139 0.383836
169.901 235.412 1.34405 -1.54683 0.0261925 1.02729 0.0381419 0.766891
169.913 234.901 1.3647 -1.53343 0.0217341 1.53844 0.0695255 1.14457
169.932 234.392 1.39438 -1.52261 0.0165943 2.04728 0.0898218 1.51363
169.956 233.886 1.42869 -1.51442 0.0116745 2.55371 0.0998552 1.87246
169.985 233.383 1.46399 -1.50872 0.00709256 3.05788 0.101307 2.22108
170.016 232.882 1.49758 -1.50528 0.00300229 3.56003 0.0957183 2.56013
170.049 232.382 1.52764 -1.50378 -0.000449597 4.06047 0.0848552 2.89096
170.082 231.884 1.5529 -1.50387 -0.00317258 4.55957 0.0703163 3.21491
170.115 231.387 1.57277 -1.50513 -0.00513827 5.0577 0.0536825 3.53354
170.148 230.891 1.58716 -1.50719 -0.00637648 5.55525 0.0363153 3.84837
170.18 230.395 1.5961 -1.50919 -0.00696368 6.05253 0.0193726 4.16072
170.21 229.907 1.59986 -1.51157 -0.00700744 6.54147 0.0039891 4.46663
170.238 229.422 1.59926 -1.51424 -0.00663019 7.02709 -0.00938702 4.77017
170.266 228.935 1.59482 -1.51674 -0.00595505 7.51499 -0.0204896 5.07562
170.292 228.445 1.58722 -1.51896 -0.00509539 8.00534 -0.0290766 5.38377
170.318 227.953 1.57725 -1.52085 -0.00414852 8.49811 -0.035087 5.69517
170.343 227.459 1.56564 -1.52238 -0.00319287 8.99314 -0.0385825 6.01017
170.367 226.962 1.55314 -1.52358 -0.00228783 9.49019 -0.0397802 6.32892
170.39 226.464 1.54043 -1.52449 -0.00147517 9.98894 -0.0389907 6.65137
170.413 225.964 1.5281 -1.52515 -0.000781222 10.489 -0.0365627 6.97732
170.436 225.464 1.51666 -1.52565 -0.000219336 10.9901 -0.0328649 7.30648
170.459 224.963 1.50653 -1.52603 0.000207737 11.4919 -0.0282662 7.63848
170.481 224.461 1.49794 -1.52638 0.000505628 11.9941 -0.023133 7.97278
170.504 223.959 1.49107 -1.52676 0.000686326 12.4964 -0.0177646 8.30889
170.526 223.457 1.486 -1.52721 0.000766331 12.9986 -0.0124146 8.64634
170.548 222.956 1.48267 -1.52777 0.000764952 13.5006 -0.00726412 8.98459
170.569 222.454 1.48105 -1.52847 0.000702729 14.0024 -0.00243901 9.32322
170.591 221.954 1.48099 -1.5293 0.000599891 14.5038 0.00200207 9.66181
170.611 221.453 1.48234 -1.53025 0.00047491 15.0049 0.00605878 10
170.632 220.953 1.48503 -1.53129 0.000343344 15.5057 0.00975442 10.3376
170.651 220.452 1.48889 -1.53239 0.000217255 16.0061 0.0131634 10.6742
170.671 219.953 1.49384 -1.53352 0.000105203 16.5064 0.0163596 11.0096
170.689 219.453 1.49982 -1.53467 1.2559e-05 17.0065 0.0194211 11.3437
170.707 218.953 1.50677 -1.53582 -5.80966e-05 17.5064 0.0224213 11.6763
170.725 218.454 1.51468 -1.53695 -0.000106553 18.0063 0.0254115 12.0072
170.742 217.954 1.52353 -1.53805 -0.000134472 18.5061 0.0284203 12.3362
170.758 217.455 1.53332 -1.53912 -0.000144822 19.0059 0.031445 12.6633
170.774 216.955 1.54401 -1.54015 -0.000141312 19.5058 0.0344495 12.9881
170.789 216.455 1.55559 -1.54112 -0.000127886 20.0056 0.0373617 13.3107
170.804 215.956 1.56799 -1.54205 -0.000108319 20.5055 0.040072 13.6308
170.818 215.456 1.5811 -1.54292 -8.59256e-05 21.0055 0.0424397 13.9483
170.832 214.956 1.59477 -1.54373 -6.3386e-05 21.5054 0.0442899 14.2632
170.846 214.456 1.60879 -1.54449 -4.26722e-05 22.0054 0.045416 14.5753
170.859 213.956 1.62289 -1.5452 -2.5056e-05 22.5055 0.0455824 14.8848
170.872 213.457 1.63674 -1.54586 -1.11794e-05 23.0055 0.044526 15.1916
170.884 212.957 1.64994 -1.54647 -1.16429e-06 23.5055 0.0419576 15.4959
170.896 212.457 1.66199 -1.54702 5.25857e-06 24.0056 0.0375634 15.7978
170.908 211.957 1.67232 -1.54754 8.61735e-06 24.5056 0.0310112 16.0977
170.92 211.457 1.68032 -1.548 9.57783e-06 25.0057 0.0223485 16.396
170.931 210.957 1.68547 -1.54842 8.84117e-06 25.5057 0.0122145 16.6931
170.943 210.457 1.68748 -1.54879 7.06589e-06 26.0057 0.00126071 16.9895
170.954 209.957 1.6862 -1.54912 4.81531e-06 26.5057 -0.00971805 17.2859
170.964 209.457 1.68185 -1.54941 2.52894e-06 27.0058 -0.0192138 17.5828
170.975 208.958 1.67511 -1.54964 5.14315e-07 27.5058 -0.0254739 17.8806
170.986 208.458 1.66717 -1.54984 -1.04529e-06 28.0058 -0.0267571 18.1798
170.996 207.958 1.65965 -1.54998 -2.07253e-06 28.5058 -0.0224306 18.4804
171.007 207.458 1.65422 -1.55008 -2.57172e-06 29.0058 -0.0127477 18.7822
171.017 206.958 1.65234 -1.55013 -2.60284e-06 29.5058 -0.00531196 19
171.027 206.458 1.65234 -1.55013 -2.38748e-06 30.0058 -0.00531196 19
