170.07 239.051 1.17932 -1.68763 0.0579247 0 0.0244203 1.72254e-06
170.018 238.601 1.19655 -1.65726 0.0524685 0.452326 0.0712695 0.381266
169.966 238.004 1.24519 -1.63105 0.0420138 1.05238 0.121455 0.873587
169.935 237.489 1.29923 -1.61504 0.0319743 1.56783 0.144679 1.27901
169.915 237.029 1.35359 -1.59829 0.0321247 2.02843 0.169137 1.62644
169.899 236.459 1.4301 -1.5797 0.0314741 2.59813 0.205232 2.0361
169.894 235.945 1.50791 -1.56396 0.0294757 3.11249 0.239253 2.38657
169.898 235.432 1.59244 -1.5496 0.0261466 3.62558 0.270759 2.71773
169.909 234.921 1.68128 -1.53731 0.0216668 4.13683 0.297021 3.03014
169.926 234.412 1.77191 -1.52756 0.0165074 4.6458 0.316825 3.32503
169.948 233.906 1.86225 -1.52043 0.0115759 5.15233 0.330189 3.60398
169.973 233.403 1.9506 -1.51577 0.00698559 5.65659 0.337044 3.86835
170.001 232.901 2.03577 -1.51335 0.00289254 6.15878 0.337899 4.12035
170.029 232.401 2.11671 -1.51285 -0.000556587 6.65921 0.332964 4.36131
170.058 231.903 2.19283 -1.51391 -0.00327207 7.15824 0.322791 4.59302
170.087 231.406 2.26334 -1.51612 -0.00522679 7.65624 0.307536 4.81645
170.114 230.909 2.32787 -1.51909 -0.00645198 8.15359 0.287619 5.03302
170.139 230.413 2.38605 -1.5225 -0.00702546 8.65062 0.262759 5.24384
170.163 229.917 2.43744 -1.52602 -0.0070559 9.14759 0.234093 5.44986
170.186 229.42 2.48176 -1.52913 -0.00666647 9.64441 0.203338 5.65182
170.206 228.933 2.51854 -1.53235 -0.00598069 10.132 0.172345 5.84679
170.225 228.444 2.54901 -1.53526 -0.00511207 10.6219 0.141262 6.04013
170.242 227.952 2.57332 -1.53778 -0.00415781 11.1143 0.110963 6.23236
170.259 227.457 2.59187 -1.53993 -0.00319612 11.609 0.0821568 6.42387
170.274 226.961 2.60504 -1.54171 -0.00228607 12.1057 0.0551475 6.61501
170.288 226.462 2.61322 -1.54316 -0.00146911 12.6042 0.0299925 6.80602
170.302 225.963 2.61674 -1.54436 -0.000771251 13.104 0.00657882 6.99714
170.315 225.462 2.61587 -1.54535 -0.000205595 13.6049 -0.0152913 7.18855
170.328 224.961 2.61093 -1.54623 0.000225339 14.1064 -0.0358982 7.38045
170.341 224.459 2.60212 -1.54705 0.000527422 14.6084 -0.0554899 7.57302
170.352 223.957 2.58956 -1.54787 0.000712903 15.1106 -0.0742596 7.76644
170.364 223.455 2.57336 -1.54872 0.000798414 15.6127 -0.0923531 7.96092
170.375 222.953 2.55357 -1.54962 0.000803038 16.1146 -0.10982 8.15669
170.386 222.452 2.53024 -1.55057 0.000746629 16.6162 -0.126617 8.35402
170.396 221.95 2.50343 -1.55155 0.000648525 17.1175 -0.142601 8.55319
170.405 221.45 2.47322 -1.55256 0.000526541 17.6185 -0.15752 8.7545
170.415 220.949 2.43973 -1.55361 0.000396131 18.1192 -0.171018 8.95829
170.423 220.449 2.40317 -1.55466 0.000269756 18.6196 -0.182652 9.16491
170.431 219.949 2.36384 -1.55574 0.000156561 19.1197 -0.192105 9.37472
170.439 219.449 2.32209 -1.55681 6.23819e-05 19.6197 -0.199132 9.58806
170.446 218.949 2.27833 -1.55787 -9.96448e-06 20.1195 -0.203401 9.80534
170.452 218.449 2.23309 -1.55891 -6.01958e-05 20.6193 -0.204461 10.027
170.458 217.949 2.18706 -1.55991 -8.99737e-05 21.1191 -0.202177 10.2531
170.464 217.45 2.14094 -1.56087 -0.000102283 21.6188 -0.196898 10.484
170.469 216.95 2.09538 -1.56178 -0.000100842 22.1186 -0.189024 10.72
170.473 216.45 2.05099 -1.56264 -8.95965e-05 22.6184 -0.179095 10.9611
170.477 215.95 2.00824 -1.56343 -7.23124e-05 23.1183 -0.167688 11.2074
170.481 215.45 1.96764 -1.56417 -5.22907e-05 23.6182 -0.155316 11.4589
170.484 214.95 1.9294 -1.56484 -3.21937e-05 24.1181 -0.142619 11.7155
170.487 214.45 1.89374 -1.56545 -1.39731e-05 24.6181 -0.130207 11.9771
170.49 213.95 1.86063 -1.56601 1.1196e-06 25.1182 -0.118618 12.2436
170.492 213.45 1.82993 -1.5665 1.24615e-05 25.6182 -0.107854 12.5145
170.494 212.95 1.80163 -1.56693 1.99475e-05 26.1183 -0.0977163 12.79
170.496 212.45 1.7757 -1.56731 2.3861e-05 26.6183 -0.0879027 13.0696
170.498 211.95 1.75218 -1.56764 2.4741e-05 27.1184 -0.07803 13.3532
170.5 211.45 1.73125 -1.56791 2.32615e-05 27.6185 -0.0676418 13.6403
170.501 210.95 1.71324 -1.56813 2.01293e-05 28.1186 -0.0561988 13.9307
170.502 210.45 1.69863 -1.56829 1.60067e-05 28.6186 -0.0431725 14.2239
170.504 209.95 1.68799 -1.5684 1.14597e-05 29.1187 -0.0286144 14.5193
170.505 209.45 1.6818 -1.56846 6.92977e-06 29.6187 -0.0129027 14.8161
170.506 208.95 1.68018 -1.56846 3.24577e-06 30.1188 -0.00556547 15
