358.768 251.19 3.01525 -3.12913 3.47922e-16 0 -0.00215213 0
358.268 251.183 3.01533 -3.1291 -8.91887e-09 0.5 0.00130304 0.165823
357.768 251.177 3.01554 -3.12907 -4.98102e-09 1 0.00102048 0.331635
357.269 251.171 3.01572 -3.12905 -2.59523e-09 1.5 0.000727678 0.497437
356.769 251.164 3.01584 -3.12903 -1.23886e-09 2 0.00041686 0.663231
356.269 251.158 3.0159 -3.12903 -5.02283e-10 2.5 8.37265e-05 0.82902
355.769 251.152 3.01591 -3.12903 -7.76226e-11 3 -0.000277816 0.994806
355.269 251.146 3.01585 -3.12903 2.5239e-10 3.5 -0.00067744 1.16059
354.769 251.139 3.01573 -3.12904 6.25904e-10 4 -0.00111764 1.32639
354.269 251.133 3.01552 -3.12905 1.11297e-09 4.5 -0.00160547 1.49219
353.769 251.127 3.01523 -3.12906 1.72692e-09 5 -0.00215133 1.65801
353.269 251.121 3.01484 -3.12908 2.43558e-09 5.5 -0.0027561 1.82384
352.769 251.114 3.01435 -3.12909 3.17252e-09 6 -0.00342797 1.9897
352.269 251.108 3.01373 -3.12911 3.84833e-09 6.5 -0.00417713 2.15559
351.769 251.102 3.01299 -3.12913 4.36178e-09 7 -0.00500302 2.32151
351.269 251.096 3.0121 -3.12914 4.61125e-09 7.5 -0.00591495 2.48748
350.769 251.089 3.01105 -3.12916 4.50579e-09 8 -0.006922 2.65351
350.269 251.083 3.00983 -3.12917 3.97646e-09 8.5 -0.00802223 2.8196
349.769 251.077 3.00841 -3.12918 2.98764e-09 9 -0.00922571 2.98575
349.269 251.071 3.00678 -3.12918 1.54819e-09 9.5 -0.0105397 3.152
348.769 251.065 3.00492 -3.12918 -2.77277e-10 10 -0.0119607 3.31834
348.269 251.058 3.00282 -3.12917 -2.35707e-09 10.5 -0.0134986 3.48479
347.769 251.052 3.00044 -3.12916 -4.48104e-09 11 -0.0151585 3.65137
347.269 251.046 2.99778 -3.12914 -6.3493e-09 11.5 -0.0169348 3.81808
346.769 251.04 2.9948 -3.12911 -7.55997e-09 12 -0.0188361 3.98495
346.269 251.033 2.99149 -3.12908 -7.59726e-09 12.5 -0.0208646 4.152
345.769 251.027 2.98784 -3.12903 -5.83066e-09 13 -0.0230123 4.31924
345.269 251.021 2.98381 -3.12898 -1.57384e-09 13.5 -0.0252838 4.48669
344.769 251.015 2.97936 -3.12891 5.68762e-09 14 -0.0276789 4.65439
344.27 251.008 2.97452 -3.12884 1.58202e-08 14.5 -0.0301854 4.82234
343.77 251.002 2.96924 -3.12877 2.75309e-08 15 -0.032802 4.99058
343.27 250.995 2.96347 -3.1287 3.84125e-08 15.5 -0.0355251 5.15914
342.77 250.989 2.95724 -3.12863 4.59015e-08 16 -0.0383371 5.32803
342.27 250.983 2.95053 -3.12857 4.85241e-08 16.5 -0.0412281 5.49729
341.77 250.976 2.94327 -3.12852 4.63583e-08 17 -0.0441886 5.66697
341.27 250.969 2.9355 -3.12848 4.05047e-08 17.5 -0.0471942 5.83707
340.77 250.963 2.92721 -3.12845 3.22942e-08 18 -0.0502262 6.00762
340.27 250.956 2.91836 -3.12842 2.28547e-08 18.5 -0.0532603 6.1787
339.77 250.95 2.90896 -3.12841 1.3029e-08 19 -0.0562662 6.35031
339.27 250.943 2.89902 -3.12841 3.44813e-09 19.5 -0.0592132 6.52248
338.77 250.937 2.88856 -3.12841 -5.41586e-09 20 -0.0620641 6.69524
338.27 250.93 2.87755 -3.12843 -1.32171e-08 20.5 -0.0647654 6.86869
337.77 250.923 2.86605 -3.12844 -1.97198e-08 21 -0.0672775 7.04279
337.27 250.917 2.8541 -3.12847 -2.47847e-08 21.5 -0.0695477 7.2176
336.77 250.91 2.84172 -3.12849 -2.83619e-08 22 -0.0715084 7.39316
336.27 250.904 2.82896 -3.12853 -3.04716e-08 22.5 -0.0730724 7.56952
335.77 250.897 2.81591 -3.12856 -3.12006e-08 23 -0.0741811 7.74667
335.27 250.891 2.80266 -3.1286 -3.06874e-08 23.5 -0.0747503 7.92465
334.77 250.884 2.78929 -3.12864 -2.91117e-08 24 -0.0746862 8.10346
334.27 250.878 2.77594 -3.12868 -2.66832e-08 24.5 -0.0738395 8.28316
333.77 250.871 2.76276 -3.12871 -2.36301e-08 25 -0.0721204 8.46372
333.27 250.865 2.74991 -3.12875 -2.01883e-08 25.5 -0.0694118 8.64512
332.77 250.858 2.73759 -3.12879 -1.65901e-08 26 -0.0655781 8.82735
332.271 250.852 2.72603 -3.12883 -1.3053e-08 26.5 -0.0604734 9.01038
331.771 250.846 2.71549 -3.12886 -9.76838e-09 27 -0.0539143 9.19415
331.271 250.839 2.70631 -3.12889 -6.89051e-09 27.5 -0.0457077 9.37861
330.771 250.833 2.69878 -3.12891 -4.52529e-09 28 -0.0357272 9.56364
330.271 250.827 2.69324 -3.12893 -2.71914e-09 28.5 -0.023798 9.74911
329.771 250.82 2.69002 -3.12895 -1.44762e-09 29 -0.0112611 9.93488
329.271 250.814 2.68932 -3.12895 -6.04546e-10 29.5 -0.00870626 10
328.771 250.808 2.68932 -3.12895 -1.7583e-10 30 -0.00870626 10
