169.954 237.791 1.32181 -1.62463 0.0317075 0 0.232566 0
169.929 237.335 1.3283 -1.60826 0.0319755 0.455967 -0.036498 0.34234
169.907 236.761 1.32056 -1.58959 0.0319616 1.03031 0.000993792 0.776436
169.898 236.247 1.32733 -1.5735 0.0306423 1.54512 0.0333485 1.16558
169.896 235.733 1.34578 -1.55768 0.0279638 2.059 0.0620231 1.55032
169.902 235.327 1.36739 -1.54741 0.026143 2.46495 0.0818449 1.84968
169.914 234.802 1.40225 -1.53544 0.0216592 2.99043 0.100519 2.22931
169.932 234.289 1.44044 -1.52635 0.016496 3.50312 0.109997 2.59013
169.955 233.786 1.47884 -1.51993 0.0115623 4.00681 0.111464 2.93517
169.98 233.29 1.51511 -1.51593 0.00697049 4.50326 0.106366 3.26678
170.007 232.8 1.54767 -1.51405 0.0028771 4.99389 0.0960778 3.58714
170.034 232.315 1.57547 -1.51735 -0.000571284 5.48016 0.0817881 3.89849
170.067 231.698 1.60296 -1.51647 -0.00435479 6.09829 0.0592705 4.28725
170.094 231.201 1.61835 -1.51916 -0.00593502 6.59596 0.0402527 4.59615
170.12 230.704 1.62784 -1.52246 -0.00681967 7.09312 0.0218396 4.90236
170.144 230.208 1.63187 -1.52605 -0.00710427 7.59006 0.00487892 5.20718
170.166 229.711 1.63103 -1.52965 -0.00690682 8.08704 -0.0100073 5.51173
170.187 229.215 1.62601 -1.53309 -0.0063523 8.58424 -0.0223839 5.81698
170.205 228.717 1.6176 -1.53622 -0.00556029 9.08178 -0.0320294 6.12372
170.223 228.22 1.60658 -1.53897 -0.00463665 9.57972 -0.0388996 6.43257
170.238 227.722 1.59375 -1.54133 -0.00366921 10.0781 -0.0430971 6.74401
170.253 227.223 1.57987 -1.5433 -0.00272645 10.5769 -0.0448486 7.05833
170.267 226.724 1.56565 -1.54491 -0.00185833 11.076 -0.0444721 7.37571
170.28 226.225 1.5517 -1.54623 -0.00109821 11.5756 -0.0423463 7.69617
170.292 225.725 1.53854 -1.54731 -0.000465271 12.0753 -0.038867 8.01966
170.304 225.225 1.52656 -1.54822 3.3044e-05 12.5753 -0.0344784 8.34594
170.315 224.725 1.51602 -1.54903 0.000398701 13.0755 -0.0295832 8.67473
170.326 224.225 1.50705 -1.54978 0.000640954 13.5757 -0.0245483 9.00571
170.337 223.725 1.49971 -1.55051 0.000774341 14.0761 -0.0196964 9.33855
170.347 223.225 1.49388 -1.55125 0.000816788 14.5764 -0.0152793 9.67285
170.356 222.724 1.4894 -1.55198 0.000787868 15.0767 -0.0114926 10.0083
170.366 222.224 1.48607 -1.55271 0.000707345 15.577 -0.00847753 10.3446
170.375 221.724 1.4836 -1.55345 0.000594021 16.0773 -0.00628267 10.6815
170.384 221.224 1.48173 -1.55421 0.000464777 16.5775 -0.00493585 11.0189
170.392 220.724 1.48018 -1.55498 0.000333769 17.0776 -0.00440444 11.3566
170.4 220.224 1.47867 -1.55578 0.000211902 17.5777 -0.0046083 11.6947
170.407 219.724 1.47698 -1.5566 0.000106678 18.0778 -0.0054712 12.033
170.414 219.224 1.4749 -1.55742 2.23742e-05 18.5778 -0.00686376 12.3718
170.421 218.724 1.47228 -1.55825 -3.95368e-05 19.0778 -0.00866397 12.7111
170.427 218.224 1.46898 -1.55907 -7.98286e-05 19.5778 -0.0107414 13.051
170.433 217.724 1.46495 -1.55987 -0.000100906 20.0777 -0.0129524 13.3918
170.439 217.224 1.46014 -1.56063 -0.000106193 20.5777 -0.015154 13.7337
170.444 216.724 1.45459 -1.56136 -9.95852e-05 21.0777 -0.0171949 14.0767
170.449 216.224 1.44836 -1.56205 -8.49845e-05 21.5776 -0.0189112 14.4212
170.453 215.724 1.44159 -1.5627 -6.59594e-05 22.0776 -0.0201234 14.7672
170.457 215.224 1.43448 -1.5633 -4.55134e-05 22.5776 -0.0206377 15.1149
170.461 214.724 1.42732 -1.56386 -2.59647e-05 23.0776 -0.0202161 15.4643
170.464 214.224 1.42046 -1.56437 -8.91791e-06 23.5776 -0.0186187 15.8155
170.467 213.724 1.41439 -1.56484 4.69231e-06 24.0776 -0.0155767 16.1683
170.47 213.224 1.40956 -1.56527 1.45079e-05 24.5777 -0.0116803 16.5224
170.473 212.724 1.40603 -1.56565 2.06251e-05 25.0777 -0.00838231 16.8776
170.476 212.224 1.40334 -1.566 2.34613e-05 25.5777 -0.00711912 17.2336
170.478 211.724 1.40067 -1.56631 2.36278e-05 26.0778 -0.00824601 17.5903
170.48 211.224 1.39719 -1.56658 2.18166e-05 26.5778 -0.0114761 17.9477
170.482 210.724 1.39226 -1.56682 1.87111e-05 27.0779 -0.0162124 18.3062
170.484 210.224 1.38557 -1.56701 1.49212e-05 27.5779 -0.0206706 18.6662
170.486 209.724 1.37766 -1.56717 1.09434e-05 28.078 -0.0224891 19.0281
170.488 209.224 1.36984 -1.56729 7.14389e-06 28.578 -0.0196198 19.3921
170.49 208.724 1.36407 -1.56737 3.75913e-06 29.078 -0.0110942 19.758
170.492 208.224 1.36227 -1.56742 9.09982e-07 29.5781 -0.00436139 20
170.493 207.724 1.36227 -1.56742 -1.02458e-06 30.0781 -0.00436139 20
