201.156 116.199 2.66921 -0.0570971 -4.5961e-05 0 -0.573976 0
201.656 116.171 2.55363 -0.0559769 -0.000302328 0.50138 -0.600355 0.19205
202.157 116.143 2.43671 -0.0546352 -0.000325674 1.00269 -0.563344 0.393003
202.657 116.115 2.322 -0.0532936 -0.000330831 1.50394 -0.52542 0.603692
203.158 116.089 2.21014 -0.0519442 -0.0003221 2.00513 -0.486332 0.825103
203.658 116.063 2.10179 -0.0505814 -0.000303848 2.50628 -0.44577 1.0577
204.159 116.037 1.99785 -0.0492017 -0.000280107 3.00738 -0.403623 1.30203
204.659 116.013 1.89972 -0.0478032 -0.000254305 3.50845 -0.36032 1.55949
205.16 115.989 1.80822 -0.0463855 -0.000229116 4.00949 -0.316592 1.82985
205.66 115.966 1.72455 -0.0449492 -0.00020642 4.51049 -0.273159 2.11357
206.161 115.943 1.64974 -0.0434954 -0.000187341 5.01146 -0.230828 2.41068
206.661 115.921 1.58458 -0.0420256 -0.00017235 5.5124 -0.190416 2.72068
207.162 115.9 1.5295 -0.0405415 -0.000161391 6.0133 -0.152675 3.04264
207.662 115.88 1.48455 -0.0390443 -0.000154037 6.51416 -0.118227 3.37517
208.162 115.86 1.4495 -0.037535 -0.000149625 7.01498 -0.0875776 3.71674
208.663 115.842 1.42374 -0.0360144 -0.00014739 7.51576 -0.0610311 4.06554
209.163 115.824 1.4062 -0.0344827 -0.000146564 8.01649 -0.038609 4.41957
209.664 115.806 1.3958 -0.0329399 -0.000146454 8.51719 -0.0202309 4.7771
210.164 115.79 1.39126 -0.0313856 -0.000146487 9.01784 -0.00561066 5.13648
210.664 115.774 1.39133 -0.0298192 -0.000146235 9.51845 0.00566512 5.49639
211.165 115.759 1.39496 -0.0282398 -0.000145418 10.019 0.013956 5.85575
211.665 115.745 1.40105 -0.0266468 -0.000143884 10.5195 0.0197933 6.21384
212.165 115.732 1.40883 -0.0250392 -0.000141594 11.02 0.0235606 6.5701
212.666 115.719 1.41759 -0.023416 -0.000138586 11.5205 0.0256874 6.92424
213.166 115.707 1.4268 -0.0217767 -0.000134947 12.0209 0.0265207 7.27612
213.666 115.697 1.43607 -0.0201208 -0.000130772 12.5213 0.0263716 7.62569
214.166 115.687 1.44509 -0.0184492 -0.000126123 13.0217 0.0255017 7.97301
214.667 115.677 1.45367 -0.0167649 -0.000120969 13.522 0.0241289 8.3182
215.167 115.669 1.46166 -0.0150754 -0.000115173 14.0223 0.022427 8.6614
215.667 115.661 1.46901 -0.0133929 -0.000108566 14.5226 0.0205415 9.00281
216.167 115.655 1.47565 -0.0117336 -0.000101113 15.0228 0.0185802 9.34254
216.668 115.649 1.48161 -0.010114 -9.30367e-05 15.523 0.0166295 9.68083
217.168 115.644 1.48689 -0.008547 -8.47617e-05 16.0232 0.0147507 10.0178
217.668 115.639 1.49154 -0.00704012 -7.67153e-05 16.5234 0.0129858 10.3537
218.168 115.636 1.49562 -0.00559643 -6.91652e-05 17.0235 0.0113574 10.6885
218.668 115.633 1.49916 -0.00421637 -6.22016e-05 17.5237 0.0098796 11.0225
219.168 115.631 1.50223 -0.00289945 -5.58098e-05 18.0238 0.00855065 11.3558
219.668 115.63 1.50487 -0.00164495 -4.99417e-05 18.5239 0.00735968 11.6884
220.168 115.629 1.50713 -0.000452198 -4.45493e-05 19.024 0.00629178 12.0205
220.669 115.629 1.50906 0.000679486 -3.95939e-05 19.5241 0.0053217 12.352
221.169 115.629 1.51067 0.00175076 -3.50462e-05 20.0242 0.00441928 12.6832
221.669 115.63 1.51199 0.00276227 -3.08858e-05 20.5242 0.00355099 13.0141
222.169 115.631 1.51302 0.00371468 -2.71e-05 21.0243 0.00267792 13.3447
222.669 115.633 1.51375 0.00460863 -2.36827e-05 21.5243 0.00175875 13.6751
223.169 115.635 1.51417 0.00544476 -2.0633e-05 22.0244 0.000749387 14.0054
223.669 115.638 1.51423 0.00622369 -1.79526e-05 22.5244 -0.000399442 14.3356
224.169 115.641 1.51388 0.00694603 -1.56438e-05 23.0244 -0.00173237 14.6659
224.669 115.645 1.51306 0.00761239 -1.37059e-05 23.5245 -0.00329667 14.9963
225.169 115.648 1.51167 0.00822337 -1.21321e-05 24.0245 -0.00514714 15.3269
225.669 115.653 1.50961 0.00877957 -1.09058e-05 24.5245 -0.00732438 15.6579
226.169 115.657 1.50678 0.00928157 -9.99677e-06 25.0245 -0.00986958 15.9894
226.669 115.662 1.50302 0.00973 -9.35822e-06 25.5246 -0.0128288 16.3216
227.169 115.666 1.49818 0.0101255 -8.92418e-06 26.0246 -0.0162298 16.6548
227.669 115.671 1.49213 0.0104687 -8.60839e-06 26.5246 -0.0200893 16.9892
228.169 115.677 1.48468 0.0107603 -8.30491e-06 27.0246 -0.0241738 17.3251
228.669 115.682 1.47596 0.0110012 -7.89084e-06 27.5246 -0.0271693 17.6629
229.169 115.688 1.46659 0.0111921 -7.23163e-06 28.0246 -0.027434 18.0027
229.669 115.693 1.4578 0.0113338 -6.18896e-06 28.5246 -0.0233476 18.3447
230.169 115.699 1.45113 0.0114274 -4.63117e-06 29.0246 -0.0145651 18.6885
230.669 115.705 1.44827 0.0114764 -2.44583e-06 29.5246 -0.00466656 19
231.169 115.71 1.44827 0.0114764 2.51494e-07 30.0246 -0.00466656 19
