170.049 229.174 1.66927 -1.58969 -0.00628521 0 -0.15796 0
170.04 228.685 1.62827 -1.5917 -0.00552171 0.489237 -0.125193 0.296877
170.03 228.194 1.59374 -1.5931 -0.00458351 0.98032 -0.100956 0.60182
170.019 227.701 1.56633 -1.59404 -0.00361085 1.4738 -0.0746011 0.914307
170.007 227.205 1.54706 -1.59455 -0.00267022 1.96951 -0.0463935 1.23292
169.995 226.708 1.53686 -1.59464 -0.00180964 2.46718 -0.016708 1.55584
169.983 226.208 1.53636 -1.59437 -0.00106071 2.9665 0.013997 1.88096
169.972 225.708 1.54593 -1.59381 -0.000441074 3.4671 0.0452164 2.20597
169.96 225.207 1.56562 -1.59302 4.30892e-05 3.96865 0.0764023 2.5285
169.949 224.704 1.5948 -1.59205 0.000394732 4.47082 0.107005 2.84644
169.938 224.202 1.63274 -1.59096 0.000623798 4.97332 0.136503 3.15797
169.928 223.7 1.67846 -1.5898 0.000745279 5.47591 0.164391 3.46167
169.919 223.197 1.73077 -1.58862 0.000777414 5.97839 0.190198 3.75655
169.91 222.695 1.78844 -1.58744 0.000740047 6.48063 0.213501 4.04207
169.901 222.193 1.8502 -1.58629 0.000653142 6.98255 0.233932 4.31808
169.893 221.692 1.91488 -1.58518 0.000535511 7.4841 0.251108 4.58457
169.886 221.191 1.98131 -1.58411 0.000403793 7.98528 0.264681 4.8418
169.88 220.69 2.04839 -1.58309 0.000271746 8.48612 0.274483 5.0905
169.873 220.189 2.11513 -1.5821 0.000149858 8.98665 0.280238 5.33087
169.868 219.689 2.1807 -1.58114 4.52699e-05 9.48694 0.282296 5.56378
169.863 219.189 2.24443 -1.5802 -3.80178e-05 9.98704 0.280859 5.78989
169.858 218.689 2.30566 -1.57927 -9.87346e-05 10.487 0.275941 6.00965
169.854 218.189 2.36387 -1.57833 -0.000137789 10.9869 0.267731 6.22369
169.85 217.689 2.41871 -1.57738 -0.000157659 11.4868 0.25692 6.43269
169.847 217.189 2.46996 -1.57641 -0.000161788 11.9866 0.244163 6.63715
169.844 216.69 2.5175 -1.57541 -0.000154045 12.4865 0.229993 6.83759
169.841 216.19 2.5613 -1.57438 -0.000138255 12.9864 0.21483 7.03443
169.84 215.69 2.60139 -1.57332 -0.000117861 13.4863 0.199005 7.2281
169.838 215.19 2.63785 -1.57224 -9.56978e-05 13.9863 0.182777 7.41895
169.838 214.69 2.67077 -1.57114 -7.39227e-05 14.4863 0.166349 7.60734
169.838 214.19 2.70022 -1.57005 -5.40769e-05 14.9864 0.149878 7.79353
169.838 213.69 2.72627 -1.56898 -3.71838e-05 15.4864 0.133497 7.97779
169.839 213.19 2.74915 -1.56793 -2.38047e-05 15.9865 0.117305 8.16042
169.84 212.689 2.76896 -1.56693 -1.40572e-05 16.4866 0.10138 8.34165
169.842 212.189 2.78584 -1.56597 -7.66778e-06 16.9867 0.0857887 8.5217
169.845 211.689 2.7999 -1.56506 -4.09004e-06 17.4867 0.0705884 8.70076
169.847 211.189 2.8111 -1.56419 -2.6491e-06 17.9868 0.055865 8.87897
169.851 210.689 2.81972 -1.56337 -2.66203e-06 18.4868 0.0416438 9.05656
169.854 210.189 2.82589 -1.56259 -3.51612e-06 18.9869 0.027971 9.23369
169.859 209.689 2.82972 -1.56186 -4.71151e-06 19.4869 0.0148941 9.41051
169.863 209.189 2.83124 -1.56117 -5.87838e-06 19.9869 0.00249182 9.58716
169.868 208.689 2.83061 -1.56053 -6.77594e-06 20.487 -0.00918226 9.76377
169.873 208.189 2.82801 -1.55992 -7.27874e-06 20.987 -0.020095 9.94049
169.878 207.689 2.82358 -1.55936 -7.35487e-06 21.487 -0.0301866 10.1174
169.884 207.189 2.81743 -1.55884 -7.04073e-06 21.987 -0.0393751 10.2947
169.89 206.689 2.80966 -1.55835 -6.41581e-06 22.487 -0.0475446 10.4724
169.896 206.189 2.80053 -1.55791 -5.58017e-06 22.987 -0.0546644 10.6506
169.903 205.689 2.79021 -1.5575 -4.63626e-06 23.487 -0.0606451 10.8295
169.909 205.189 2.7789 -1.55713 -3.67586e-06 23.987 -0.0653872 11.009
169.916 204.69 2.76679 -1.55679 -2.7721e-06 24.487 -0.0687315 11.1894
169.923 204.19 2.75415 -1.55648 -1.97587e-06 24.987 -0.0705546 11.3705
169.93 203.69 2.74128 -1.55621 -1.31599e-06 25.487 -0.0707592 11.5525
169.938 203.19 2.72847 -1.55598 -8.01743e-07 25.987 -0.0691973 11.7353
169.945 202.69 2.71605 -1.55577 -4.27024e-07 26.487 -0.0657085 11.919
169.953 202.19 2.7044 -1.5556 -1.75011e-07 26.987 -0.0601293 12.1034
169.96 201.69 2.69397 -1.55546 -2.27342e-08 27.487 -0.0523417 12.2887
169.968 201.19 2.68516 -1.55534 5.49745e-08 27.987 -0.0424719 12.4746
169.976 200.69 2.67834 -1.55526 8.24605e-08 28.487 -0.0306149 12.6611
169.983 200.19 2.67389 -1.55521 8.11809e-08 28.987 -0.016847 12.8479
169.991 199.69 2.67195 -1.55518 6.85902e-08 29.487 -0.00870903 13
169.999 199.19 2.67195 -1.55518 4.3315e-08 29.987 -0.00870903 13
