276.252 117.393 0.138839 -0.0587904 4.54063e-09 0 -0.352914 0
276.753 117.364 1.06708 -0.0551974 -0.000634324 0.501376 1.23502 1.22181
277.253 117.336 1.48993 -0.0511199 -0.000557427 1.00262 0.938678 1.61123
277.754 117.31 1.74537 -0.0473354 -0.000487678 1.50373 0.720743 1.91979
278.254 117.287 1.91775 -0.0438438 -0.00042458 2.00471 0.541571 2.19286
278.755 117.265 2.03457 -0.0406448 -0.000367629 2.50558 0.38867 2.4457
279.255 117.244 2.11237 -0.037738 -0.000316322 3.00637 0.25483 2.687
279.755 117.225 2.15799 -0.0351226 -0.000270181 3.50707 0.137493 2.92124
280.256 117.208 2.17745 -0.0327962 -0.000228792 4.00771 0.0344897 3.15196
280.756 117.191 2.17499 -0.0307533 -0.000191897 4.50829 -0.0559328 3.38179
281.256 117.176 2.15284 -0.0289822 -0.000159473 5.00882 -0.134647 3.61293
281.756 117.161 2.11294 -0.0274627 -0.000131683 5.50931 -0.202201 3.8475
282.257 117.148 2.05758 -0.0261659 -0.000108631 6.00977 -0.259219 4.08728
282.757 117.135 1.98742 -0.0250593 -9.00392e-05 6.5102 -0.305431 4.33468
283.257 117.122 1.90417 -0.0241131 -7.51226e-05 7.0106 -0.341786 4.59163
283.758 117.11 1.80815 -0.0233051 -6.28181e-05 7.51099 -0.36819 4.86128
284.258 117.098 1.70053 -0.0226221 -5.21497e-05 8.01136 -0.385059 5.14644
284.758 117.087 1.58178 -0.0220574 -4.24487e-05 8.51172 -0.392614 5.45129
285.258 117.076 1.45229 -0.0216078 -3.33448e-05 9.01207 -0.391649 5.781
285.758 117.065 1.31182 -0.021272 -2.46489e-05 9.51241 -0.383053 6.14322
286.259 117.055 1.15954 -0.0210488 -1.62505e-05 10.0127 -0.368286 6.5483
286.759 117.044 0.9972 -0.0209315 -8.06532e-06 10.5131 -0.351299 7
287.259 117.034 0 -0.0209315 -2.60202e-06 11.0134 0 7
