171.602 131.74 2.08646 -1.5594 -0.000825453 0 -0.149095 0
171.608 131.239 2.05613 -1.55809 0.00175024 0.500592 -0.127223 0.241787
171.614 130.737 2.02232 -1.55514 0.00494204 1.0027 -0.147496 0.487915
171.622 130.233 1.98303 -1.55035 0.008765 1.50664 -0.164016 0.739553
171.632 129.727 1.93906 -1.54339 0.0131893 2.01268 -0.176845 0.997466
171.646 129.219 1.89082 -1.53395 0.0181624 2.52107 -0.185643 1.26303
171.665 128.708 1.83922 -1.52177 0.0236103 3.03206 -0.190492 1.53699
171.69 128.195 1.78503 -1.50662 0.0294399 3.5458 -0.191313 1.82045
171.723 127.68 1.72917 -1.48832 0.0355415 4.06243 -0.188104 2.11446
171.766 127.162 1.67272 -1.46674 0.0417921 4.58201 -0.181005 2.41998
171.82 126.642 1.61684 -1.44183 0.0480596 5.10455 -0.170326 2.73777
171.888 126.121 1.56276 -1.41361 0.0542082 5.62998 -0.15652 3.06833
171.971 125.599 1.51171 -1.38218 0.0601056 6.15816 -0.140179 3.41197
172.07 125.078 1.46494 -1.34772 0.0656312 6.68891 -0.12204 3.76876
172.188 124.558 1.4234 -1.31045 0.0706858 7.22198 -0.103006 4.13803
172.326 124.041 1.3878 -1.27066 0.0752005 7.75708 -0.0840299 4.51885
172.485 123.528 1.35849 -1.22867 0.0791441 8.2939 -0.0660765 4.90995
172.665 123.021 1.33535 -1.1848 0.0825268 8.83214 -0.0500761 5.30971
172.868 122.522 1.31779 -1.13932 0.0853996 9.37151 -0.0367962 5.71645
173.094 122.031 1.30481 -1.09245 0.0878485 9.91179 -0.0267826 6.12858
173.34 121.557 1.29525 -1.04514 0.0899841 10.4454 -0.0203816 6.5391
173.607 121.096 1.28756 -0.996904 0.0919275 10.9787 -0.0173551 6.95207
173.897 120.648 1.28047 -0.947797 0.0937937 11.5114 -0.017269 7.36699
174.207 120.216 1.27289 -0.897834 0.0956747 12.0435 -0.0193956 7.78372
174.538 119.801 1.26409 -0.846995 0.0976234 12.5747 -0.0227082 8.20244
174.889 119.404 1.25382 -0.795252 0.0996398 13.1049 -0.025952 8.62358
175.26 119.026 1.24235 -0.742603 0.101662 13.6341 -0.0277921 9.04759
175.649 118.669 1.23054 -0.689097 0.103563 14.1624 -0.0270023 9.4748
176.056 118.333 1.21971 -0.627999 0.10516 14.6897 -0.0226446 9.90525
176.59 117.946 1.2102 -0.565222 0.106478 15.3492 -0.0114439 10.4483
177.051 117.653 1.20788 -0.508236 0.106327 15.8956 0.00180772 10.9005
177.528 117.387 1.21224 -0.451764 0.105123 16.4417 0.0176374 11.352
178.019 117.149 1.22392 -0.396491 0.102767 16.9869 0.0349461 11.7998
178.52 116.939 1.2433 -0.343118 0.0992644 17.5307 0.0528133 12.2408
179.03 116.757 1.27025 -0.292274 0.0947291 18.0725 0.0739636 12.6722
179.547 116.602 1.30763 -0.244016 0.0893742 18.612 0.105617 13.0912
180.07 116.471 1.35589 -0.195915 0.088347 19.1509 0.12963 13.4961
180.598 116.367 1.40789 -0.149965 0.0825401 19.6895 0.134318 13.8859
181.126 116.287 1.45516 -0.118019 0.0679633 20.2236 0.11488 14.2587
181.538 116.238 1.48272 -0.0830281 0.058422 20.6383 0.0785739 14.5409
182.169 116.185 1.5063 -0.06326 0.0395056 21.2713 0.038634 14.964
182.571 116.16 1.51531 -0.0486676 0.0233104 21.6737 0.0307114 15.2303
183.187 116.13 1.52831 -0.0356815 0.0289344 22.2912 0.0354894 15.6361
183.699 116.112 1.54169 -0.025748 0.0322123 22.803 0.0448724 15.9697
184.108 116.101 1.55438 -0.00891543 0.0324377 23.2126 0.0506667 16.2343
184.64 116.096 1.57241 0.00505508 0.0292696 23.7445 0.0548086 16.5745
185.153 116.099 1.59039 0.0160832 0.0230842 24.2575 0.0556326 16.8989
185.658 116.107 1.6078 0.0241582 0.0173731 24.7623 0.0547251 17.2146
186.156 116.119 1.62462 0.029555 0.0120206 25.2609 0.0544118 17.523
186.649 116.134 1.64099 0.0325881 0.00717846 25.7541 0.0538008 17.8252
187.138 116.15 1.65666 0.036093 0.00296395 26.2433 0.0513632 18.1218
187.75 116.172 1.6741 0.0329933 -0.0020115 26.8551 0.0427853 18.4891
188.248 116.188 1.68542 0.0307426 -0.00438846 27.3537 0.0333333 18.7859
188.746 116.203 1.69371 0.0276146 -0.00603104 27.8515 0.0228755 19.0805
189.243 116.217 1.69885 0.0239706 -0.00699677 28.3486 0.0124422 19.3735
189.739 116.229 1.70121 0.0201271 -0.00737129 28.8455 0.0041912 19.6657
190.236 116.239 1.70174 0.016346 -0.00725826 29.3423 0.000237565 19.9577
190.733 116.247 1.70175 0.0128295 -0.00676922 29.8392 4.21884e-05 20
191.23 116.254 1.70175 0.0097205 -0.00601457 30.3364 4.21884e-05 20
191.728 116.258 1.70175 0.00710538 -0.00509658 30.834 4.21884e-05 20
192.226 116.262 1.70175 0.00710538 -0.00410432 31.332 4.21884e-05 20
