169.989 238.294 1.22953 -1.64193 0.0471497 0 0.0719896 1.81836e-06
169.952 237.775 1.23678 -1.62271 0.0317392 0.51977 0.0200035 0.421274
169.93 237.335 1.24652 -1.60568 0.0320041 0.960504 0.035291 0.776367
169.909 236.746 1.26871 -1.58457 0.0320076 1.55007 0.0599357 1.24552
169.902 236.231 1.29741 -1.56709 0.0307127 2.06482 0.0830469 1.64696
169.904 235.717 1.33426 -1.54743 0.0280645 2.5786 0.105644 2.03765
169.913 235.327 1.36711 -1.53902 0.0262679 2.96919 0.121149 2.32692
169.93 234.802 1.41601 -1.52561 0.0218152 3.49448 0.136958 2.70462
169.953 234.29 1.46655 -1.51514 0.016671 4.00701 0.146225 3.06021
169.981 233.787 1.51674 -1.50741 0.011738 4.51058 0.150167 3.39794
170.012 233.292 1.56514 -1.50216 0.00714354 5.00698 0.149621 3.72001
170.046 232.802 1.6108 -1.50542 0.00303998 5.49764 0.14519 4.02896
170.087 232.182 1.66425 -1.49929 -0.00188549 6.11883 0.135832 4.4083
170.122 231.685 1.70338 -1.50012 -0.00423923 6.6176 0.127706 4.70449
170.157 231.188 1.73937 -1.50199 -0.00584255 7.11559 0.120018 4.99377
170.192 230.692 1.77264 -1.50454 -0.00675024 7.61315 0.113415 5.27706
170.224 230.195 1.80363 -1.50743 -0.00705647 8.11057 0.108328 5.5552
170.256 229.699 1.833 -1.51041 -0.00687836 8.60808 0.104995 5.82882
170.286 229.202 1.86128 -1.51329 -0.00634045 9.10583 0.10343 6.09834
170.315 228.705 1.88886 -1.51592 -0.00556225 9.60392 0.10354 6.36392
170.342 228.207 1.91623 -1.51824 -0.00464987 10.1024 0.104946 6.62594
170.368 227.709 1.9437 -1.52015 -0.00369147 10.6013 0.107259 6.88446
170.393 227.211 1.97138 -1.52177 -0.00275598 11.0995 0.109942 7.13893
170.418 226.714 1.99931 -1.52322 -0.00189381 11.5974 0.112411 7.3898
170.442 226.215 2.02745 -1.52442 -0.00113873 12.0969 0.114001 7.63784
170.465 225.715 2.05547 -1.52543 -0.000510246 12.5976 0.114081 7.8831
170.488 225.214 2.08292 -1.52629 -1.59966e-05 13.099 0.111963 8.12543
170.51 224.713 2.10923 -1.52702 0.000345995 13.6006 0.107511 8.3647
170.532 224.213 2.13387 -1.52784 0.000585222 14.101 0.100549 8.6006
170.553 223.713 2.15617 -1.52868 0.000716621 14.6014 0.0905682 8.83383
170.574 223.213 2.17564 -1.52957 0.000758465 15.1019 0.0774151 9.06485
170.595 222.713 2.19163 -1.5305 0.000730398 15.6023 0.0611474 9.294
170.615 222.213 2.20337 -1.53147 0.000651916 16.1026 0.0420446 9.52164
170.635 221.713 2.21048 -1.53246 0.000541338 16.6029 0.0206571 9.74829
170.654 221.213 2.21259 -1.53348 0.000415064 17.1032 -0.00248756 9.97445
170.673 220.713 2.20939 -1.53453 0.000286934 17.6034 -0.0268245 10.2006
170.691 220.213 2.20038 -1.53559 0.000167721 18.1035 -0.051714 10.4274
170.708 219.714 2.18574 -1.53666 6.49189e-05 18.6037 -0.0763954 10.6554
170.725 219.214 2.1655 -1.53772 -1.71489e-05 19.1037 -0.100102 10.8852
170.742 218.714 2.13967 -1.53877 -7.69565e-05 19.6038 -0.121927 11.1175
170.758 218.214 2.10861 -1.5398 -0.000115233 20.1038 -0.141156 11.3529
170.773 217.714 2.07293 -1.54079 -0.00013435 20.6039 -0.157365 11.592
170.788 217.215 2.03297 -1.54174 -0.000137709 21.1039 -0.169744 11.8355
170.803 216.715 1.98971 -1.54263 -0.00012919 21.6039 -0.177748 12.0841
170.817 216.215 1.94404 -1.54347 -0.000112691 22.1039 -0.180824 12.3383
170.831 215.715 1.89707 -1.54426 -9.17787e-05 22.6039 -0.179402 12.5986
170.844 215.215 1.8499 -1.54498 -6.94609e-05 23.1039 -0.173529 12.8656
170.857 214.716 1.80367 -1.54565 -4.80622e-05 23.604 -0.163705 13.1393
170.869 214.216 1.75949 -1.54626 -2.91942e-05 24.104 -0.150603 13.42
170.882 213.716 1.71831 -1.54681 -1.37982e-05 24.604 -0.135405 13.7076
170.894 213.216 1.6808 -1.54731 -2.23743e-06 25.104 -0.119474 14.0018
170.905 212.716 1.64723 -1.54776 5.58137e-06 25.604 -0.104108 14.3024
170.917 212.216 1.61756 -1.54816 1.00755e-05 26.104 -0.0899129 14.6088
170.928 211.716 1.59156 -1.5485 1.18584e-05 26.604 -0.0772802 14.9205
170.939 211.216 1.56887 -1.5488 1.16269e-05 27.104 -0.066444 15.237
170.95 210.717 1.54912 -1.54905 1.00711e-05 27.6041 -0.0567712 15.5578
170.961 210.217 1.53224 -1.54925 7.80914e-06 28.1041 -0.0470834 15.8823
170.972 209.717 1.51855 -1.54939 5.34661e-06 28.6041 -0.0361095 16.2102
170.983 209.217 1.50872 -1.54949 3.05919e-06 29.1041 -0.0232699 16.5406
170.993 208.717 1.50338 -1.54955 1.19285e-06 29.6041 -0.00857581 16.8727
171.004 208.217 1.50251 -1.54955 -2.79987e-07 30.1041 -0.0049351 17
