278.275 250.175 3.01529 -3.12903 1.22266e-16 0 -0.00225963 0
277.775 250.169 3.01536 -3.12901 -1.58214e-09 0.5 0.00127799 0.165821
277.275 250.163 3.01557 -3.12899 -2.64133e-10 1 0.000997241 0.331632
276.775 250.156 3.01574 -3.12898 1.62807e-10 1.5 0.000706193 0.497433
276.275 250.15 3.01585 -3.12898 1.24682e-10 2 0.000397071 0.663225
275.775 250.144 3.01592 -3.12898 -5.93852e-11 2.5 6.55762e-05 0.829013
275.275 250.137 3.01592 -3.12899 -1.65637e-10 3 -0.000294392 0.994799
274.775 250.131 3.01586 -3.129 -5.47768e-11 3.5 -0.000692513 1.16059
274.275 250.125 3.01573 -3.12901 3.39631e-10 4 -0.00113128 1.32638
273.775 250.118 3.01553 -3.12903 1.02215e-09 4.5 -0.00161775 1.49218
273.275 250.112 3.01523 -3.12905 1.94686e-09 5 -0.00216232 1.658
272.775 250.106 3.01484 -3.12907 3.02847e-09 5.5 -0.00276587 1.82383
272.275 250.1 3.01435 -3.1291 4.15375e-09 6 -0.0034366 1.98969
271.775 250.093 3.01373 -3.12912 5.19263e-09 6.5 -0.00418469 2.15558
271.275 250.087 3.01299 -3.12914 6.00938e-09 7 -0.00500958 2.3215
270.775 250.081 3.0121 -3.12916 6.4741e-09 7.5 -0.00592058 2.48747
270.275 250.075 3.01105 -3.12918 6.47371e-09 8 -0.00692677 2.6535
269.775 250.068 3.00982 -3.12919 5.92333e-09 8.5 -0.00802621 2.81959
269.275 250.062 3.0084 -3.1292 4.77749e-09 9 -0.00922897 2.98575
268.776 250.056 3.00677 -3.12921 3.04138e-09 9.5 -0.0105423 3.15199
268.276 250.05 3.00492 -3.12921 7.82203e-10 10 -0.0119626 3.31833
267.776 250.044 3.00281 -3.12921 -1.8598e-09 10.5 -0.0135001 3.48478
267.276 250.037 3.00043 -3.1292 -4.65968e-09 11 -0.0151595 3.65136
266.776 250.031 2.99777 -3.12918 -7.29655e-09 11.5 -0.0169354 3.81807
266.276 250.025 2.9948 -3.12915 -9.34094e-09 12 -0.0188363 3.98494
265.776 250.019 2.99148 -3.12912 -1.02413e-08 12.5 -0.0208645 4.15199
265.276 250.013 2.98783 -3.12907 -9.31857e-09 13 -0.0230118 4.31923
264.776 250.006 2.9838 -3.12902 -5.81736e-09 13.5 -0.0252831 4.48668
264.276 250 2.97936 -3.12895 8.72678e-10 14 -0.027678 4.65438
263.776 249.994 2.97451 -3.12888 1.07281e-08 14.5 -0.0301844 4.82234
263.276 249.987 2.96923 -3.12881 2.25382e-08 15 -0.0328008 4.99057
262.776 249.981 2.96347 -3.12873 3.3899e-08 15.5 -0.0355238 5.15914
262.276 249.975 2.95724 -3.12866 4.21563e-08 16 -0.0383358 5.32803
261.776 249.968 2.95053 -3.1286 4.56924e-08 16.5 -0.0412267 5.49728
261.276 249.962 2.94327 -3.12855 4.44503e-08 17 -0.0441871 5.66697
260.776 249.955 2.9355 -3.1285 3.94428e-08 17.5 -0.0471928 5.83707
260.276 249.949 2.92721 -3.12847 3.19632e-08 18 -0.0502247 6.00762
259.776 249.942 2.91835 -3.12845 2.3129e-08 18.5 -0.0532589 6.1787
259.276 249.935 2.90895 -3.12844 1.37931e-08 19 -0.0562648 6.35031
258.776 249.929 2.89902 -3.12843 4.59698e-09 19.5 -0.0592118 6.52247
258.276 249.922 2.88856 -3.12844 -3.97478e-09 20 -0.0620628 6.69524
257.776 249.916 2.87754 -3.12845 -1.15647e-08 20.5 -0.0647642 6.86869
257.276 249.909 2.86605 -3.12846 -1.79259e-08 21 -0.0672763 7.04279
256.777 249.903 2.85409 -3.12849 -2.29096e-08 21.5 -0.0695466 7.2176
256.277 249.896 2.84172 -3.12851 -2.64544e-08 22 -0.0715074 7.39316
255.777 249.889 2.82896 -3.12854 -2.85742e-08 22.5 -0.0730715 7.56952
255.277 249.883 2.81591 -3.12858 -2.93475e-08 23 -0.0741803 7.74667
254.777 249.876 2.80265 -3.12861 -2.89057e-08 23.5 -0.0747496 7.92465
254.277 249.87 2.78929 -3.12865 -2.74227e-08 24 -0.0746855 8.10346
253.777 249.863 2.77593 -3.12869 -2.51026e-08 24.5 -0.073839 8.28316
253.277 249.857 2.76275 -3.12873 -2.21696e-08 25 -0.0721199 8.46372
252.777 249.851 2.74991 -3.12877 -1.8856e-08 25.5 -0.0694114 8.64512
252.277 249.844 2.73759 -3.1288 -1.53912e-08 26 -0.0655777 8.82735
251.777 249.838 2.72603 -3.12884 -1.19909e-08 26.5 -0.0604731 9.01038
251.277 249.831 2.71549 -3.12887 -8.84537e-09 27 -0.0539141 9.19415
250.777 249.825 2.70631 -3.1289 -6.10864e-09 27.5 -0.0457075 9.37861
250.277 249.819 2.69877 -3.12892 -3.88719e-09 28 -0.035727 9.56364
249.777 249.812 2.69324 -3.12894 -2.22877e-09 28.5 -0.0237979 9.74911
249.277 249.806 2.69001 -3.12896 -1.11212e-09 29 -0.011261 9.93488
248.777 249.8 2.68932 -3.12897 -4.31282e-10 29.5 -0.00870625 10
248.277 249.793 2.68932 -3.12897 -1.1927e-10 30 -0.00870625 10
