170.788 155.209 3.00859 -1.55381 2.19581e-06 0 -0.00466066 0
170.796 154.709 3.01307 -1.5509 1.58108e-05 0.500003 0.0391954 0.166087
170.806 154.209 3.01916 -1.54757 3.99274e-05 1.00001 0.0339742 0.331861
170.818 153.709 3.02441 -1.54442 6.03562e-05 1.50003 0.0288354 0.497336
170.831 153.209 3.02874 -1.54145 7.70386e-05 2.00006 0.0237632 0.662536
170.846 152.709 3.03227 -1.53866 8.9836e-05 2.50011 0.0187248 0.827537
170.862 152.21 3.03498 -1.53605 9.85471e-05 3.00018 0.0136969 0.992378
170.879 151.71 3.03681 -1.53363 0.000102942 3.50026 0.00864824 1.15709
170.898 151.21 3.03785 -1.53139 0.000102809 4.00038 0.00355166 1.32175
170.918 150.71 3.03803 -1.52933 9.80237e-05 4.50051 -0.00162445 1.48637
170.938 150.211 3.03732 -1.52745 8.86245e-05 5.00066 -0.00691698 1.65101
170.96 149.711 3.03577 -1.52576 7.49005e-05 5.50083 -0.0123465 1.81572
170.983 149.211 3.03328 -1.52425 5.74783e-05 6.00101 -0.0179531 1.98055
171.006 148.712 3.02984 -1.52293 3.73981e-05 6.50121 -0.0237646 2.14554
171.03 148.212 3.02546 -1.52178 1.61663e-05 7.00141 -0.029792 2.31074
171.054 147.712 3.02 -1.52082 -4.23031e-06 7.50163 -0.0360757 2.47623
171.079 147.213 3.01347 -1.52004 -2.13626e-05 8.00187 -0.0426179 2.64204
171.105 146.713 3.00587 -1.51943 -3.24631e-05 8.50211 -0.049414 2.80824
171.13 146.213 2.99703 -1.51898 -3.46045e-05 9.00237 -0.0564856 2.97491
171.156 145.714 2.98697 -1.5187 -2.49584e-05 9.50266 -0.0638034 3.14212
171.182 145.214 2.97567 -1.51858 -1.12802e-06 10.003 -0.0713399 3.30991
171.208 144.715 2.96298 -1.5186 3.8456e-05 10.5033 -0.0790813 3.47842
171.234 144.215 2.94891 -1.51875 9.41014e-05 11.0037 -0.0869787 3.6477
171.261 143.715 2.93346 -1.51904 0.000164416 11.5041 -0.0949865 3.81782
171.286 143.215 2.91653 -1.51944 0.000245912 12.0046 -0.103067 3.98891
171.312 142.715 2.89805 -1.51997 0.000332713 12.5051 -0.111181 4.16108
171.338 142.216 2.87808 -1.52061 0.000416435 13.0057 -0.119299 4.33439
171.363 141.716 2.85658 -1.52137 0.000486288 13.5062 -0.127409 4.50893
171.387 141.216 2.83343 -1.52224 0.000529398 14.0068 -0.135527 4.68489
171.412 140.716 2.80863 -1.52322 0.000531231 14.5074 -0.143696 4.86235
171.435 140.216 2.78215 -1.52431 0.000476132 15.0079 -0.151987 5.0414
171.459 139.716 2.75392 -1.52549 0.00034818 15.5084 -0.160514 5.22217
171.481 139.216 2.72383 -1.52678 0.000132673 16.0087 -0.169418 5.40479
171.503 138.716 2.69165 -1.52821 -0.000181819 16.5089 -0.178884 5.58951
171.525 138.217 2.65723 -1.52981 -0.000601215 17.0088 -0.189097 5.77645
171.545 137.718 2.62036 -1.53163 -0.00112389 17.5084 -0.200194 5.9658
171.565 137.219 2.58076 -1.53372 -0.00173894 18.0078 -0.212165 6.1578
171.583 136.72 2.53814 -1.5361 -0.00242472 18.5068 -0.224985 6.35275
171.601 136.222 2.49218 -1.5388 -0.00314779 19.0054 -0.23874 6.55098
171.616 135.724 2.44248 -1.5418 -0.00386236 19.5037 -0.253392 6.75292
171.631 135.226 2.38865 -1.54508 -0.00451054 20.0016 -0.268709 6.95904
171.644 134.728 2.33033 -1.54857 -0.00502356 20.4993 -0.284194 7.16993
171.655 134.231 2.2672 -1.55216 -0.00532402 20.9969 -0.299396 7.38628
171.664 133.733 2.19885 -1.55571 -0.00532924 21.4944 -0.313986 7.60903
171.672 133.236 2.1249 -1.55903 -0.00495552 21.992 -0.327318 7.83931
171.677 132.738 2.04534 -1.56189 -0.00412309 22.49 -0.338716 8.07807
171.682 132.239 1.95982 -1.56402 -0.00276131 22.9886 -0.347823 8.32703
171.685 131.74 1.86816 -1.56515 -0.000813619 23.488 -0.354595 8.58785
171.688 131.239 1.7699 -1.56494 0.00175818 23.9885 -0.358678 8.86311
171.691 130.738 1.66484 -1.56308 0.00497081 24.4904 -0.359689 9.15538
171.695 130.234 1.55257 -1.55923 0.0088177 24.994 -0.356956 9.4684
171.701 129.728 1.43282 -1.55308 0.0132685 25.4996 -0.349633 9.80696
171.71 129.221 1.30537 -1.54432 0.0182696 26.0074 -0.336404 10.1781
171.723 128.711 1.17076 -1.53268 0.0237458 26.5176 -0.315494 10.5904
171.743 128.198 1.03065 -1.51795 0.0296021 27.0305 -0.283719 11.0571
171.77 127.683 0.890354 -1.49993 0.035727 27.5462 -0.235396 11.5949
171.807 127.166 0.765266 -1.47851 0.0419952 28.0649 -0.157736 12.2247
171.855 126.646 0.695703 -1.45364 0.0482725 28.5864 -0.0300345 12.9466
171.916 126.126 0.694118 -1.42535 0.0544212 29.111 -0.0240848 13
171.993 125.604 0.694118 -1.39374 0.0603079 29.6384 -0.0240848 13
172.086 125.082 0.694118 -1.39374 0.0658118 30.1684 -0.0240848 13
