283.274 250.238 3.01555 -3.12902 -2.28075e-16 0 -0.00161753 0
282.774 250.232 3.01562 -3.129 -7.81572e-10 0.5 0.00105666 0.165806
282.274 250.226 3.0158 -3.12898 1.97592e-10 1 0.000791687 0.331603
281.775 250.219 3.01594 -3.12897 3.70736e-10 1.5 0.000516045 0.497392
281.275 250.213 3.01602 -3.12897 1.51812e-10 2 0.000221844 0.663174
280.775 250.207 3.01606 -3.12897 -1.5126e-10 2.5 -9.52179e-05 0.828954
280.275 250.2 3.01604 -3.12898 -3.25328e-10 3 -0.000441298 0.994732
279.775 250.194 3.01595 -3.12899 -2.40786e-10 3.5 -0.00082615 1.16051
279.275 250.188 3.0158 -3.12901 1.59795e-10 4 -0.00125223 1.3263
278.775 250.181 3.01558 -3.12903 8.72681e-10 4.5 -0.00172666 1.4921
278.275 250.175 3.01527 -3.12905 1.84445e-09 5 -0.00225986 1.65791
277.775 250.169 3.01486 -3.12907 2.98313e-09 5.5 -0.00285265 1.82375
277.275 250.163 3.01436 -3.12909 4.16945e-09 6 -0.0035133 1.9896
276.775 250.156 3.01373 -3.12912 5.26806e-09 6.5 -0.00425197 2.15549
276.275 250.15 3.01297 -3.12914 6.13887e-09 7 -0.00506805 2.32142
275.775 250.144 3.01208 -3.12916 6.64806e-09 7.5 -0.0059709 2.48739
275.275 250.138 3.01101 -3.12918 6.67971e-09 8 -0.00696955 2.65342
274.775 250.131 3.00978 -3.12919 6.14657e-09 8.5 -0.00806203 2.81951
274.275 250.125 3.00836 -3.12921 5.00177e-09 9 -0.00925843 2.98567
273.775 250.119 3.00672 -3.12921 3.24972e-09 9.5 -0.0105659 3.15192
273.275 250.113 3.00486 -3.12922 9.57582e-10 10 -0.011981 3.31826
272.775 250.107 3.00275 -3.12921 -1.73362e-09 10.5 -0.0135137 3.48471
272.275 250.1 3.00037 -3.1292 -4.59749e-09 11 -0.0151688 3.65129
271.775 250.094 2.99771 -3.12918 -7.31085e-09 11.5 -0.0169409 3.81801
271.275 250.088 2.99474 -3.12916 -9.44125e-09 12 -0.0188385 3.98488
270.775 250.082 2.99143 -3.12912 -1.04331e-08 12.5 -0.0208637 4.15194
270.275 250.076 2.98777 -3.12907 -9.60218e-09 13 -0.0230084 4.31918
269.775 250.069 2.98374 -3.12902 -6.18553e-09 13.5 -0.0252775 4.48664
269.275 250.063 2.9793 -3.12896 4.37202e-10 14 -0.0276705 4.65434
268.776 250.057 2.97446 -3.12888 1.0254e-08 14.5 -0.0301753 4.82229
268.276 250.05 2.96917 -3.12881 2.20628e-08 15 -0.0327905 4.99053
267.776 250.044 2.96341 -3.12873 3.34601e-08 15.5 -0.0355125 5.1591
267.276 250.038 2.95719 -3.12866 4.17832e-08 16 -0.0383237 5.328
266.776 250.031 2.95048 -3.1286 4.54004e-08 16.5 -0.0412141 5.49725
266.276 250.025 2.94322 -3.12855 4.4242e-08 17 -0.0441742 5.66694
265.776 250.018 2.93545 -3.12851 3.93124e-08 17.5 -0.0471797 5.83704
265.276 250.012 2.92717 -3.12848 3.19011e-08 18 -0.0502117 6.0076
264.776 250.005 2.91831 -3.12845 2.31247e-08 18.5 -0.053246 6.17868
264.276 249.998 2.90891 -3.12844 1.38367e-08 19 -0.0562522 6.35029
263.776 249.992 2.89898 -3.12844 4.67943e-09 19.5 -0.0591996 6.52246
263.276 249.985 2.88852 -3.12844 -3.8616e-09 20 -0.0620511 6.69523
262.776 249.979 2.87751 -3.12845 -1.14279e-08 20.5 -0.0647531 6.86867
262.276 249.972 2.86602 -3.12847 -1.77717e-08 21 -0.0672658 7.04278
261.776 249.966 2.85407 -3.12849 -2.27435e-08 21.5 -0.0695369 7.21759
261.276 249.959 2.84169 -3.12851 -2.62811e-08 22 -0.0714984 7.39315
260.776 249.952 2.82893 -3.12855 -2.83978e-08 22.5 -0.0730633 7.56951
260.276 249.946 2.81588 -3.12858 -2.91713e-08 23 -0.0741729 7.74667
259.776 249.939 2.80263 -3.12861 -2.87327e-08 23.5 -0.0747429 7.92465
259.276 249.933 2.78926 -3.12865 -2.72552e-08 24 -0.0746797 8.10346
258.776 249.926 2.77591 -3.12869 -2.49427e-08 24.5 -0.0738339 8.28316
258.276 249.92 2.76273 -3.12873 -2.20188e-08 25 -0.0721156 8.46372
257.776 249.914 2.74989 -3.12877 -1.87157e-08 25.5 -0.0694078 8.64513
257.276 249.907 2.73757 -3.12881 -1.52626e-08 26 -0.0655747 8.82736
256.777 249.901 2.72601 -3.12884 -1.18748e-08 26.5 -0.0604706 9.01038
256.277 249.894 2.71547 -3.12887 -8.74279e-09 27 -0.0539121 9.19416
255.777 249.888 2.70629 -3.1289 -6.02045e-09 27.5 -0.0457059 9.37862
255.277 249.882 2.69875 -3.12893 -3.81428e-09 28 -0.0357256 9.56365
254.777 249.875 2.69322 -3.12895 -2.17214e-09 28.5 -0.0237966 9.74912
254.277 249.869 2.69 -3.12896 -1.07204e-09 29 -0.0112604 9.9349
253.777 249.863 2.6893 -3.12897 -4.10959e-10 29.5 -0.00870618 10
253.277 249.856 2.6893 -3.12897 -1.12647e-10 30 -0.00870618 10
