169.929 237.337 1.3283 -1.60835 0.0319612 0 -0.0364981 1.1279e-06
169.909 236.821 1.31579 -1.59048 0.0319843 0.517023 -0.0156641 0.391353
169.902 236.435 1.31523 -1.57689 0.0315118 0.902512 0.0115107 0.684539
169.898 235.871 1.32815 -1.55843 0.0295329 1.46656 0.0484013 1.11173
169.905 235.328 1.35398 -1.54225 0.0262278 2.00938 0.0779712 1.5168
169.92 234.803 1.38804 -1.52878 0.0217731 2.5351 0.0983672 1.90049
169.942 234.29 1.42611 -1.51824 0.0166323 3.04804 0.108971 2.26504
169.968 233.787 1.46474 -1.5104 0.011707 3.55198 0.111341 2.61375
169.998 233.291 1.50141 -1.50503 0.00711975 4.04869 0.106686 2.94859
170.03 232.801 1.53443 -1.50185 0.00302352 4.53958 0.0965855 3.27195
170.064 232.316 1.56268 -1.50054 -0.000434419 5.02614 0.0824534 3.5861
170.098 231.834 1.58554 -1.50074 -0.0031631 5.50979 0.0656861 3.89329
170.131 231.353 1.60276 -1.50209 -0.00513387 5.9919 0.0475846 4.19563
170.165 230.872 1.61443 -1.51118 -0.00637637 6.47365 0.0293477 4.49504
170.201 230.267 1.62146 -1.50868 -0.00704729 7.0801 0.00768757 4.8697
170.232 229.77 1.62154 -1.51147 -0.00686703 7.57749 -0.00792787 5.17638
170.261 229.273 1.6172 -1.51416 -0.00632757 8.0751 -0.0209921 5.48361
170.289 228.776 1.60916 -1.51663 -0.00554826 8.57306 -0.0312564 5.79223
170.316 228.279 1.5983 -1.51878 -0.00463507 9.07141 -0.0386451 6.10293
170.342 227.781 1.58544 -1.5206 -0.00367611 9.57017 -0.0432287 6.41624
170.367 227.282 1.57142 -1.52207 -0.00274023 10.0693 -0.0452402 6.73247
170.392 226.783 1.55698 -1.52325 -0.00187782 10.5688 -0.0449817 7.0518
170.415 226.284 1.5428 -1.52417 -0.00112264 11.0686 -0.0428123 7.37428
170.439 225.784 1.52944 -1.52491 -0.00049423 11.5686 -0.0391194 7.69978
170.462 225.285 1.5174 -1.52552 -3.49001e-07 12.0689 -0.0342767 8.02818
170.484 224.785 1.50698 -1.52609 0.000360755 12.5692 -0.0286915 8.35909
170.507 224.285 1.49841 -1.52665 0.000598234 13.0696 -0.0226944 8.69212
170.529 223.785 1.49185 -1.52728 0.000726745 13.5701 -0.0165703 9.02689
170.55 223.285 1.48731 -1.52798 0.000764665 14.0705 -0.0105465 9.3629
170.572 222.785 1.48472 -1.52879 0.000732293 14.571 -0.00477694 9.69969
170.593 222.285 1.48405 -1.5297 0.00065006 15.0714 0.00063061 10.0368
170.613 221.785 1.48512 -1.53068 0.00053694 15.5717 0.00564803 10.3739
170.633 221.285 1.4878 -1.53172 0.000409389 16.072 0.0102776 10.7105
170.653 220.786 1.49198 -1.53281 0.000280871 16.5722 0.0145517 11.0463
170.672 220.286 1.49752 -1.53391 0.000161718 17.0724 0.0185333 11.3809
170.69 219.786 1.50432 -1.53503 5.91443e-05 17.5725 0.0222796 11.7142
170.708 219.286 1.5123 -1.53615 -2.26492e-05 18.0726 0.0258456 12.0457
170.726 218.786 1.52138 -1.53726 -8.217e-05 18.5727 0.0292723 12.3754
170.742 218.287 1.53151 -1.53835 -0.000120153 19.0728 0.0325726 12.7031
170.759 217.787 1.54262 -1.5394 -0.00013897 19.5728 0.0357266 13.0284
170.774 217.287 1.55464 -1.54042 -0.000142025 20.0728 0.0386845 13.3513
170.79 216.787 1.56747 -1.54138 -0.0001332 20.5729 0.0413577 13.6716
170.804 216.287 1.58097 -1.5423 -0.000116397 21.0729 0.0436209 13.9893
170.818 215.788 1.59498 -1.54316 -9.51844e-05 21.5729 0.0453091 14.3042
170.832 215.288 1.60928 -1.54396 -7.25744e-05 22.0729 0.0462189 14.6162
170.846 214.788 1.62359 -1.5447 -5.0894e-05 22.5729 0.0461282 14.9256
170.859 214.288 1.63756 -1.54539 -3.17575e-05 23.0729 0.0447783 15.2322
170.871 213.788 1.65077 -1.54603 -1.61083e-05 23.573 0.0418827 15.5363
170.884 213.288 1.66274 -1.54661 -4.31143e-06 24.073 0.0371278 15.8381
170.896 212.789 1.67288 -1.54714 3.72498e-06 24.573 0.0301985 16.1379
170.908 212.289 1.68059 -1.54763 8.41691e-06 25.073 0.0212487 16.436
170.919 211.789 1.68539 -1.54806 1.03767e-05 25.573 0.0109276 16.7331
170.931 211.289 1.68701 -1.54844 1.03001e-05 26.073 -0.000119169 17.0296
170.942 210.789 1.68534 -1.54878 8.87637e-06 26.573 -0.0110218 17.3261
170.953 210.289 1.68064 -1.54907 6.72243e-06 27.0731 -0.0202099 17.6231
170.964 209.789 1.67367 -1.54932 4.343e-06 27.5731 -0.0259183 17.9212
170.974 209.289 1.6657 -1.54951 2.11264e-06 28.0731 -0.026461 18.2207
170.985 208.789 1.65838 -1.54966 2.76206e-07 28.5731 -0.0213999 18.5215
170.996 208.29 1.65338 -1.54976 -1.03759e-06 29.0731 -0.0110107 18.8236
171.006 207.79 1.65198 -1.54981 -1.79423e-06 29.5731 -0.00531066 19
171.017 207.29 1.65198 -1.54981 -2.17274e-06 30.0731 -0.00531066 19
