169.9 236.439 1.33942 -1.57884 0.0314579 0 0.107137 1.88381e-06
169.896 235.925 1.38608 -1.56233 0.0295038 0.514392 0.146241 0.377772
169.901 235.412 1.44717 -1.54683 0.0261925 1.02739 0.189863 0.740202
169.913 234.901 1.51896 -1.53343 0.0217341 1.53854 0.225464 1.08518
169.932 234.392 1.59708 -1.52261 0.0165943 2.04738 0.251337 1.41195
169.956 233.886 1.67757 -1.51442 0.0116745 2.55381 0.267547 1.72129
169.985 233.383 1.7574 -1.50872 0.00709256 3.05798 0.274909 2.01491
170.016 232.882 1.83437 -1.50528 0.00300229 3.56013 0.274103 2.29458
170.049 232.382 1.90668 -1.50378 -0.000449597 4.06056 0.265685 2.56196
170.082 231.884 1.97329 -1.50387 -0.00317258 4.55966 0.250628 2.81924
170.115 231.387 2.03311 -1.50513 -0.00513827 5.0578 0.229381 3.06782
170.148 230.891 2.0855 -1.50719 -0.00637648 5.55535 0.202108 3.30944
170.18 230.395 2.12949 -1.50918 -0.00696368 6.05262 0.16981 3.54526
170.21 229.907 2.16451 -1.51157 -0.00700744 6.54147 0.134749 3.7729
170.238 229.422 2.19078 -1.51424 -0.00663019 7.02708 0.097621 3.99588
170.266 228.935 2.20832 -1.51674 -0.00595505 7.51499 0.0591286 4.21762
170.292 228.445 2.21728 -1.51896 -0.00509539 8.00534 0.0211732 4.43913
170.318 227.953 2.21803 -1.52085 -0.00414852 8.49811 -0.0148347 4.66127
170.343 227.459 2.21109 -1.52238 -0.00319287 8.99314 -0.0480128 4.88473
170.367 226.962 2.19693 -1.52358 -0.00228783 9.49019 -0.0777717 5.11019
170.39 226.464 2.17612 -1.52449 -0.00147517 9.98894 -0.103759 5.33827
170.413 225.964 2.14955 -1.52515 -0.000781222 10.489 -0.125853 5.56944
170.436 225.464 2.11792 -1.52565 -0.000219336 10.9901 -0.143773 5.80419
170.459 224.963 2.08188 -1.52603 0.000207737 11.4919 -0.156864 6.04318
170.481 224.461 2.04264 -1.52638 0.000505628 11.9941 -0.165276 6.28661
170.504 223.959 2.00102 -1.52676 0.000686326 12.4964 -0.169294 6.53508
170.526 223.457 1.95799 -1.52721 0.000766331 12.9986 -0.169605 6.78874
170.548 222.956 1.91436 -1.52777 0.000764952 13.5006 -0.166586 7.0481
170.569 222.454 1.87092 -1.52847 0.000702729 14.0024 -0.160851 7.31317
170.591 221.954 1.82838 -1.5293 0.000599891 14.5038 -0.15278 7.58429
170.611 221.453 1.7874 -1.53025 0.00047491 15.0049 -0.14284 7.86153
170.632 220.953 1.74854 -1.53129 0.000343344 15.5057 -0.131469 8.14481
170.651 220.452 1.71229 -1.53239 0.000217255 16.0061 -0.119048 8.43408
170.671 219.953 1.67909 -1.53352 0.000105203 16.5064 -0.105938 8.72913
170.689 219.453 1.64928 -1.53467 1.2559e-05 17.0065 -0.0924722 9.02968
170.707 218.953 1.62309 -1.53582 -5.80966e-05 17.5064 -0.0789497 9.3353
170.725 218.454 1.60068 -1.53695 -0.000106553 18.0063 -0.0656367 9.64548
170.742 217.954 1.58209 -1.53805 -0.000134472 18.5061 -0.0527642 9.95963
170.758 217.455 1.56729 -1.53912 -0.000144822 19.0059 -0.04053 10.2771
170.774 216.955 1.55613 -1.54015 -0.000141312 19.5058 -0.029102 10.5972
170.789 216.455 1.54848 -1.54112 -0.000127886 20.0056 -0.0186448 10.9193
170.804 215.956 1.544 -1.54205 -0.000108319 20.5055 -0.00927164 11.2426
170.818 215.456 1.54234 -1.54292 -8.59256e-05 21.0055 -0.0010915 11.5667
170.832 214.956 1.54311 -1.54373 -6.3386e-05 21.5054 0.00579031 11.8908
170.846 214.456 1.5459 -1.54449 -4.26722e-05 22.0054 0.0112483 12.2145
170.859 213.956 1.5502 -1.5452 -2.5056e-05 22.5055 0.0151783 12.5376
170.872 213.457 1.5555 -1.54586 -1.11794e-05 23.0055 0.0174749 12.8596
170.884 212.957 1.56123 -1.54647 -1.16429e-06 23.5055 0.0180076 13.1805
170.896 212.457 1.56681 -1.54702 5.25857e-06 24.0056 0.0166292 13.5002
170.908 211.957 1.57159 -1.54754 8.61735e-06 24.5056 0.0131337 13.8188
170.92 211.457 1.57489 -1.548 9.57783e-06 25.0057 0.00739514 14.1366
170.931 210.957 1.57606 -1.54842 8.84117e-06 25.5057 -0.000200807 14.454
170.943 210.457 1.57467 -1.54879 7.06589e-06 26.0057 -0.00861924 14.7713
170.954 209.957 1.57062 -1.54912 4.81531e-06 26.5057 -0.0167847 15.0892
170.964 209.457 1.56414 -1.54941 2.52894e-06 27.0058 -0.0235795 15.4082
170.975 208.958 1.55582 -1.54964 5.14315e-07 27.5058 -0.0278161 15.7287
170.986 208.458 1.54667 -1.54984 -1.04529e-06 28.0058 -0.0282878 16.051
170.996 207.958 1.53806 -1.54998 -2.07253e-06 28.5058 -0.024058 16.3752
171.007 207.458 1.53155 -1.55008 -2.57172e-06 29.0058 -0.0150059 16.7011
171.017 206.958 1.52873 -1.55013 -2.60284e-06 29.5058 -0.00492837 17
171.027 206.458 1.52873 -1.55013 -2.38748e-06 30.0058 -0.00492837 17
