383.267 251.485 3.01553 -3.12982 -8.78732e-15 0 -0.00161827 0
382.767 251.479 3.0156 -3.12981 -1.77156e-08 0.5 0.00117941 0.165808
382.267 251.473 3.01579 -3.12981 -6.9618e-09 1 0.000908903 0.331607
381.767 251.467 3.01592 -3.12981 2.41178e-09 1.5 0.000628099 0.497398
381.267 251.462 3.01601 -3.12982 1.06122e-08 2 0.000328808 0.663182
380.767 251.456 3.01605 -3.12983 1.77665e-08 2.5 6.72729e-06 0.828962
380.267 251.45 3.01603 -3.12984 2.39327e-08 3 -0.000344292 0.994743
379.767 251.444 3.01595 -3.12986 2.91113e-08 3.5 -0.000733991 1.16053
379.267 251.438 3.0158 -3.12988 3.32558e-08 4 -0.00116483 1.32631
378.767 251.432 3.01557 -3.1299 3.62841e-08 4.5 -0.00164392 1.49211
378.267 251.426 3.01526 -3.12992 3.80894e-08 5 -0.00218168 1.65793
377.767 251.42 3.01486 -3.12994 3.85515e-08 5.5 -0.00277893 1.82376
377.267 251.415 3.01435 -3.12996 3.75479e-08 6 -0.00344393 1.98962
376.767 251.409 3.01373 -3.12998 3.49644e-08 6.5 -0.00418684 2.15551
376.267 251.403 3.01297 -3.12999 3.0707e-08 7 -0.00500705 2.32144
375.767 251.397 3.01208 -3.13 2.47126e-08 7.5 -0.00591391 2.48741
375.267 251.391 3.01101 -3.13001 1.69599e-08 8 -0.00691648 2.65344
374.767 251.386 3.00979 -3.13001 7.48141e-09 8.5 -0.00801274 2.81953
374.267 251.38 3.00836 -3.13001 -3.62625e-09 9 -0.00921282 2.98569
373.767 251.374 3.00673 -3.13 -1.61907e-08 9.5 -0.0105239 3.15194
373.267 251.368 3.00487 -3.12999 -2.99526e-08 10 -0.0119424 3.31828
372.767 251.362 3.00276 -3.12997 -4.45544e-08 10.5 -0.0134784 3.48474
372.267 251.357 3.00038 -3.12994 -5.95289e-08 11 -0.0151367 3.65132
371.767 251.351 2.99772 -3.1299 -7.42862e-08 11.5 -0.0169119 3.81803
371.267 251.345 2.99475 -3.12984 -8.80923e-08 12 -0.0188124 3.98491
370.767 251.339 2.99143 -3.12978 -1.00025e-07 12.5 -0.0208405 4.15196
370.267 251.333 2.98778 -3.12971 -1.08884e-07 13 -0.0229879 4.3192
369.768 251.327 2.98375 -3.12963 -1.13099e-07 13.5 -0.0252596 4.48666
369.268 251.321 2.97931 -3.12954 -1.10843e-07 14 -0.027655 4.65436
368.768 251.315 2.97447 -3.12943 -1.00715e-07 14.5 -0.0301622 4.82232
368.268 251.309 2.96919 -3.12933 -8.29163e-08 15 -0.0327795 4.99056
367.768 251.303 2.96343 -3.12922 -6.00082e-08 15.5 -0.0355035 5.15912
367.268 251.297 2.9572 -3.12912 -3.6173e-08 16 -0.0383165 5.32802
366.768 251.291 2.95049 -3.12903 -1.53193e-08 16.5 -0.0412085 5.49728
366.268 251.284 2.94323 -3.12895 3.80488e-10 17 -0.0441701 5.66696
365.768 251.278 2.93547 -3.12888 1.0585e-08 17.5 -0.0471769 5.83706
365.268 251.272 2.92718 -3.12883 1.60206e-08 18 -0.0502099 6.00762
364.768 251.265 2.91833 -3.12878 1.77465e-08 18.5 -0.0532452 6.1787
364.268 251.259 2.90893 -3.12874 1.67862e-08 19 -0.0562522 6.35031
363.768 251.252 2.899 -3.12872 1.40221e-08 19.5 -0.0592003 6.52248
363.268 251.246 2.88854 -3.1287 1.01867e-08 20 -0.0620524 6.69525
362.768 251.24 2.87753 -3.12869 5.87421e-09 20.5 -0.0647548 6.86869
362.268 251.233 2.86603 -3.12869 1.55246e-09 21 -0.0672679 7.0428
361.768 251.227 2.85408 -3.12869 -2.42492e-09 21.5 -0.0695391 7.21761
361.268 251.22 2.8417 -3.1287 -5.80751e-09 22 -0.0715008 7.39316
360.768 251.214 2.82895 -3.12871 -8.43669e-09 22.5 -0.0730657 7.56953
360.268 251.207 2.8159 -3.12873 -1.02345e-08 23 -0.0741753 7.74668
359.768 251.201 2.80265 -3.12876 -1.11924e-08 23.5 -0.0747453 7.92466
359.268 251.194 2.78928 -3.12878 -1.13598e-08 24 -0.0746819 8.10346
358.768 251.188 2.77593 -3.12881 -1.0833e-08 24.5 -0.0738359 8.28317
358.268 251.182 2.76275 -3.12884 -9.7442e-09 25 -0.0721174 8.46373
357.768 251.175 2.7499 -3.12886 -8.24969e-09 25.5 -0.0694093 8.64513
357.269 251.169 2.73759 -3.12889 -6.51916e-09 26 -0.065576 8.82737
356.769 251.163 2.72602 -3.12892 -4.72423e-09 26.5 -0.0604717 9.01039
356.269 251.156 2.71549 -3.12895 -3.02729e-09 27 -0.053913 9.19416
355.769 251.15 2.70631 -3.12897 -1.57026e-09 27.5 -0.0457066 9.37862
355.269 251.144 2.69877 -3.12899 -4.63507e-10 28 -0.0357262 9.56365
354.769 251.137 2.69324 -3.12901 2.25635e-10 28.5 -0.0237971 9.74912
354.269 251.131 2.69001 -3.12902 4.83821e-10 29 -0.0112606 9.93489
353.769 251.125 2.68932 -3.12902 3.63043e-10 29.5 -0.00870625 10
353.269 251.118 2.68932 -3.12902 1.35967e-10 30 -0.00870625 10
