171.691 128.202 1.89591 -1.51219 0.029452 0 -0.122132 2.26149e-12
171.721 127.687 1.85953 -1.51262 0.0354881 0.516565 -0.145036 0.275086
171.751 127.168 1.81531 -1.51168 0.0428723 1.03627 -0.16588 0.557879
171.782 126.645 1.76509 -1.5052 0.0499727 1.55964 -0.176169 0.850196
171.817 126.119 1.7113 -1.49318 0.0566523 2.08722 -0.176981 1.15371
171.858 125.588 1.65633 -1.47576 0.0627792 2.61946 -0.169735 1.46982
171.909 125.053 1.60244 -1.45314 0.0682383 3.15675 -0.156077 1.79954
171.973 124.514 1.55186 -1.42562 0.0729456 3.69938 -0.137664 2.14383
172.052 123.972 1.50619 -1.39356 0.0768594 4.24755 -0.116547 2.50239
172.15 123.427 1.46691 -1.35733 0.0799879 4.80133 -0.0945803 2.87515
172.268 122.88 1.43456 -1.31734 0.0823898 5.36071 -0.0735613 3.26093
172.41 122.333 1.40913 -1.27392 0.0841683 5.92559 -0.054992 3.65839
172.577 121.788 1.38991 -1.22752 0.0854584 6.49586 -0.0399411 4.066
172.77 121.247 1.37571 -1.17987 0.0864109 7.07077 -0.0289808 4.48187
172.988 120.718 1.36514 -1.12858 0.0871739 7.64313 -0.0222158 4.89958
173.235 120.197 1.3565 -1.07474 0.0878757 8.2195 -0.019116 5.32317
173.511 119.686 1.34843 -1.01837 0.0886095 8.79965 -0.0188881 5.75214
173.818 119.189 1.33992 -0.95947 0.0894235 9.38339 -0.0205525 6.18638
174.154 118.709 1.33034 -0.898094 0.090316 9.97052 -0.0230262 6.62611
174.522 118.247 1.31958 -0.83476 0.0912898 10.5609 -0.025129 7.07164
174.921 117.807 1.30806 -0.770656 0.0923686 11.1542 -0.0254726 7.52324
175.348 117.392 1.29684 -0.688063 0.0932171 11.7503 -0.0230621 7.98094
175.908 116.932 1.28573 -0.627887 0.0937393 12.4744 -0.0158604 8.54184
176.41 116.568 1.28019 -0.562971 0.0931874 13.0946 -0.00660668 9.02545
176.935 116.236 1.27974 -0.499351 0.0918649 13.7159 0.005169 9.51103
177.48 115.939 1.28557 -0.437674 0.0897174 14.3366 0.0193272 9.99513
178.04 115.677 1.29869 -0.37858 0.0867542 14.9548 0.0358159 10.4738
178.611 115.45 1.31993 -0.322633 0.0830506 15.569 0.055825 10.9432
179.188 115.257 1.35235 -0.269441 0.078746 16.1777 0.088815 11.3992
179.773 115.095 1.39982 -0.216957 0.0783352 16.7852 0.124365 11.841
180.367 114.965 1.45769 -0.167688 0.0730766 17.3926 0.145901 12.2664
180.954 114.865 1.51771 -0.135167 0.0608964 17.9879 0.150453 12.6666
181.42 114.802 1.56168 -0.0929328 0.0528936 18.4589 0.13333 12.9724
182.08 114.74 1.60936 -0.0749537 0.0366161 19.122 0.0992327 13.3903
182.506 114.708 1.63471 -0.0539708 0.0212834 19.5487 0.0952929 13.6534
183.134 114.674 1.67282 -0.0389134 0.0278716 20.1778 0.107747 14.0338
183.667 114.654 1.70977 -0.0255852 0.0307744 20.7108 0.127149 14.3491
184.106 114.642 1.74417 -0.00630421 0.030934 21.1497 0.143874 14.6034
184.659 114.639 1.79193 0.0102663 0.0280041 21.7029 0.160357 14.9163
185.189 114.644 1.84035 0.0238258 0.0223218 22.2334 0.170357 15.2085
185.707 114.657 1.88834 0.0343853 0.0169932 22.7514 0.17417 15.4863
186.214 114.674 1.9344 0.0422017 0.0119152 23.2591 0.171906 15.7519
186.713 114.695 1.97737 0.0475622 0.00724501 23.7579 0.163966 16.0069
187.204 114.718 2.01588 0.0507878 0.0031152 24.2494 0.148192 16.253
187.689 114.743 2.04875 0.0505374 -0.000371612 24.7353 0.125086 16.4921
188.303 114.774 2.08073 0.0512826 -0.00427742 25.3504 0.0891881 16.7899
188.797 114.8 2.09825 0.0498379 -0.00597086 25.8444 0.0597386 17.0262
189.289 114.824 2.10898 0.0477132 -0.00698848 26.337 0.0325282 17.2603
189.78 114.848 2.11387 0.0452235 -0.00740731 26.8288 0.00938772 17.4932
190.271 114.87 2.11389 0.0426324 -0.00732709 27.3206 -0.00790221 17.7258
190.763 114.891 2.1107 0.0401463 -0.00685885 27.8128 -0.0183816 17.9588
191.256 114.911 2.10588 0.0379137 -0.00611445 28.3058 -0.0221016 18.1926
191.749 114.929 2.10082 0.0360289 -0.00519847 28.7998 -0.020426 18.4275
192.244 114.947 2.09662 0.0345389 -0.00420267 29.2949 -0.0147352 18.6634
192.74 114.964 2.09407 0.0334511 -0.00320294 29.7911 -0.00620158 18.9002
193.237 114.981 2.09355 0.0327421 -0.00225832 30.2884 -0.00411718 19
193.735 114.997 2.09355 0.0323665 -0.00141137 30.7867 -0.00411718 19
194.234 115.013 2.09355 0.0322643 -0.000689582 31.2859 -0.00411718 19
194.733 115.029 2.09355 0.032368 -0.000107176 31.7857 -0.00411718 19
195.233 115.046 2.09355 0.0326128 0.000332798 32.286 -0.00411718 19
195.734 115.062 2.09355 0.0326128 0.000637274 32.7867 -0.00411718 19
