169.983 233.045 2.03655 -1.52973 0.00473538 0 0.2358 0
170.003 232.556 2.04961 -1.53684 0.00100725 0.48855 -0.0267644 0.238529
170.02 232.072 2.04198 -1.54662 -0.00196039 0.973376 -0.0387952 0.475484
170.032 231.589 2.03078 -1.55701 -0.0041673 1.45588 -0.0565162 0.712379
170.038 231.108 2.01487 -1.56761 -0.00562206 1.93735 -0.0768354 0.950373
170.04 230.626 1.99405 -1.57804 -0.00638787 2.41891 -0.0969222 1.19053
170.036 230.144 1.96816 -1.588 -0.0065669 2.90147 -0.114929 1.4341
170.028 229.66 1.93777 -1.59727 -0.00628281 3.38574 -0.129878 1.68201
170.015 229.173 1.90339 -1.6057 -0.00566467 3.87224 -0.140801 1.93531
169.998 228.685 1.86598 -1.6005 -0.0048344 4.36124 -0.147146 2.19469
169.98 228.066 1.81605 -1.61951 -0.00341111 4.98024 -0.148833 2.53097
169.955 227.568 1.775 -1.62511 -0.0024676 5.4793 -0.146025 2.80888
169.928 227.069 1.73421 -1.62975 -0.00159851 5.979 -0.139971 3.09368
169.899 226.569 1.6946 -1.63348 -0.000842395 6.47928 -0.131241 3.38556
169.867 226.069 1.65695 -1.63634 -0.000221981 6.98012 -0.120444 3.68447
169.834 225.569 1.62196 -1.63843 0.000253201 7.48142 -0.108171 3.99029
169.801 225.069 1.5902 -1.63979 0.000584232 7.98313 -0.0950121 4.30272
169.766 224.568 1.56211 -1.6405 0.000780443 8.48513 -0.0815279 4.62133
169.731 224.067 1.53788 -1.64063 0.000857245 8.98736 -0.0682203 4.94544
169.696 223.566 1.51754 -1.64021 0.000834137 9.48971 -0.0554972 5.27433
169.661 223.064 1.50104 -1.63929 0.000732869 9.9921 -0.0436797 5.60725
169.627 222.563 1.48821 -1.63791 0.000575782 10.4945 -0.0330008 5.94346
169.593 222.062 1.47866 -1.63607 0.00038436 10.9968 -0.0235426 6.2821
169.56 221.561 1.47208 -1.65995 0.000178067 11.4989 -0.0153446 6.6225
169.527 221.185 1.46884 -1.63107 4.08892e-05 11.8768 -0.00995034 6.87951
169.496 220.683 1.46653 -1.62804 -0.00014502 12.3789 -0.0036985 7.22168
169.468 220.182 1.46621 -1.6248 -0.000278294 12.8806 0.00166709 7.56386
169.441 219.682 1.46759 -1.62146 -0.000379867 13.382 0.00639207 7.90568
169.415 219.181 1.47052 -1.61803 -0.000453535 13.883 0.0106684 8.24677
169.392 218.681 1.47483 -1.61455 -0.00049692 14.3838 0.0146979 8.58687
169.37 218.181 1.48048 -1.61106 -0.000510787 14.8845 0.0186546 8.92569
169.349 217.681 1.48745 -1.59694 -0.000499252 15.385 0.0226934 9.26298
169.333 217.056 1.49805 -1.60426 -0.000465874 16.0102 0.0280174 9.68188
169.316 216.556 1.50813 -1.60102 -0.000419342 16.5107 0.0325854 10.0149
169.301 216.055 1.51971 -1.5979 -0.000368562 17.0112 0.0374573 10.3455
169.288 215.555 1.53283 -1.5949 -0.000317625 17.5116 0.0425995 10.6734
169.276 215.055 1.54752 -1.59203 -0.000269245 18.0119 0.047942 10.9983
169.265 214.555 1.56382 -1.58928 -0.000225152 18.5122 0.0533744 11.3199
169.256 214.055 1.58166 -1.58665 -0.000186348 19.0125 0.0587425 11.638
169.248 213.554 1.60094 -1.58415 -0.000153242 19.5128 0.0638601 11.9524
169.241 213.054 1.6215 -1.58178 -0.000125768 20.013 0.0685061 12.2629
169.236 212.554 1.64311 -1.57953 -0.000103509 20.5132 0.0724269 12.5694
169.231 212.054 1.66548 -1.5774 -8.58194e-05 21.0134 0.07534 12.8718
169.228 211.554 1.68822 -1.57541 -7.19359e-05 21.5135 0.0769361 13.17
169.226 211.054 1.71089 -1.57353 -6.10752e-05 22.0137 0.0768823 13.4643
169.224 210.554 1.73297 -1.57179 -5.25036e-05 22.5138 0.0748241 13.7547
169.224 210.053 1.75385 -1.57017 -4.55859e-05 23.0139 0.0703898 14.0415
169.224 209.553 1.77288 -1.56867 -3.98101e-05 23.5139 0.0634286 14.3251
169.225 209.053 1.78947 -1.5673 -3.47945e-05 24.014 0.0543246 14.6058
169.227 208.553 1.8031 -1.56605 -3.02797e-05 24.514 0.0434659 14.8842
169.229 208.053 1.81343 -1.56492 -2.61104e-05 25.0141 0.0312704 15.1606
169.232 207.553 1.82028 -1.5639 -2.22122e-05 25.5141 0.0185387 15.4358
169.236 207.053 1.82371 -1.56301 -1.85663e-05 26.0141 0.00635681 15.7102
169.24 206.553 1.82396 -1.56223 -1.51866e-05 26.5141 -0.00413956 15.9843
169.244 206.053 1.8217 -1.56156 -1.2099e-05 27.0141 -0.0116862 16.2586
169.249 205.553 1.81799 -1.56101 -9.32676e-06 27.5141 -0.0145096 16.5334
169.253 205.053 1.81437 -1.56057 -6.8796e-06 28.0142 -0.010602 16.8087
169.259 204.553 1.81288 -1.56024 -4.74855e-06 28.5142 -0.00556885 17
169.264 204.053 1.81288 -1.56003 -2.90422e-06 29.0142 -0.00556885 17
169.269 203.553 1.81288 -1.55991 -1.29824e-06 29.5142 -0.00556885 17
169.275 203.053 1.81288 -1.55991 -2.53158e-07 30.0142 -0.00556885 17
