273.008 117.213 7.8891e-07 0.023405 -9.19595e-08 0 3.15081e-07 0
273.508 117.225 1.25072 0.01935 -6.36049e-05 0.500016 1.70803 1.1464
274.007 117.234 1.76874 0.0146628 -1.57095e-05 1.00002 1.43348 1.47628
274.507 117.242 2.11097 0.0101998 2.58955e-05 1.50002 1.23216 1.73333
275.007 117.247 2.36707 0.00596137 6.14884e-05 2.00003 1.06736 1.95627
275.507 117.25 2.56873 0.00194805 9.13529e-05 2.50005 0.925973 2.15869
276.007 117.251 2.73148 -0.00183975 0.000115778 3.00009 0.801525 2.34723
276.508 117.25 2.86486 -0.00540162 0.000135056 3.50017 0.68999 2.52592
277.008 117.247 2.97486 -0.0087372 0.000149484 4.00027 0.588802 2.69729
277.508 117.243 3.06401 -0.0118461 0.00015936 4.50042 0.496894 2.86267
278.008 117.237 3.13742 -0.0147281 0.000164986 5.0006 0.412017 3.02397
278.508 117.229 3.19633 -0.0173827 0.000166665 5.50083 0.333609 3.18189
279.008 117.221 3.24228 -0.0198097 0.0001647 6.0011 0.260981 3.3372
279.509 117.211 3.27743 -0.0220088 0.000159396 6.5014 0.19315 3.49069
280.009 117.2 3.30164 -0.0239796 0.00015106 7.00175 0.130142 3.64272
280.509 117.188 3.31718 -0.0257217 0.000139999 7.50214 0.0708518 3.79391
281.009 117.175 3.3236 -0.0272349 0.000126521 8.00256 0.0207828 3.94458
281.509 117.161 3.32488 -0.0285188 0.000110934 8.50301 -0.00214564 4.09512
282.01 117.147 3.32433 -0.0295729 9.35481e-05 9.00349 -0.00437336 4.24565
282.51 117.132 3.32379 -0.0303969 7.46746e-05 9.504 -0.00244959 4.39622
283.01 117.117 3.3236 -0.0309904 5.46256e-05 10.0045 -0.000332085 4.54682
283.511 117.101 3.32367 -0.0313529 3.37153e-05 10.5051 0.00145614 4.69742
284.011 117.086 3.32401 -0.031484 1.22597e-05 11.0056 0.00284826 4.84801
284.511 117.07 3.32445 -0.0313832 -9.42148e-06 11.5061 0.00270793 4.99859
285.012 117.054 3.32421 -0.0310502 -3.09962e-05 12.0067 -0.00645462 5.14915
285.512 117.039 3.32186 -0.0304855 -5.20892e-05 12.5072 -0.0284133 5.29976
286.012 117.024 3.31545 -0.0296918 -7.21983e-05 13.0078 -0.0536164 5.45058
286.512 117.009 3.30576 -0.0286777 -9.05459e-05 13.5083 -0.0766472 5.60173
287.013 116.994 3.29241 -0.0274623 -0.000105961 14.0087 -0.0971088 5.75345
287.513 116.981 3.27631 -0.0260803 -0.000117029 14.5092 -0.115531 5.90579
288.013 116.968 3.25727 -0.0245808 -0.000122652 15.0096 -0.131599 6.059
288.513 116.955 3.23595 -0.0230201 -0.00012273 15.51 -0.145694 6.21309
289.014 116.944 3.21235 -0.0214495 -0.000118346 16.0104 -0.157626 6.3683
289.514 116.933 3.18692 -0.0199066 -0.000111226 16.5107 -0.167593 6.52466
290.014 116.923 3.15986 -0.0184135 -0.00010296 17.011 -0.17557 6.6823
290.514 116.914 3.13143 -0.0169803 -9.45695e-05 17.5113 -0.181519 6.84137
291.015 116.905 3.10199 -0.0156103 -8.65279e-05 18.0116 -0.185619 7.00181
291.515 116.897 3.07171 -0.0143043 -7.89891e-05 18.5118 -0.187611 7.16392
292.015 116.89 3.04097 -0.0130619 -7.19741e-05 19.012 -0.187874 7.32758
292.515 116.884 3.01001 -0.0118827 -6.54643e-05 19.5122 -0.186493 7.49287
293.015 116.878 2.9791 -0.0107659 -5.94319e-05 20.0124 -0.18351 7.65996
293.515 116.872 2.94848 -0.00971097 -5.38485e-05 20.5126 -0.17921 7.82871
294.015 116.868 2.91836 -0.00871734 -4.86863e-05 21.0128 -0.173705 7.99916
294.516 116.863 2.88903 -0.00778435 -4.39177e-05 21.5129 -0.167037 8.17147
295.016 116.859 2.86063 -0.00691138 -3.95163e-05 22.013 -0.159448 8.34545
295.516 116.856 2.83333 -0.00609781 -3.5456e-05 22.5132 -0.151057 8.52111
296.016 116.853 2.80731 -0.005343 -3.17116e-05 23.0133 -0.141981 8.6984
296.516 116.85 2.78281 -0.00464631 -2.82586e-05 23.5134 -0.132319 8.87738
297.016 116.848 2.75985 -0.0040071 -2.50731e-05 24.0135 -0.122234 9.05786
297.516 116.846 2.73856 -0.00342474 -2.21321e-05 24.5136 -0.111839 9.23977
298.016 116.844 2.71901 -0.00289857 -1.94131e-05 25.0137 -0.101244 9.42303
298.516 116.843 2.70129 -0.00242794 -1.68945e-05 25.5137 -0.0905573 9.60755
299.016 116.841 2.68546 -0.00201221 -1.45552e-05 26.0138 -0.0798844 9.79323
299.517 116.84 2.67156 -0.00165072 -1.23749e-05 26.5139 -0.0693305 9.97995
300.017 116.84 2.65955 -0.00134282 -1.03341e-05 27.014 -0.0589083 10.1676
300.517 116.839 2.64945 -0.00108783 -8.41379e-06 27.514 -0.0482824 10.356
301.017 116.838 2.64139 -0.000885114 -6.5958e-06 28.0141 -0.0369824 10.545
301.517 116.838 2.63553 -0.000733994 -4.8626e-06 28.5142 -0.0245205 10.7346
302.017 116.838 2.63213 -0.000633809 -3.19734e-06 29.0142 -0.0114407 10.9244
302.517 116.837 2.63134 -0.000581154 -1.58387e-06 29.5143 -0.00852386 11
303.017 116.837 2.63134 -0.000581154 -5.27496e-07 30.0144 -0.00852386 11
