179.698 248.342 1.63495 -2.97609 0.0592599 0 -0.128712 0
179.18 248.255 1.62233 -2.94226 0.0647663 0.525835 -0.0338582 0.32321
178.662 248.151 1.60771 -2.90571 0.0697326 1.05402 -0.0539111 0.650157
178.146 248.027 1.58773 -2.86669 0.0740796 1.58436 -0.0654343 0.982004
177.634 247.882 1.56464 -2.82556 0.0777797 2.11661 -0.0705725 1.31965
177.127 247.716 1.54014 -2.78266 0.0808546 2.65049 -0.0714013 1.66358
176.626 247.528 1.51536 -2.7383 0.083374 3.18574 -0.0698039 2.01391
176.132 247.318 1.4909 -2.69273 0.0854482 3.72205 -0.0672811 2.37075
175.648 247.085 1.4669 -2.64616 0.0872169 4.25914 -0.0650226 2.73394
175.175 246.829 1.44314 -2.59868 0.0888338 4.79674 -0.0637627 3.10339
174.715 246.551 1.41921 -2.55031 0.0904488 5.3346 -0.0638093 3.47923
174.268 246.251 1.39461 -2.501 0.0921898 5.87251 -0.0649678 3.86157
173.837 245.93 1.369 -2.44365 0.0941433 6.41032 -0.0666307 4.25077
173.323 245.499 1.33573 -2.38548 0.0975114 7.08099 -0.0669232 4.74668
172.921 245.119 1.3082 -2.33072 0.0999546 7.6343 -0.0642188 5.16526
172.539 244.717 1.28183 -2.27442 0.102368 8.18914 -0.0582059 5.59374
172.179 244.293 1.25847 -2.21668 0.104503 8.74546 -0.0478153 6.03189
171.843 243.848 1.24035 -2.15783 0.106054 9.303 -0.0325942 6.47833
171.534 243.383 1.22996 -2.09853 0.106691 9.86129 -0.0127637 6.93061
171.255 242.905 1.22928 -2.04006 0.106109 10.4142 0.0102065 7.38059
171.011 242.423 1.23893 -1.98359 0.104074 10.9551 0.0339111 7.81915
170.793 241.926 1.25889 -1.92873 0.100471 11.498 0.0580424 8.25416
170.602 241.414 1.28928 -1.87597 0.095508 12.0437 0.0839014 8.68283
170.436 240.889 1.32956 -1.82513 0.0907868 12.5943 0.106782 9.10358
170.296 240.349 1.37696 -1.77718 0.0836312 13.1527 0.121067 9.51638
170.179 239.791 1.42698 -1.73419 0.0741227 13.7227 0.123106 9.9229
170.091 239.259 1.47213 -1.69907 0.0633732 14.2615 0.118789 10.2946
170.023 238.733 1.51136 -1.67323 0.0523785 14.7923 0.100168 10.6503
169.978 238.291 1.53858 -1.64625 0.0470394 15.2367 0.0882239 10.9416
169.933 237.692 1.57199 -1.62703 0.0314938 15.8367 0.0873539 11.3274
169.904 237.178 1.60174 -1.61337 0.0320902 16.3522 0.0970352 11.6523
169.885 236.73 1.63044 -1.59657 0.0319166 16.8006 0.110367 11.9298
169.87 236.153 1.67243 -1.58007 0.0305703 17.3773 0.130282 12.2792
169.865 235.634 1.71507 -1.56608 0.0278622 17.8968 0.147553 12.586
169.867 235.121 1.76077 -1.55391 0.0238935 18.4092 0.161886 12.8809
169.876 234.611 1.80874 -1.54404 0.0189465 18.9195 0.173326 13.1668
169.89 234.104 1.85819 -1.5367 0.0138422 19.4273 0.183491 13.4438
169.907 233.598 1.90854 -1.5318 0.00907804 19.9327 0.19146 13.7122
169.927 233.096 1.95902 -1.52915 0.00472769 20.4358 0.195974 13.9724
169.947 232.595 2.00856 -1.52845 0.000959647 20.9369 0.195356 14.225
169.969 232.096 2.0558 -1.52935 -0.00210812 21.4364 0.188223 14.4707
169.989 231.598 2.09949 -1.53146 -0.004419 21.9345 0.175101 14.7105
170.009 231.107 2.13802 -1.53435 -0.00597793 22.4266 0.156497 14.9427
170.026 230.626 2.17044 -1.53762 -0.00684282 22.9079 0.132812 15.166
170.042 230.144 2.19675 -1.54104 -0.00711018 23.3901 0.104294 15.3868
170.056 229.66 2.21636 -1.54438 -0.00689859 23.8739 0.0740811 15.6061
170.069 229.174 2.22925 -1.54747 -0.00633327 24.3598 0.04484 15.8246
170.081 228.686 2.23608 -1.55019 -0.00553369 24.8482 0.0184009 16.0433
170.091 228.195 2.23759 -1.55247 -0.00460542 25.339 -0.00403247 16.2627
170.1 227.702 2.23472 -1.55429 -0.00363581 25.8323 -0.021697 16.4832
170.108 227.207 2.22848 -1.55564 -0.00269282 26.3278 -0.0340597 16.7052
170.116 226.709 2.22001 -1.55657 -0.00182591 26.8252 -0.0406741 16.9289
170.123 226.21 2.21065 -1.55712 -0.00106797 27.3243 -0.0416858 17.1542
170.129 225.71 2.20157 -1.55735 -0.000437781 27.8246 -0.0376249 17.381
170.136 225.209 2.19391 -1.55734 5.74832e-05 28.3259 -0.0288267 17.609
170.143 224.707 2.18881 -1.55715 0.000419971 28.8277 -0.01559 17.8381
170.15 224.205 2.18693 -1.55683 0.000658996 29.3298 -0.00791329 18
170.157 223.703 2.18693 -1.55645 0.000789091 29.832 -0.00791329 18
170.164 223.201 2.18693 -1.55604 0.000828211 30.3341 -0.00791329 18
170.171 222.699 2.18693 -1.55565 0.000796074 30.836 -0.00791329 18
170.179 222.198 2.18693 -1.55565 0.000712663 31.3375 -0.00791329 18
