171.647 129.221 1.95433 -1.53252 0.0181326 0 -0.109254 0
171.666 128.71 1.92607 -1.52326 0.02349 0.510975 -0.118776 0.263383
171.691 128.197 1.89031 -1.51139 0.0293815 1.02469 -0.145746 0.532509
171.721 127.681 1.84731 -1.49619 0.0355403 1.54129 -0.164541 0.808822
171.76 127.163 1.79871 -1.47754 0.0418388 2.06091 -0.175436 1.0938
171.809 126.643 1.74628 -1.4554 0.0481398 2.58362 -0.179035 1.38871
171.869 126.12 1.69183 -1.42977 0.0543024 3.10942 -0.176106 1.69456
171.944 125.597 1.63713 -1.40077 0.0601897 3.63829 -0.167474 2.01238
172.034 125.073 1.58393 -1.36858 0.065678 4.17013 -0.15423 2.34274
172.141 124.549 1.53378 -1.33343 0.0706666 4.70479 -0.137673 2.68577
172.267 124.027 1.48812 -1.29561 0.0750873 5.24208 -0.119107 3.04155
172.414 123.507 1.44782 -1.25545 0.0789114 5.78179 -0.0999876 3.4093
172.582 122.992 1.41347 -1.21326 0.0821532 6.3237 -0.0816488 3.78824
172.772 122.483 1.385 -1.16933 0.0848682 6.8676 -0.0653095 4.17712
172.986 121.98 1.36182 -1.1242 0.0871467 7.41332 -0.0518557 4.5746
173.22 121.492 1.34315 -1.07814 0.0891019 7.95514 -0.0419182 4.97531
173.475 121.015 1.32759 -1.03109 0.0908555 8.49591 -0.0354556 5.38033
173.754 120.551 1.31383 -0.983019 0.092521 9.0373 -0.032102 5.79028
174.054 120.1 1.30078 -0.93395 0.0941866 9.57919 -0.0311713 6.2048
174.377 119.664 1.28764 -0.883851 0.0959003 10.1215 -0.0316518 6.62384
174.721 119.244 1.27408 -0.832693 0.0976571 10.6642 -0.0322974 7.04756
175.086 118.842 1.26028 -0.780469 0.0993925 11.2074 -0.0318041 7.4762
175.473 118.46 1.247 -0.727235 0.100981 11.7511 -0.0289467 7.9099
175.879 118.098 1.23555 -0.659112 0.102248 12.2954 -0.0227354 8.34851
176.414 117.684 1.22639 -0.602855 0.103186 12.9714 -0.00954597 8.89793
176.88 117.363 1.2254 -0.545965 0.102743 13.5374 0.00563531 9.3599
177.364 117.069 1.23211 -0.489607 0.101307 14.1043 0.0239787 9.82147
177.865 116.802 1.24779 -0.434472 0.0988029 14.6711 0.045012 10.2789
178.378 116.564 1.27317 -0.381234 0.0952509 15.237 0.068405 10.7282
178.902 116.354 1.30891 -0.330483 0.0907697 15.8012 0.0971732 11.1655
179.433 116.172 1.35837 -0.281963 0.0855655 16.3629 0.138925 11.5872
179.972 116.015 1.42261 -0.233447 0.0848389 16.9247 0.176344 11.9916
180.52 115.885 1.49503 -0.187544 0.078608 17.4871 0.197072 12.3773
181.066 115.782 1.56742 -0.16515 0.0644807 18.0431 0.198008 12.7404
181.495 115.71 1.61917 -0.114579 0.0552912 18.4782 0.177044 13.0134
182.136 115.636 1.68107 -0.112278 0.0374806 19.1238 0.145557 13.4044
182.545 115.59 1.71606 -0.0805997 0.0204378 19.5353 0.144909 13.6466
183.167 115.54 1.77028 -0.073376 0.0289634 20.1589 0.160873 14.0045
183.687 115.502 1.81998 -0.0715621 0.0318504 20.6801 0.181659 14.295
184.107 115.472 1.86352 -0.0442089 0.0318197 21.1017 0.19812 14.5239
184.649 115.448 1.92265 -0.0312817 0.0281874 21.6436 0.214034 14.8102
185.17 115.431 1.98109 -0.0206499 0.0219907 22.1651 0.22242 15.0774
185.681 115.421 2.03781 -0.0128803 0.0164893 22.6767 0.221936 15.3319
186.185 115.414 2.09099 -0.00774102 0.0112631 23.1802 0.212876 15.5758
186.681 115.41 2.1392 -0.00490626 0.00653037 23.6768 0.196615 15.8106
187.172 115.408 2.18132 0.00607042 0.00241283 24.1677 0.173824 16.0378
187.783 115.412 2.2245 -0.00358934 -0.00242642 24.778 0.136195 16.3147
188.28 115.41 2.25095 -0.00581443 -0.00471813 25.2759 0.102316 16.5372
188.777 115.407 2.26978 -0.00890227 -0.00627612 25.7721 0.0696657 16.7566
189.272 115.403 2.28178 -0.0124944 -0.00715898 26.2672 0.0410046 16.9741
189.766 115.396 2.28815 -0.016279 -0.00745495 26.7616 0.0182258 17.1905
190.26 115.388 2.29028 -0.0200007 -0.00727102 27.2559 0.00234834 17.4064
190.755 115.378 2.28976 -0.0234641 -0.0067218 27.7504 -0.00599886 17.6223
191.25 115.367 2.28828 -0.0265331 -0.00591995 28.2454 -0.00663217 17.8385
191.745 115.354 2.28739 -0.0291257 -0.00496879 28.7411 -0.00440625 18
192.241 115.339 2.28739 -0.0312062 -0.00395761 29.2377 -0.00440625 18
192.739 115.324 2.28739 -0.032777 -0.00295916 29.7351 -0.00440625 18
193.237 115.307 2.28739 -0.0338688 -0.00202907 30.2334 -0.00440625 18
193.736 115.29 2.28739 -0.0345328 -0.00120652 30.7325 -0.00440625 18
194.235 115.273 2.28739 -0.0348337 -0.000515752 31.2323 -0.00440625 18
194.735 115.256 2.28739 -0.0348337 3.26072e-05 31.7327 -0.00440625 18
