417.259 252.342 3.00919 -3.09381 -1.18783e-13 0 0.0207308 0
416.759 252.318 3.01086 -3.09417 -2.98049e-05 0.50031 0.00526423 0.166199
416.259 252.294 3.0117 -3.09463 -3.13269e-05 1.00061 0.00472162 0.332342
415.759 252.271 3.01245 -3.09511 -3.27111e-05 1.50091 0.00416924 0.49844
415.26 252.248 3.0131 -3.09561 -3.39573e-05 2.0012 0.00360378 0.664493
414.76 252.225 3.01366 -3.09614 -3.50659e-05 2.50147 0.00302163 0.830512
414.26 252.202 3.01412 -3.09669 -3.60375e-05 3.00174 0.00241789 0.9965
413.76 252.18 3.01448 -3.09727 -3.68732e-05 3.50201 0.00178418 1.16246
413.261 252.157 3.01473 -3.09787 -3.75745e-05 4.00226 0.001118 1.3284
412.761 252.135 3.01486 -3.09848 -3.81432e-05 4.5025 0.000413385 1.49433
412.261 252.114 3.01488 -3.09912 -3.85814e-05 5.00273 -0.000339564 1.66025
411.761 252.093 3.01476 -3.09978 -3.88916e-05 5.50295 -0.00114205 1.82617
411.261 252.072 3.01451 -3.10046 -3.90763e-05 6.00317 -0.00200114 1.9921
410.762 252.051 3.01411 -3.10115 -3.91387e-05 6.50337 -0.00292741 2.15804
410.262 252.031 3.01355 -3.10186 -3.90819e-05 7.00357 -0.00392064 2.32401
409.762 252.011 3.01282 -3.10259 -3.89094e-05 7.50375 -0.00498895 2.49001
409.262 251.992 3.0119 -3.10333 -3.86249e-05 8.00392 -0.00614262 2.65605
408.762 251.972 3.01078 -3.10409 -3.82321e-05 8.50409 -0.00737991 2.82214
408.263 251.954 3.00946 -3.10486 -3.77353e-05 9.00424 -0.00870966 2.9883
407.763 251.935 3.00789 -3.10564 -3.71385e-05 9.50439 -0.0101409 3.15453
407.263 251.917 3.00609 -3.10643 -3.64463e-05 10.0045 -0.0116702 3.32085
406.763 251.9 3.00402 -3.10724 -3.5663e-05 10.5047 -0.0133064 3.48728
406.263 251.883 3.00166 -3.10805 -3.47934e-05 11.0048 -0.0150564 3.65383
405.764 251.866 2.99901 -3.10888 -3.38418e-05 11.5049 -0.0169148 3.82051
405.264 251.849 2.99603 -3.10971 -3.28117e-05 12.005 -0.0188888 3.98735
404.764 251.834 2.9927 -3.11055 -3.17024e-05 12.5051 -0.0209831 4.15436
404.264 251.818 2.98902 -3.11139 -3.05026e-05 13.0052 -0.0231893 4.32156
403.764 251.803 2.98495 -3.11224 -2.91834e-05 13.5052 -0.0255111 4.48897
403.264 251.788 2.98047 -3.11309 -2.77023e-05 14.0053 -0.02795 4.65663
402.765 251.774 2.97557 -3.11393 -2.60307e-05 14.5054 -0.0304936 4.82455
402.265 251.76 2.97024 -3.11476 -2.41937e-05 15.0054 -0.0331393 4.99274
401.765 251.747 2.96441 -3.11556 -2.22806e-05 15.5055 -0.0358851 5.16127
401.265 251.734 2.95812 -3.11634 -2.04034e-05 16.0055 -0.0387133 5.33013
400.765 251.721 2.95135 -3.1171 -1.86387e-05 16.5056 -0.041614 5.49935
400.265 251.709 2.94402 -3.11784 -1.70052e-05 17.0056 -0.0445788 5.66899
399.765 251.697 2.93619 -3.11856 -1.54859e-05 17.5056 -0.0475839 5.83907
399.265 251.685 2.92783 -3.11926 -1.40583e-05 18.0057 -0.0506111 6.00959
398.765 251.674 2.91891 -3.11993 -1.27093e-05 18.5057 -0.0536365 6.18064
398.266 251.663 2.90945 -3.12059 -1.14342e-05 19.0057 -0.0566301 6.35223
397.766 251.653 2.89946 -3.12122 -1.02324e-05 19.5057 -0.0595617 6.52437
397.266 251.643 2.88894 -3.12183 -9.10424e-06 20.0057 -0.0623954 6.69712
396.766 251.633 2.87787 -3.12242 -8.05026e-06 20.5057 -0.0650763 6.87055
396.266 251.623 2.86632 -3.12298 -7.07062e-06 21.0058 -0.0675658 7.04464
395.766 251.614 2.85432 -3.12351 -6.16512e-06 21.5058 -0.0698117 7.21944
395.266 251.605 2.8419 -3.12403 -5.3332e-06 22.0058 -0.0717487 7.39498
394.766 251.596 2.8291 -3.12451 -4.57393e-06 22.5058 -0.0732858 7.57134
394.266 251.588 2.81602 -3.12497 -3.88598e-06 23.0058 -0.0743666 7.74849
393.766 251.579 2.80273 -3.1254 -3.26762e-06 23.5058 -0.074907 7.92645
393.266 251.571 2.78934 -3.1258 -2.71672e-06 24.0058 -0.0748133 8.10526
392.766 251.563 2.77597 -3.12617 -2.23075e-06 24.5058 -0.0739416 8.28496
392.266 251.556 2.76277 -3.12651 -1.80674e-06 25.0058 -0.0721928 8.46552
391.766 251.548 2.74992 -3.12682 -1.44128e-06 25.5058 -0.0694544 8.64692
391.267 251.541 2.7376 -3.1271 -1.13053e-06 26.0058 -0.0655908 8.82916
390.767 251.533 2.72603 -3.12734 -8.70205e-07 26.5058 -0.0604564 9.01218
390.267 251.526 2.7155 -3.12756 -6.55546e-07 27.0058 -0.0538764 9.19595
389.767 251.519 2.70633 -3.12774 -4.8133e-07 27.5058 -0.0456416 9.38041
389.267 251.512 2.69881 -3.12788 -3.41849e-07 28.0058 -0.0356334 9.56543
388.767 251.506 2.6933 -3.12799 -2.30908e-07 28.5058 -0.0236772 9.7509
388.267 251.499 2.69009 -3.12806 -1.41811e-07 29.0058 -0.011192 9.93667
387.767 251.492 2.68942 -3.1281 -6.7348e-08 29.5058 -0.00870683 10
387.267 251.485 2.68942 -3.1281 -2.12272e-08 30.0058 -0.00870683 10
