170.146 239.561 1.18109 -1.71656 0.0688999 0 0.00491046 0
170.068 239.033 1.20343 -1.68452 0.0579518 0.53378 0.0869733 0.448785
170.019 238.6 1.24319 -1.65393 0.0525485 0.969366 0.135172 0.805365
169.968 237.986 1.32015 -1.6251 0.0421228 1.58578 0.180186 1.28695
169.94 237.472 1.39283 -1.60702 0.0320187 2.10092 0.202955 1.66684
169.924 237.028 1.45977 -1.59158 0.0321857 2.54491 0.227975 1.97831
169.911 236.442 1.55589 -1.57025 0.0315634 3.13096 0.267197 2.36727
169.912 235.928 1.64741 -1.55345 0.0295978 3.64511 0.303087 2.68857
169.921 235.415 1.74423 -1.5381 0.0263024 4.15793 0.33662 2.99115
169.937 234.905 1.84427 -1.52487 0.0218511 4.66889 0.36499 3.27593
169.961 234.396 1.9453 -1.51424 0.0167042 5.17757 0.386564 3.5444
169.989 233.891 2.0454 -1.50629 0.0117646 5.68389 0.401207 3.79842
170.022 233.388 2.14292 -1.50087 0.00716383 6.18802 0.408418 4.03895
170.057 232.887 2.23661 -1.49775 0.00305385 6.69019 0.40741 4.26829
170.093 232.388 2.32518 -1.49662 -0.000417127 7.19072 0.398294 4.48782
170.13 231.89 2.40767 -1.49711 -0.00315741 7.68998 0.382174 4.69885
170.167 231.393 2.48337 -1.49882 -0.00513796 8.18834 0.360255 4.9026
170.203 230.896 2.55203 -1.50136 -0.00638835 8.68615 0.333493 5.1003
170.237 230.4 2.61325 -1.50404 -0.00698518 9.18372 0.3023 5.29288
170.27 229.908 2.66649 -1.50673 -0.00703634 9.67634 0.269283 5.4794
170.301 229.423 2.71209 -1.51002 -0.00666466 10.1622 0.236526 5.66001
170.331 228.936 2.7515 -1.51316 -0.00599366 10.6504 0.204671 5.83868
170.359 228.446 2.78517 -1.51605 -0.00513706 11.141 0.17455 6.0159
170.386 227.954 2.81348 -1.51864 -0.00419242 11.634 0.146731 6.19199
170.412 227.46 2.83685 -1.52089 -0.00323838 12.1291 0.121506 6.36721
170.437 226.963 2.85604 -1.52284 -0.00233439 12.6263 0.0987321 6.54184
170.461 226.465 2.8715 -1.52452 -0.00152217 13.1251 0.0782664 6.71602
170.484 225.965 2.88351 -1.52598 -0.000827805 13.6252 0.0599362 6.88982
170.506 225.465 2.8924 -1.52726 -0.000264153 14.1263 0.0434503 7.0633
170.528 224.964 2.89861 -1.52842 0.00016662 14.6281 0.0283933 7.23657
170.55 224.462 2.90237 -1.52949 0.000470505 15.1302 0.0144635 7.40968
170.57 223.96 2.90371 -1.53048 0.000659291 15.6324 0.00141963 7.58266
170.591 223.458 2.90284 -1.53143 0.000748682 16.1346 -0.0110276 7.75562
170.61 222.957 2.8999 -1.53234 0.000756873 16.6365 -0.0230971 7.92861
170.63 222.455 2.89494 -1.53325 0.000703298 17.1382 -0.0349312 8.10174
170.648 221.954 2.88781 -1.53416 0.000607332 17.6395 -0.0466191 8.27513
170.667 221.454 2.87868 -1.53509 0.000487007 18.1405 -0.0582186 8.4489
170.685 220.953 2.86756 -1.53605 0.000357964 18.6412 -0.0697248 8.62315
170.702 220.453 2.85442 -1.53702 0.000232778 19.1417 -0.0810967 8.79803
170.719 219.953 2.83913 -1.538 0.000120661 19.6419 -0.0922376 8.97375
170.735 219.454 2.82186 -1.53899 2.74993e-05 20.1419 -0.103054 9.15041
170.751 218.954 2.80263 -1.53996 -4.38446e-05 20.6418 -0.113424 9.32815
170.767 218.454 2.78148 -1.54092 -9.30498e-05 21.1416 -0.12321 9.50713
170.782 217.955 2.75841 -1.54184 -0.000121746 21.6414 -0.132226 9.68757
170.796 217.455 2.73358 -1.54272 -0.000132891 22.1412 -0.140311 9.8696
170.81 216.956 2.70713 -1.54355 -0.000130189 22.6411 -0.147306 10.0533
170.824 216.456 2.67925 -1.54432 -0.000117574 23.1409 -0.153021 10.2389
170.837 215.956 2.65014 -1.54504 -9.88121e-05 23.6408 -0.157245 10.4265
170.85 215.456 2.62005 -1.54569 -7.72076e-05 24.1407 -0.159743 10.6162
170.862 214.957 2.58932 -1.54629 -5.54322e-05 24.6407 -0.16025 10.8081
170.875 214.457 2.55834 -1.54682 -3.54497e-05 25.1407 -0.158467 11.0024
170.887 213.957 2.52757 -1.54729 -1.85249e-05 25.6407 -0.1541 11.199
170.898 213.457 2.49757 -1.54771 -5.29381e-06 26.1407 -0.147043 11.398
170.91 212.957 2.46892 -1.54807 4.12694e-06 26.6407 -0.137226 11.5994
170.921 212.457 2.44223 -1.54838 1.00109e-05 27.1408 -0.124522 11.803
170.932 211.957 2.41821 -1.54864 1.28902e-05 27.6408 -0.108809 12.0088
170.943 211.457 2.39754 -1.54884 1.34341e-05 28.1408 -0.0901059 12.2165
170.954 210.957 2.3809 -1.54899 1.23474e-05 28.6409 -0.0689152 12.4259
170.965 210.458 2.36881 -1.54909 1.02919e-05 29.1409 -0.0458788 12.6365
170.976 209.958 2.36167 -1.54914 7.83456e-06 29.6409 -0.0216625 12.8479
170.987 209.458 2.35932 -1.54914 5.24148e-06 30.1409 -0.0091212 13
