212.162 115.903 2.70425 0.00834859 -1.2388e-06 0 0.475141 0
212.662 115.907 2.76187 0.00990236 -3.5231e-05 0.500021 0.222501 0.182612
213.162 115.912 2.79909 0.0116936 -2.74214e-05 1.00003 0.196243 0.362383
213.662 115.918 2.83249 0.0133938 -2.02019e-05 1.50004 0.180069 0.53994
214.162 115.924 2.86279 0.015004 -1.36404e-05 2.00004 0.164573 0.715544
214.662 115.932 2.89012 0.016525 -7.7971e-06 2.50004 0.14979 0.889365
215.162 115.94 2.91464 0.0179578 -2.71454e-06 3.00004 0.135737 1.06159
215.662 115.949 2.9367 0.0193032 1.58849e-06 3.50004 0.122371 1.23248
216.162 115.959 2.95646 0.020562 5.118e-06 4.00004 0.109679 1.4022
216.662 115.969 2.97387 0.0217349 7.90284e-06 4.50004 0.0977119 1.57078
217.162 115.98 2.98929 0.0228227 9.99064e-06 5.00005 0.0863869 1.73847
217.662 115.991 3.00287 0.0238263 1.14427e-05 5.50006 0.0756764 1.90537
218.161 116.003 3.01456 0.0247463 1.23284e-05 6.00006 0.0656173 2.07153
218.661 116.015 3.02462 0.0255837 1.27205e-05 6.50008 0.0561315 2.23711
219.161 116.028 3.0332 0.0263391 1.26906e-05 7.00009 0.0471815 2.4022
219.661 116.041 3.04023 0.0270135 1.23058e-05 7.50011 0.0388026 2.56684
220.161 116.055 3.04595 0.0276077 1.16262e-05 8.00013 0.0309047 2.73115
220.661 116.069 3.05045 0.0281224 1.07039e-05 8.50016 0.0234655 2.89519
221.161 116.083 3.05367 0.0285585 9.58156e-06 9.00018 0.0164979 3.05901
221.66 116.097 3.05585 0.0289169 8.29314e-06 9.50021 0.00992135 3.2227
222.16 116.112 3.05697 0.0291983 6.86396e-06 10.0002 0.00372928 3.3863
222.66 116.126 3.05708 0.0294036 5.31203e-06 10.5003 -0.002097 3.54986
223.16 116.141 3.0563 0.0295335 3.64961e-06 11.0003 -0.00761358 3.71344
223.66 116.156 3.05462 0.0295888 1.88547e-06 11.5003 -0.01282 3.87709
224.159 116.17 3.0521 0.0295703 2.81634e-08 12.0004 -0.0177545 4.04086
224.659 116.185 3.04883 0.0294791 -1.90849e-06 12.5004 -0.0224524 4.20477
225.159 116.2 3.04476 0.0293169 -3.89567e-06 13.0005 -0.0269103 4.36889
225.659 116.215 3.03998 0.029087 -5.87543e-06 13.5005 -0.0311719 4.53324
226.159 116.229 3.03454 0.0287957 -7.7508e-06 14.0005 -0.0352559 4.69786
226.659 116.243 3.02837 0.0284532 -9.3974e-06 14.5005 -0.0391604 4.86282
227.158 116.258 3.02159 0.028073 -1.07036e-05 15.0006 -0.0429198 5.02811
227.658 116.272 3.0142 0.0276697 -1.16125e-05 15.5006 -0.0465407 5.19378
228.158 116.286 3.00616 0.0272558 -1.21236e-05 16.0006 -0.0500219 5.35991
228.658 116.299 2.99755 0.0268401 -1.22494e-05 16.5006 -0.053382 5.52647
229.158 116.313 2.98837 0.0264277 -1.19693e-05 17.0007 -0.0566201 5.69352
229.658 116.326 2.9786 0.0260213 -1.1217e-05 17.5007 -0.0597257 5.86113
230.157 116.339 2.96831 0.0256224 -9.89922e-06 18.0007 -0.0627049 6.02928
230.657 116.352 2.9575 0.0252321 -7.92547e-06 18.5007 -0.0655474 6.19802
231.157 116.364 2.94616 0.0248517 -5.23195e-06 19.0007 -0.0682229 6.36743
231.657 116.377 2.93434 0.0244823 -1.80003e-06 19.5007 -0.0707266 6.53749
232.157 116.389 2.92207 0.0241249 2.3296e-06 20.0007 -0.0730347 6.70822
232.657 116.401 2.90936 0.0237806 7.04576e-06 20.5008 -0.0751 6.87972
233.157 116.413 2.89627 0.0234504 1.21595e-05 21.0008 -0.0768925 7.05199
233.656 116.425 2.88283 0.0231351 1.74012e-05 21.5008 -0.0783778 7.22502
234.156 116.436 2.86911 0.0228354 2.24238e-05 22.0008 -0.0795072 7.39886
234.656 116.448 2.85515 0.0225518 2.68103e-05 22.5009 -0.0801894 7.57359
235.156 116.459 2.84105 0.0222845 3.00885e-05 23.0009 -0.080393 7.74916
235.656 116.47 2.82689 0.0220336 3.17491e-05 23.5009 -0.0800493 7.9256
236.156 116.481 2.81277 0.0217987 3.12684e-05 24.0009 -0.0790822 8.1029
236.656 116.492 2.79882 0.0215793 2.81345e-05 24.501 -0.0773591 8.28113
237.156 116.503 2.78519 0.0213748 2.18749e-05 25.001 -0.0748179 8.46024
237.656 116.513 2.77203 0.021184 1.20865e-05 25.501 -0.0713633 8.64019
238.156 116.524 2.75952 0.021006 -1.53396e-06 26.001 -0.0668851 8.82097
238.655 116.535 2.74785 0.0208394 -1.91596e-05 26.501 -0.0612635 9.00253
239.155 116.545 2.73732 0.020683 -4.08034e-05 27.001 -0.0543049 9.18486
239.655 116.555 2.72815 0.0205354 -6.62908e-05 27.501 -0.0459157 9.36783
240.155 116.566 2.72063 0.0203958 -9.52371e-05 28.0009 -0.0359608 9.55134
240.655 116.576 2.71506 0.0202632 -0.000127033 28.5008 -0.0242897 9.73529
241.155 116.586 2.71175 0.0201373 -0.00016084 29.0007 -0.0115748 9.91954
241.654 116.596 2.71091 0.0200167 -0.000195606 29.5006 -0.00847923 10
242.154 116.606 2.71091 0.0200167 -0.000230135 30.0004 -0.00847923 10
