171.672 243.593 1.21208 -2.12486 0.106542 0 -0.0252489 0
171.389 243.135 1.17443 -2.06742 0.106611 0.538372 -0.0665275 0.451302
171.132 242.661 1.15559 -2.01046 0.105331 1.07805 -0.0156141 0.915301
170.901 242.171 1.15897 -1.95475 0.102522 1.61947 0.0290902 1.38385
170.698 241.667 1.182 -1.901 0.0981418 2.16321 0.0694643 1.84899
170.52 241.149 1.22248 -1.84928 0.0932882 2.71054 0.108433 2.30488
170.368 240.617 1.27838 -1.79983 0.0876255 3.26411 0.142579 2.74793
170.24 240.068 1.34536 -1.75395 0.0791501 3.82719 0.167803 3.1775
170.135 239.501 1.41849 -1.71341 0.0688777 4.4037 0.180581 3.59488
170.057 238.959 1.48733 -1.68105 0.0578838 4.95128 0.184649 3.97171
169.999 238.435 1.5516 -1.65742 0.0470612 5.47895 0.18427 4.31901
169.959 237.974 1.60546 -1.6345 0.0419234 5.94213 0.184098 4.61246
169.923 237.4 1.67176 -1.62145 0.0319596 6.51657 0.195973 4.96303
169.904 237.027 1.71642 -1.60564 0.0320976 6.89063 0.209083 5.18392
169.883 236.437 1.79095 -1.58821 0.0314205 7.48035 0.234776 5.52031
169.873 235.873 1.86746 -1.57261 0.0293885 8.04489 0.260845 5.82902
169.872 235.343 1.94313 -1.55944 0.0260236 8.57481 0.282948 6.10733
169.878 234.832 2.01843 -1.54866 0.0215117 9.08602 0.299674 6.36534
169.889 234.323 2.09409 -1.54034 0.0163371 9.59486 0.310973 6.61292
169.905 233.817 2.16868 -1.53449 0.0114132 10.1012 0.316328 6.85041
169.923 233.313 2.24105 -1.53095 0.00683178 10.6053 0.315653 7.07907
169.943 232.812 2.30995 -1.52949 0.00275459 11.1072 0.307491 7.29975
169.964 232.312 2.37399 -1.5298 -0.000673348 11.6073 0.292012 7.5132
169.984 231.829 2.43075 -1.53138 -0.00336436 12.0911 0.271266 7.71452
170.002 231.347 2.48152 -1.53388 -0.00529346 12.5727 0.24574 7.91061
170.02 230.867 2.52601 -1.53694 -0.00649385 13.0539 0.216214 8.10277
170.037 230.385 2.56378 -1.54026 -0.00704489 13.5355 0.183111 8.29195
170.051 229.902 2.59475 -1.5436 -0.0070563 14.0184 0.148604 8.47912
170.064 229.418 2.61913 -1.54674 -0.00665176 14.5032 0.11442 8.66505
170.076 228.931 2.63727 -1.54956 -0.00595485 14.9904 0.0818205 8.85037
170.087 228.441 2.64962 -1.55195 -0.00507879 15.48 0.0516178 9.03556
170.096 227.949 2.65667 -1.55389 -0.00412028 15.9721 0.0242989 9.22102
170.104 227.455 2.65897 -1.55536 -0.00315688 16.4666 9.08565e-05 9.40703
170.112 226.958 2.65699 -1.55639 -0.00224706 16.9631 -0.0209187 9.59382
170.119 226.46 2.6513 -1.55703 -0.00143165 17.4615 -0.0388526 9.78156
170.126 225.96 2.64248 -1.55733 -0.000736163 17.9612 -0.0539522 9.97036
170.133 225.46 2.631 -1.55735 -0.000173272 18.4621 -0.0665297 10.1603
170.139 224.958 2.61726 -1.55717 0.000254793 18.9637 -0.077033 10.3514
170.146 224.456 2.60158 -1.55685 0.000554007 19.4657 -0.0858072 10.5438
170.153 223.954 2.58423 -1.55644 0.000736516 19.9679 -0.0931583 10.7375
170.16 223.452 2.56545 -1.556 0.000818767 20.47 -0.0993508 10.9325
170.168 222.95 2.54541 -1.55556 0.000819786 20.972 -0.1046 11.1289
170.176 222.448 2.52426 -1.55516 0.00075959 21.4737 -0.109066 11.3268
170.183 221.947 2.50211 -1.55482 0.000657784 21.9751 -0.112852 11.5263
170.191 221.446 2.47909 -1.55454 0.000532379 22.4761 -0.116005 11.7275
170.2 220.945 2.45528 -1.55434 0.000398894 22.9768 -0.118516 11.9304
170.208 220.445 2.43081 -1.5542 0.000269767 23.4772 -0.120329 12.1353
170.216 219.945 2.4058 -1.55412 0.000154095 23.9774 -0.12134 12.3421
170.224 219.445 2.38043 -1.55409 5.76813e-05 24.4774 -0.121408 12.551
170.233 218.945 2.3549 -1.55411 -1.66699e-05 24.9772 -0.120358 12.7621
170.241 218.446 2.32944 -1.55415 -6.86746e-05 25.477 -0.117987 12.9755
170.249 217.946 2.30439 -1.55421 -9.99832e-05 25.9767 -0.114065 13.1912
170.258 217.446 2.28012 -1.55428 -0.000113566 26.4765 -0.108302 13.4092
170.266 216.947 2.25712 -1.55434 -0.000113131 26.9762 -0.100404 13.6295
170.274 216.447 2.2359 -1.5544 -0.000102614 27.476 -0.0901134 13.852
170.282 215.947 2.21706 -1.55446 -8.57814e-05 27.9758 -0.077134 14.0765
170.291 215.447 2.20129 -1.5545 -6.59396e-05 28.4757 -0.0614997 14.3028
170.299 214.947 2.18935 -1.55453 -4.57632e-05 28.9756 -0.0437106 14.5306
170.307 214.447 2.18154 -1.55455 -2.7221e-05 29.4756 -0.0245254 14.7594
170.315 213.948 2.17795 -1.55456 -1.15855e-05 29.9756 -0.00824641 14.9888
170.323 213.448 2.17784 -1.55456 4.9779e-07 30.4756 -0.00772847 15
