272.008 117.187 2.3763 0.027173 -8.39284e-08 0 0.645311 0
272.508 117.2 2.48103 0.0253159 -5.00865e-05 0.500035 0.45211 0.205561
273.008 117.213 2.56671 0.0231623 -3.85277e-05 1.00006 0.412886 0.403644
273.508 117.224 2.6424 0.0211028 -2.81592e-05 1.50008 0.376075 0.595571
274.007 117.235 2.7093 0.0191381 -1.89434e-05 2.00008 0.341581 0.782324
274.507 117.245 2.76859 0.0172689 -1.08407e-05 2.50009 0.309249 0.964796
275.007 117.253 2.82116 0.0154958 -3.80931e-06 3.00009 0.278951 1.14366
275.507 117.261 2.86777 0.0138195 2.19484e-06 3.50009 0.250567 1.31945
276.007 117.268 2.9089 0.0122407 7.2179e-06 4.00009 0.224027 1.49258
276.507 117.274 2.94491 0.0107601 1.1308e-05 4.50009 0.199303 1.66333
277.007 117.279 2.97661 0.00937822 1.45151e-05 5.0001 0.176177 1.83219
277.507 117.284 3.00439 0.0080958 1.68907e-05 5.50011 0.154556 1.99943
278.007 117.288 3.0282 0.00691347 1.84879e-05 6.00012 0.134522 2.16513
278.507 117.292 3.0488 0.00583191 1.93609e-05 6.50014 0.115814 2.32968
279.007 117.294 3.06638 0.00485176 1.95654e-05 7.00016 0.0983874 2.49323
279.507 117.297 3.08097 0.00397369 1.91581e-05 7.50019 0.0822707 2.65587
280.007 117.299 3.09312 0.00319837 1.8197e-05 8.00022 0.0672516 2.81785
280.507 117.3 3.10284 0.00252646 1.67412e-05 8.50025 0.0533499 2.97925
281.007 117.302 3.11035 0.00195863 1.48511e-05 9.0003 0.0404816 3.14019
281.507 117.303 3.11597 0.00149557 1.25881e-05 9.50034 0.0285173 3.30082
282.007 117.303 3.11958 0.00113795 1.00152e-05 10.0004 0.0175301 3.46119
282.507 117.304 3.12158 0.000886452 7.19673e-06 10.5004 0.00732895 3.62143
283.007 117.305 3.122 0.000741769 4.19827e-06 11.0005 -0.00208305 3.7816
283.508 117.305 3.12094 0.00070457 1.08728e-06 11.5005 -0.0107559 3.9418
284.008 117.305 3.11863 0.000775443 -2.06578e-06 12.0006 -0.0187958 4.10207
284.508 117.306 3.11497 0.000954606 -5.18264e-06 12.5006 -0.0261594 4.26251
285.008 117.306 3.11022 0.00124113 -8.1645e-06 13.0007 -0.0329788 4.42316
285.508 117.307 3.10441 0.00163128 -1.08705e-05 13.5007 -0.039263 4.58408
286.008 117.308 3.09759 0.00211599 -1.31035e-05 14.0008 -0.0450414 4.74533
286.508 117.309 3.08991 0.0026788 -1.46402e-05 14.5008 -0.0503906 4.90695
287.008 117.31 3.08132 0.00329607 -1.53237e-05 15.0009 -0.0552919 5.06901
287.508 117.312 3.07196 0.00394079 -1.51644e-05 15.5009 -0.0598152 5.23153
288.008 117.314 3.06189 0.00458827 -1.43551e-05 16.0009 -0.063986 5.39455
288.508 117.316 3.05108 0.00522054 -1.31754e-05 16.501 -0.0677961 5.55817
289.008 117.318 3.03967 0.00582727 -1.18701e-05 17.001 -0.0713047 5.72235
289.508 117.321 3.02766 0.00640393 -1.05893e-05 17.501 -0.0745117 5.88716
290.008 117.325 3.01507 0.00694924 -9.39842e-06 18.001 -0.0774207 6.05267
290.508 117.328 3.00199 0.00746334 -8.31491e-06 18.5011 -0.0800618 6.21886
291.008 117.332 2.98842 0.00794681 -7.33725e-06 19.0011 -0.0824224 6.38579
291.508 117.336 2.97442 0.00840038 -6.45848e-06 19.5011 -0.084495 6.55352
292.008 117.34 2.96003 0.00882479 -5.67071e-06 20.0011 -0.0862889 6.72202
292.508 117.344 2.94529 0.00922079 -4.9663e-06 20.5011 -0.0877801 6.89135
293.008 117.349 2.93024 0.00958912 -4.33793e-06 21.0011 -0.0889304 7.06157
293.508 117.354 2.91496 0.00993055 -3.77877e-06 21.5011 -0.0897348 7.23265
294.008 117.359 2.89949 0.0102458 -3.28232e-06 22.0011 -0.0901584 7.40461
294.508 117.364 2.8839 0.0105357 -2.84252e-06 22.5011 -0.0901218 7.57754
295.008 117.369 2.86827 0.0108009 -2.45368e-06 23.0011 -0.0895954 7.7514
295.508 117.375 2.8527 0.0110423 -2.11049e-06 23.5012 -0.0885254 7.92619
296.008 117.38 2.83727 0.0112605 -1.808e-06 24.0012 -0.0868427 8.10192
296.508 117.386 2.82214 0.0114564 -1.5416e-06 24.5012 -0.0844133 8.27864
297.008 117.391 2.80743 0.0116306 -1.30706e-06 25.0012 -0.0811868 8.45629
297.508 117.397 2.79329 0.011784 -1.10043e-06 25.5012 -0.0770682 8.63484
298.008 117.403 2.7799 0.0119174 -9.18128e-07 26.0012 -0.0719482 8.81426
298.508 117.409 2.76747 0.0120314 -7.56861e-07 26.5012 -0.0656868 8.99453
299.008 117.415 2.75627 0.0121269 -6.13642e-07 27.0012 -0.058115 9.17559
299.508 117.421 2.74653 0.0122046 -4.85768e-07 27.5012 -0.0491469 9.35733
300.008 117.427 2.73851 0.0122652 -3.70814e-07 28.0012 -0.0386407 9.53965
300.508 117.433 2.73252 0.0123097 -2.66622e-07 28.5012 -0.0264513 9.72244
301.008 117.44 2.72888 0.0123386 -1.7129e-07 29.0012 -0.0126779 9.90556
301.507 117.446 2.72785 0.0123535 -8.31596e-08 29.5012 -0.0088574 10
302.007 117.452 2.72785 0.0123535 -2.65685e-08 30.0012 -0.0088574 10
