169.94 234.037 1.74749 -1.52822 0.0139291 0 0.390252 0
169.962 233.538 1.84178 -1.52563 0.0091146 0.500269 0.322469 0.278386
169.984 233.045 1.92406 -1.52563 0.00474674 0.99394 0.303005 0.540446
170.006 232.557 1.99663 -1.52748 0.000966629 1.48244 0.276059 0.789672
170.027 232.072 2.05912 -1.53081 -0.00210632 1.96722 0.244839 1.02858
170.046 231.59 2.11256 -1.53521 -0.00441537 2.44965 0.212471 1.25979
170.063 231.109 2.15789 -1.54032 -0.0059664 2.93102 0.181358 1.48524
170.078 230.628 2.19558 -1.54579 -0.00681885 3.41242 0.153436 1.70638
170.09 230.146 2.22715 -1.55135 -0.00707102 3.89478 0.130382 1.92443
170.099 229.662 2.25371 -1.55461 -0.00684323 4.37879 0.112863 2.14042
170.109 229.049 2.28233 -1.5623 -0.00588191 4.99161 0.0974078 2.41061
170.114 228.552 2.30274 -1.56688 -0.00499263 5.48902 0.0896633 2.62754
170.116 228.054 2.32168 -1.57094 -0.00402303 5.98688 0.0853141 2.84283
170.115 227.555 2.33983 -1.57447 -0.00305105 6.48521 0.0836477 3.05663
170.114 227.057 2.3577 -1.57748 -0.00213529 6.98401 0.0839159 3.269
170.11 226.557 2.37563 -1.58003 -0.00131649 7.48324 0.0853669 3.47994
170.106 226.058 2.39379 -1.58217 -0.000619959 7.98285 0.0872318 3.68946
170.1 225.558 2.41217 -1.58398 -5.80207e-05 8.4828 0.0887342 3.89752
170.093 225.058 2.43062 -1.5855 0.000367502 8.98302 0.0892005 4.1041
170.086 224.557 2.44891 -1.58682 0.000663032 9.48345 0.0885841 4.3092
170.078 224.057 2.46682 -1.58799 0.000841173 9.98403 0.0866942 4.51285
170.069 223.556 2.48406 -1.58907 0.000918809 10.4847 0.0832687 4.71509
170.06 223.056 2.50032 -1.59008 0.000915342 10.9854 0.078067 4.916
170.051 222.555 2.51525 -1.59107 0.000851088 11.4862 0.0708915 5.11566
170.04 222.054 2.52846 -1.59206 0.000745834 11.9869 0.0617152 5.3142
170.03 221.554 2.53961 -1.59305 0.000617595 12.4876 0.0506683 5.51176
170.019 221.053 2.54837 -1.59405 0.000481577 12.9882 0.0379319 5.70854
170.007 220.553 2.55446 -1.59503 0.000349381 13.4888 0.023732 5.90472
169.995 220.052 2.55764 -1.59598 0.000228741 13.9894 0.00832759 6.10053
169.982 219.552 2.55768 -1.59683 0.000124181 14.4899 -0.00800708 6.29619
169.969 219.052 2.55445 -1.59756 3.85357e-05 14.9903 -0.0249713 6.49197
169.956 218.551 2.54785 -1.59814 -2.58835e-05 15.4908 -0.0422637 6.68811
169.942 218.051 2.53782 -1.5986 -6.77322e-05 15.9912 -0.0595728 6.88489
169.928 217.551 2.52435 -1.59896 -8.80428e-05 16.4916 -0.0765793 7.08258
169.914 217.051 2.50748 -1.59927 -9.06229e-05 16.9921 -0.092955 7.28146
169.9 216.551 2.4873 -1.59955 -8.08011e-05 17.4925 -0.108369 7.48182
169.886 216.05 2.46395 -1.59981 -6.37605e-05 17.9929 -0.122478 7.68395
169.871 215.55 2.43766 -1.60006 -4.3639e-05 18.4934 -0.13491 7.88812
169.856 215.05 2.40871 -1.6003 -2.34184e-05 18.9939 -0.145263 8.09463
169.842 214.55 2.37746 -1.60053 -5.10908e-06 19.4944 -0.153229 8.30376
169.827 214.049 2.34435 -1.60075 1.00657e-05 19.9949 -0.158625 8.51579
169.812 213.549 2.30989 -1.60096 2.15268e-05 20.4954 -0.161286 8.7309
169.797 213.049 2.27465 -1.60116 2.92071e-05 20.996 -0.160966 8.94927
169.781 212.548 2.23929 -1.60136 3.34153e-05 21.4966 -0.157445 9.17105
169.766 212.048 2.20449 -1.60154 3.47023e-05 21.9971 -0.150982 9.39629
169.751 211.548 2.17095 -1.60173 3.3741e-05 22.4977 -0.142025 9.62517
169.735 211.047 2.13919 -1.6019 3.12253e-05 22.9983 -0.131257 9.85748
169.72 210.547 2.10961 -1.60207 2.77953e-05 23.4988 -0.119281 10.0931
169.704 210.047 2.08266 -1.60224 2.3988e-05 23.9994 -0.106694 10.332
169.688 209.546 2.05837 -1.60239 2.02114e-05 24.5 -0.0941755 10.5738
169.673 209.046 2.03679 -1.60254 1.67397e-05 25.0006 -0.0823975 10.8183
169.657 208.546 2.01777 -1.60268 1.37232e-05 25.5012 -0.0720592 11.0652
169.641 208.045 2.0009 -1.60281 1.12086e-05 26.0017 -0.0633989 11.3144
169.625 207.545 1.98594 -1.60292 9.164e-06 26.5023 -0.0559569 11.5655
169.609 207.045 1.97265 -1.60302 7.50559e-06 27.0029 -0.0490418 11.8184
169.592 206.544 1.96107 -1.60311 6.12222e-06 27.5035 -0.0419608 12.073
169.576 206.044 1.95133 -1.60318 4.89562e-06 28.0041 -0.0339579 12.3289
169.56 205.544 1.94379 -1.60324 3.71569e-06 28.5047 -0.0242694 12.586
169.544 205.043 1.93909 -1.60327 2.49036e-06 29.0053 -0.0120186 12.8438
169.528 204.543 1.93767 -1.60329 1.15058e-06 29.5059 -0.00624614 13
169.511 204.043 1.93767 -1.60329 2.69877e-07 30.0065 -0.00624614 13
