276.256 117.313 0.0117564 -0.05842 4.64421e-09 0 0.00476252 0
276.756 117.284 0.909497 -0.0537607 -0.000808542 0.501362 0.714013 1.24638
277.257 117.257 1.20492 -0.0483306 -0.000719606 1.00256 0.542255 1.71775
277.757 117.233 1.38984 -0.0431026 -0.000637213 1.50357 0.419361 2.10297
278.257 117.211 1.51687 -0.0380767 -0.000561136 2.00442 0.323628 2.44666
278.758 117.192 1.60778 -0.0332528 -0.000491144 2.50514 0.245843 2.76675
279.258 117.176 1.67276 -0.0286306 -0.000426998 3.00573 0.181685 3.07164
279.758 117.161 1.71828 -0.0242098 -0.000368454 3.50621 0.128366 3.36659
280.259 117.149 1.74874 -0.0199901 -0.000315267 4.0066 0.0839655 3.65506
280.759 117.139 1.76725 -0.015971 -0.000267188 4.50691 0.0470934 3.93951
281.259 117.131 1.77616 -0.0121521 -0.000223967 5.00716 0.0166923 4.22176
281.759 117.125 1.77733 -0.00853275 -0.000185352 5.50735 -0.00807536 4.50318
282.259 117.121 1.77214 -0.00511243 -0.000151091 6.00749 -0.027817 4.78493
282.759 117.118 1.76198 -0.0018905 -0.000120932 6.50759 -0.0432147 5.06789
283.259 117.117 1.74794 0.00113372 -9.46251e-05 7.00767 -0.0547994 5.3528
283.76 117.118 1.73094 0.00396092 -7.192e-05 7.50772 -0.0630285 5.64025
284.26 117.12 1.7118 0.00659183 -5.25684e-05 8.00775 -0.068318 5.93071
284.76 117.123 1.69128 0.00902718 -3.63242e-05 8.50777 -0.0710513 6.22455
285.26 117.128 1.67001 0.0112677 -2.29432e-05 9.00778 -0.0715827 6.52206
285.76 117.133 1.64861 0.0133143 -1.21836e-05 9.50778 -0.070239 6.8234
286.259 117.14 1.62758 0.0151676 -3.80634e-06 10.0078 -0.0673191 7.12865
286.759 117.147 1.6074 0.0168285 2.42487e-06 10.5078 -0.0630932 7.4378
287.259 117.156 1.58846 0.0182978 6.74349e-06 11.0078 -0.0578007 7.75073
287.759 117.165 1.57112 0.0195763 9.38004e-06 11.5078 -0.0516493 8.06726
288.259 117.175 1.55567 0.020665 1.05626e-05 12.0078 -0.0448141 8.3871
288.759 117.185 1.54238 0.021565 1.05194e-05 12.5078 -0.0374342 8.70992
289.259 117.196 1.53148 0.0222788 9.48698e-06 13.0078 -0.0296223 9.03531
289.759 117.207 1.52311 0.0228118 7.72874e-06 13.5078 -0.0214688 9.36274
290.259 117.219 1.51741 0.0231749 5.55707e-06 14.0078 -0.0130336 9.69168
290.759 117.23 1.51455 0.0233877 3.32948e-06 14.5078 -0.0043545 10.0216
291.258 117.242 1.51459 0.0234785 1.38542e-06 15.0079 0.00453421 10.3518
291.758 117.254 1.51756 0.0234804 -5.79944e-08 15.5079 0.0136037 10.6816
292.258 117.265 1.52354 0.0234251 -9.69036e-07 16.0079 0.0228233 11.0105
292.758 117.277 1.53255 0.0233371 -1.46358e-06 16.5079 0.0321468 11.3378
293.258 117.289 1.54452 0.0232317 -1.70385e-06 17.0079 0.0415052 11.6628
293.758 117.3 1.55938 0.0231168 -1.8174e-06 17.5079 0.0508055 11.9851
294.258 117.312 1.57702 0.0229962 -1.87478e-06 18.008 0.0599215 12.304
294.758 117.323 1.59731 0.0228716 -1.90539e-06 18.508 0.0686879 12.6191
295.258 117.335 1.61996 0.022744 -1.91897e-06 19.008 0.0769127 12.9299
295.757 117.346 1.64468 0.0226141 -1.91844e-06 19.508 0.0843664 13.2363
296.257 117.357 1.67112 0.0224828 -1.90502e-06 20.008 0.0907871 13.5379
296.757 117.369 1.69885 0.0223509 -1.8796e-06 20.508 0.0958837 13.8347
297.257 117.38 1.72738 0.0222191 -1.84301e-06 21.008 0.0993399 14.1266
297.757 117.391 1.75616 0.0220882 -1.79609e-06 21.5081 0.100819 14.4137
298.257 117.402 1.78456 0.0219589 -1.73967e-06 22.0081 0.0999532 14.6961
298.757 117.413 1.8119 0.0218321 -1.67454e-06 22.5081 0.0963066 14.9741
299.257 117.424 1.83742 0.0217084 -1.60148e-06 23.0081 0.0896425 15.2481
299.757 117.435 1.86046 0.0215887 -1.52121e-06 23.5081 0.0801767 15.5185
300.256 117.446 1.88034 0.0214738 -1.4344e-06 24.0081 0.0681766 15.7858
300.756 117.456 1.8965 0.0213642 -1.34165e-06 24.5081 0.0538735 16.0505
301.256 117.467 1.90862 0.0212609 -1.24347e-06 25.0081 0.0379207 16.3133
301.756 117.478 1.91639 0.0211646 -1.14029e-06 25.5081 0.0217306 16.5747
302.256 117.488 1.92007 0.021076 -1.03245e-06 26.0081 0.00687282 16.8353
302.756 117.499 1.92026 0.0209959 -9.2016e-07 26.5082 -0.00521365 17.0957
303.256 117.509 1.91779 0.020925 -8.03505e-07 27.0082 -0.01279 17.3562
303.756 117.52 1.9141 0.0208641 -6.82446e-07 27.5082 -0.0145232 17.6172
304.256 117.53 1.91092 0.020814 -5.56793e-07 28.0082 -0.00859747 17.8786
304.756 117.54 1.91003 0.0207753 -4.26204e-07 28.5082 -0.00585832 18
305.255 117.551 1.91003 0.0207489 -2.90168e-07 29.0082 -0.00585832 18
305.755 117.561 1.91003 0.0207346 -1.47994e-07 29.5082 -0.00585832 18
306.255 117.572 1.91003 0.0207346 -4.82894e-08 30.0082 -0.00585832 18
