268.776 250.055 3.01529 -3.12903 -2.2814e-14 0 -0.00225963 0
268.276 250.049 3.01536 -3.12901 -1.57859e-09 0.5 0.00127799 0.165821
267.776 250.043 3.01557 -3.12899 -2.62229e-10 1 0.000997241 0.331632
267.276 250.037 3.01574 -3.12898 1.63599e-10 1.5 0.000706193 0.497433
266.776 250.03 3.01585 -3.12898 1.24726e-10 2 0.000397071 0.663225
266.276 250.024 3.01592 -3.12898 -5.97073e-11 2.5 6.55762e-05 0.829013
265.776 250.018 3.01592 -3.12899 -1.66103e-10 3 -0.000294392 0.994799
265.276 250.011 3.01586 -3.129 -5.5132e-11 3.5 -0.000692513 1.16059
264.776 250.005 3.01573 -3.12901 3.39513e-10 4 -0.00113128 1.32638
264.276 249.999 3.01553 -3.12903 1.02237e-09 4.5 -0.00161775 1.49218
263.776 249.992 3.01523 -3.12905 1.94745e-09 5 -0.00216232 1.658
263.276 249.986 3.01484 -3.12907 3.02942e-09 5.5 -0.00276587 1.82383
262.776 249.98 3.01435 -3.1291 4.1551e-09 6 -0.0034366 1.98969
262.276 249.974 3.01373 -3.12912 5.19428e-09 6.5 -0.00418469 2.15558
261.776 249.967 3.01299 -3.12914 6.01131e-09 7 -0.00500958 2.3215
261.276 249.961 3.0121 -3.12916 6.47618e-09 7.5 -0.00592058 2.48747
260.776 249.955 3.01105 -3.12918 6.47579e-09 8 -0.00692677 2.6535
260.276 249.949 3.00982 -3.12919 5.9253e-09 8.5 -0.00802621 2.81959
259.776 249.943 3.0084 -3.1292 4.77925e-09 9 -0.00922897 2.98575
259.276 249.936 3.00677 -3.12921 3.04277e-09 9.5 -0.0105423 3.15199
258.776 249.93 3.00492 -3.12921 7.83068e-10 10 -0.0119626 3.31833
258.276 249.924 3.00281 -3.12921 -1.85952e-09 10.5 -0.0135001 3.48478
257.776 249.918 3.00043 -3.1292 -4.66013e-09 11 -0.0151595 3.65136
257.276 249.912 2.99777 -3.12918 -7.29782e-09 11.5 -0.0169354 3.81807
256.776 249.905 2.9948 -3.12915 -9.34302e-09 12 -0.0188363 3.98494
256.277 249.899 2.99148 -3.12912 -1.02442e-08 12.5 -0.0208645 4.15199
255.777 249.893 2.98783 -3.12907 -9.32233e-09 13 -0.0230118 4.31923
255.277 249.887 2.9838 -3.12902 -5.82185e-09 13.5 -0.0252831 4.48668
254.777 249.88 2.97936 -3.12895 8.67651e-10 14 -0.027678 4.65438
254.277 249.874 2.97451 -3.12888 1.07229e-08 14.5 -0.0301844 4.82234
253.777 249.868 2.96923 -3.12881 2.25332e-08 15 -0.0328008 4.99057
253.277 249.861 2.96347 -3.12873 3.38944e-08 15.5 -0.0355238 5.15914
252.777 249.855 2.95724 -3.12866 4.21525e-08 16 -0.0383358 5.32803
252.277 249.848 2.95053 -3.1286 4.56895e-08 16.5 -0.0412267 5.49728
251.777 249.842 2.94327 -3.12855 4.44484e-08 17 -0.0441871 5.66697
251.277 249.835 2.9355 -3.1285 3.94418e-08 17.5 -0.0471928 5.83707
250.777 249.829 2.92721 -3.12847 3.19629e-08 18 -0.0502247 6.00762
250.277 249.822 2.91835 -3.12845 2.31293e-08 18.5 -0.0532589 6.1787
249.777 249.816 2.90895 -3.12844 1.37939e-08 19 -0.0562648 6.35031
249.277 249.809 2.89902 -3.12843 4.59729e-09 19.5 -0.0592118 6.52247
248.777 249.803 2.88856 -3.12844 -3.9733e-09 20 -0.0620628 6.69524
248.277 249.796 2.87754 -3.12845 -1.1563e-08 20.5 -0.0647642 6.86869
247.777 249.789 2.86605 -3.12846 -1.7924e-08 21 -0.0672763 7.04279
247.277 249.783 2.85409 -3.12849 -2.29077e-08 21.5 -0.0695466 7.2176
246.777 249.776 2.84172 -3.12851 -2.64525e-08 22 -0.0715074 7.39316
246.277 249.77 2.82896 -3.12854 -2.85723e-08 22.5 -0.0730715 7.56952
245.777 249.763 2.81591 -3.12858 -2.93456e-08 23 -0.0741803 7.74667
245.277 249.757 2.80265 -3.12861 -2.8904e-08 23.5 -0.0747496 7.92465
244.777 249.75 2.78929 -3.12865 -2.74201e-08 24 -0.0746855 8.10346
244.278 249.744 2.77593 -3.12869 -2.51002e-08 24.5 -0.073839 8.28316
243.778 249.737 2.76275 -3.12873 -2.21683e-08 25 -0.0721199 8.46372
243.278 249.731 2.74991 -3.12877 -1.88539e-08 25.5 -0.0694114 8.64512
242.778 249.724 2.73759 -3.1288 -1.53892e-08 26 -0.0655777 8.82735
242.278 249.718 2.72603 -3.12884 -1.1989e-08 26.5 -0.0604731 9.01038
241.778 249.712 2.71549 -3.12887 -8.84547e-09 27 -0.0539141 9.19415
241.278 249.705 2.70631 -3.1289 -6.10889e-09 27.5 -0.0457075 9.37861
240.778 249.699 2.69877 -3.12892 -3.88937e-09 28 -0.035727 9.56364
240.278 249.693 2.69324 -3.12894 -2.23197e-09 28.5 -0.0237979 9.74911
239.778 249.686 2.69001 -3.12896 -1.11634e-09 29 -0.011261 9.93488
239.278 249.68 2.68932 -3.12897 -4.37408e-10 29.5 -0.00870625 10
238.778 249.674 2.68932 -3.12897 -1.26382e-10 30 -0.00870625 10
