276.266 117.227 0.00355449 -0.058265 4.75838e-09 0 -0.00328951 0
276.767 117.198 1.21614 -0.0531112 -0.000890185 0.501356 1.5459 1.15072
277.267 117.171 1.70574 -0.0471116 -0.000783836 1.00253 1.31269 1.49311
277.768 117.148 2.03266 -0.0413442 -0.000685765 1.50351 1.14279 1.76001
278.268 117.127 2.28229 -0.0358092 -0.000595685 2.00431 1.00367 1.99226
278.768 117.109 2.4808 -0.0305064 -0.000513292 2.50496 0.885266 2.2024
279.269 117.094 2.64345 -0.0254358 -0.000438278 3.00549 0.781839 2.39763
279.769 117.081 2.77874 -0.0205971 -0.000370326 3.5059 0.690216 2.58194
280.269 117.071 2.89287 -0.01599 -0.000309113 4.00623 0.607998 2.75819
280.769 117.063 2.98997 -0.0116142 -0.000254314 4.50647 0.533565 2.92824
281.27 117.057 3.0727 -0.00746903 -0.000205599 5.00665 0.465884 3.09331
281.77 117.053 3.14229 -0.00355409 -0.000162637 5.50678 0.404558 3.25408
282.27 117.052 3.20187 0.000131268 -0.000125097 6.00687 0.348194 3.41178
282.77 117.052 3.2516 0.00358769 -9.26449e-05 6.50693 0.29685 3.56666
283.27 117.053 3.29343 0.00681586 -6.49508e-05 7.00696 0.249631 3.71946
283.77 117.057 3.32776 0.00981651 -4.16845e-05 7.50698 0.206429 3.87045
284.27 117.062 3.35572 0.0125904 -2.25177e-05 8.00699 0.166725 4.02007
284.77 117.068 3.37768 0.0151383 -7.12483e-06 8.50699 0.130393 4.16855
285.27 117.076 3.39455 0.0174611 4.81716e-06 9.00699 0.0970052 4.31621
285.77 117.084 3.40645 0.0195595 1.36282e-05 9.50699 0.0665485 4.46322
286.27 117.094 3.41428 0.0214344 1.96248e-05 10.007 0.0385584 4.60983
286.769 117.105 3.41791 0.0230865 2.31202e-05 10.507 0.0131716 4.75618
287.269 117.116 3.41829 0.0245169 2.44238e-05 11.007 -0.0101499 4.90245
287.769 117.129 3.4151 0.0257263 2.38416e-05 11.507 -0.0311356 5.04879
288.269 117.142 3.40925 0.0267157 2.16775e-05 12.0071 -0.0503459 5.19531
288.769 117.155 3.40046 0.0274865 1.8239e-05 12.5071 -0.0675375 5.34218
289.269 117.169 3.38943 0.0280418 1.38552e-05 13.0071 -0.0831415 5.48944
289.769 117.183 3.37604 0.0283881 8.91192e-06 13.5072 -0.0970222 5.63728
290.268 117.197 3.36075 0.0285395 3.88857e-06 14.0072 -0.109473 5.7857
290.768 117.211 3.34356 0.0285205 -6.63036e-07 14.5073 -0.120434 5.93489
291.268 117.225 3.32479 0.0283661 -4.24936e-06 15.0073 -0.130121 6.08484
291.768 117.24 3.30449 0.0281171 -6.62251e-06 15.5074 -0.1385 6.23571
292.268 117.254 3.28294 0.0278115 -7.86717e-06 16.0074 -0.145757 6.3875
292.768 117.268 3.26016 0.0274783 -8.29913e-06 16.5074 -0.151847 6.54037
293.267 117.281 3.23642 0.0271354 -8.26942e-06 17.0075 -0.156963 6.69426
293.767 117.295 3.21172 0.0267917 -8.02962e-06 17.5075 -0.161015 6.8494
294.267 117.308 3.18632 0.0264514 -7.71088e-06 18.0075 -0.164209 7.00566
294.767 117.321 3.16024 0.0261162 -7.36559e-06 18.5076 -0.166444 7.16328
295.267 117.335 3.13368 0.0257872 -7.01077e-06 19.0076 -0.16787 7.32215
295.767 117.347 3.10673 0.0254652 -6.65179e-06 19.5076 -0.168466 7.4824
296.267 117.36 3.0795 0.025151 -6.29105e-06 20.0077 -0.16824 7.64409
296.767 117.373 3.05214 0.0248454 -5.93029e-06 20.5077 -0.167265 7.80713
297.266 117.385 3.02475 0.024549 -5.57102e-06 21.0077 -0.165453 7.97174
297.766 117.397 2.99749 0.0242627 -5.21462e-06 21.5077 -0.162859 8.13781
298.266 117.41 2.97046 0.0239873 -4.8623e-06 22.0077 -0.15948 8.30533
298.766 117.422 2.94386 0.0237235 -4.5151e-06 22.5078 -0.155203 8.47446
299.266 117.433 2.91782 0.023472 -4.17389e-06 23.0078 -0.150044 8.64508
299.766 117.445 2.8925 0.0232337 -3.83935e-06 23.5078 -0.143963 8.81717
300.266 117.457 2.8681 0.0230093 -3.51195e-06 24.0078 -0.136857 8.99076
300.766 117.468 2.84488 0.0227994 -3.19198e-06 24.5078 -0.12865 9.16585
301.265 117.48 2.82299 0.022605 -2.87947e-06 25.0078 -0.119483 9.3423
301.765 117.491 2.80261 0.0224267 -2.57424e-06 25.5079 -0.109473 9.52006
302.265 117.502 2.78392 0.0222652 -2.27589e-06 26.0079 -0.098733 9.69904
302.765 117.513 2.7672 0.0221214 -1.98373e-06 26.5079 -0.0873551 9.87923
303.265 117.524 2.75247 0.0219959 -1.69684e-06 27.0079 -0.0754948 10.0604
303.765 117.535 2.73984 0.0218895 -1.41401e-06 27.5079 -0.0631655 10.2425
304.265 117.546 2.72944 0.021803 -1.13377e-06 28.0079 -0.0502496 10.4254
304.765 117.557 2.72143 0.0217371 -8.5434e-07 28.5079 -0.0366046 10.6088
305.265 117.568 2.71602 0.0216925 -5.73653e-07 29.0079 -0.0220607 10.7928
305.764 117.579 2.71325 0.0216687 -2.89323e-07 29.5079 -0.00987001 10.977
306.264 117.59 2.713 0.0216687 -9.39082e-08 30.008 -0.00889423 11
