170.7 241.673 1.182 -1.90156 0.098142 0 0.0694643 0
170.522 241.155 1.15198 -1.84972 0.0932892 0.547656 -0.0384569 0.469149
170.369 240.622 1.15384 -1.80037 0.0876275 1.10173 0.0428818 0.951097
170.244 240.086 1.1888 -1.75591 0.0791533 1.6525 0.102386 1.42227
170.145 239.556 1.24306 -1.71767 0.0688816 2.19181 0.139015 1.86628
170.067 239.028 1.30657 -1.68945 0.0578879 2.72556 0.1632 2.2853
170.016 238.6 1.36136 -1.6601 0.0524079 3.15616 0.175094 2.60821
169.96 237.981 1.44031 -1.63531 0.0419273 3.77769 0.180254 3.05184
169.927 237.467 1.50524 -1.62232 0.0319599 4.29292 0.192743 3.40191
169.904 237.029 1.56296 -1.60551 0.0320983 4.73216 0.211117 3.68825
169.884 236.439 1.64613 -1.58852 0.0314217 5.32194 0.241883 4.05593
169.875 235.923 1.72457 -1.57405 0.0293903 5.83813 0.270265 4.36236
169.873 235.41 1.80702 -1.56094 0.0260258 6.35145 0.296411 4.65315
169.878 234.898 1.89209 -1.54982 0.0215141 6.86293 0.318154 4.9298
169.889 234.389 1.97807 -1.54115 0.0163394 7.37208 0.334623 5.19309
169.904 233.883 2.06341 -1.53499 0.011415 7.87877 0.345374 5.44371
169.922 233.379 2.14689 -1.53118 0.00683325 8.38311 0.350563 5.68338
169.942 232.877 2.22742 -1.5295 0.00275567 8.88529 0.350117 5.91301
169.962 232.377 2.30408 -1.5296 -0.000672616 9.38562 0.343773 6.13373
169.983 231.879 2.37608 -1.53112 -0.0033639 9.88445 0.331103 6.34686
170.003 231.381 2.44268 -1.53366 -0.0052932 10.3822 0.313139 6.55341
170.021 230.885 2.50342 -1.53683 -0.00649369 10.8791 0.290903 6.75434
170.038 230.388 2.55803 -1.54031 -0.00704475 11.3757 0.265361 6.95053
170.053 229.902 2.60547 -1.54372 -0.0070561 11.8623 0.23779 7.13897
170.066 229.417 2.64676 -1.54691 -0.00665147 12.3471 0.208891 7.32358
170.078 228.93 2.68239 -1.54977 -0.00595446 12.8342 0.179931 7.5064
170.088 228.441 2.71246 -1.5522 -0.00507831 13.3238 0.152069 7.68785
170.097 227.949 2.73746 -1.55416 -0.00411975 13.8159 0.126018 7.86837
170.105 227.455 2.75793 -1.55565 -0.00315637 14.3102 0.102062 8.04827
170.113 226.958 2.77431 -1.55668 -0.0022466 14.8067 0.0802891 8.22775
170.12 226.46 2.78698 -1.5573 -0.00143128 15.305 0.0606151 8.40694
170.127 225.96 2.7962 -1.55757 -0.000735894 15.8047 0.0429253 8.58593
170.133 225.46 2.80238 -1.55757 -0.000173094 16.3056 0.0268836 8.76481
170.14 224.958 2.80586 -1.55736 0.000254897 16.8071 0.0121483 8.94366
170.147 224.456 2.80682 -1.55701 0.000554055 17.3091 -0.00155992 9.12253
170.154 223.954 2.80543 -1.55657 0.000736526 17.8113 -0.0145103 9.30148
170.161 223.452 2.80167 -1.5561 0.000818756 18.3135 -0.0269075 9.48059
170.168 222.95 2.79573 -1.55564 0.000819765 18.8155 -0.0389555 9.65995
170.176 222.448 2.78767 -1.55522 0.000759568 19.3172 -0.0507647 9.83966
170.183 221.947 2.7775 -1.55485 0.000657766 19.8186 -0.0623786 10.0198
170.191 221.446 2.76524 -1.55455 0.000532368 20.3196 -0.0737847 10.2006
170.2 220.945 2.75079 -1.55433 0.00039889 20.8203 -0.0848969 10.3821
170.208 220.445 2.73429 -1.55417 0.000269768 21.3207 -0.0956038 10.5646
170.216 219.945 2.7158 -1.55408 0.0001541 21.8209 -0.105746 10.7481
170.225 219.445 2.69539 -1.55404 5.76878e-05 22.3209 -0.115128 10.9329
170.233 218.945 2.67317 -1.55405 -1.66639e-05 22.8207 -0.123527 11.1191
170.241 218.446 2.64931 -1.55408 -6.86703e-05 23.3205 -0.130694 11.3069
170.25 217.946 2.62399 -1.55413 -9.99813e-05 23.8202 -0.136338 11.4964
170.258 217.446 2.59749 -1.55419 -0.000113567 24.32 -0.14015 11.6878
170.266 216.947 2.57019 -1.55426 -0.000113134 24.8197 -0.141841 11.8813
170.274 216.447 2.5425 -1.55432 -0.000102618 25.3195 -0.141079 12.0768
170.283 215.947 2.51492 -1.55437 -8.57863e-05 25.8193 -0.137637 12.2744
170.291 215.447 2.488 -1.55441 -6.59443e-05 26.3192 -0.131425 12.4743
170.299 214.947 2.46234 -1.55445 -4.5767e-05 26.8191 -0.122354 12.6763
170.307 214.447 2.43855 -1.55447 -2.72233e-05 27.3191 -0.11032 12.8803
170.315 213.948 2.41734 -1.55449 -1.15861e-05 27.8191 -0.095219 13.0863
170.324 213.448 2.39937 -1.5545 4.98564e-07 28.3191 -0.0772535 13.2939
170.332 212.948 2.3853 -1.5545 8.90173e-06 28.8191 -0.0570018 13.5029
170.34 212.448 2.37565 -1.5545 1.38831e-05 29.3192 -0.0351137 13.713
170.348 211.948 2.37063 -1.5545 1.59598e-05 29.8192 -0.0134731 13.9238
170.356 211.448 2.36972 -1.5545 1.57856e-05 30.3192 -0.0089069 14
