169.9 235.42 1.43722 -1.54885 0.0261302 0 0.355002 1.27744e-06
169.911 234.909 1.50899 -1.53499 0.021732 0.511181 0.18441 0.346069
169.93 234.4 1.5696 -1.52319 0.0166093 1.02007 0.180175 0.676688
169.954 233.894 1.62471 -1.51409 0.011706 1.52655 0.165442 0.993794
169.982 233.391 1.67206 -1.50754 0.00713692 2.03077 0.142589 1.2996
170.014 232.89 1.71035 -1.50332 0.00305521 2.53296 0.114243 1.59642
170.048 232.39 1.73909 -1.50111 -0.000392638 3.03345 0.0832083 1.88646
170.082 231.892 1.75852 -1.50054 -0.00311573 3.5326 0.0522794 2.17175
170.117 231.395 1.76952 -1.50122 -0.00508491 4.0308 0.0236878 2.45408
170.152 230.899 1.77298 -1.50278 -0.00632897 4.52842 -0.00201214 2.73494
170.186 230.403 1.76961 -1.50483 -0.00692339 5.02579 -0.0244583 3.01566
170.219 229.907 1.76047 -1.50629 -0.00697493 5.52278 -0.0433436 3.29716
170.25 229.422 1.74669 -1.50867 -0.00660544 6.00852 -0.0581357 3.57413
170.28 228.935 1.72891 -1.51095 -0.00593769 6.49655 -0.0693985 3.85494
170.31 228.445 1.70807 -1.51302 -0.00508491 6.98704 -0.0771581 4.14032
170.338 227.953 1.68505 -1.51483 -0.0041444 7.47994 -0.0815508 4.43082
170.366 227.459 1.66074 -1.51634 -0.00319465 7.97511 -0.0828292 4.72681
170.393 226.963 1.636 -1.51758 -0.00229514 8.47229 -0.0813411 5.02843
170.419 226.464 1.61161 -1.51858 -0.00148773 8.97116 -0.07751 5.33567
170.445 225.965 1.58828 -1.5194 -0.000798807 9.47137 -0.0718114 5.64834
170.471 225.464 1.56659 -1.52011 -0.000241741 9.97258 -0.0647375 5.9661
170.497 224.963 1.54701 -1.52077 0.000180731 10.4744 -0.056771 6.28849
170.522 224.461 1.52987 -1.52146 0.000474298 10.9767 -0.048365 6.61499
170.546 223.96 1.51535 -1.52223 0.000651027 11.479 -0.0399284 6.94498
170.571 223.458 1.50343 -1.52315 0.000727475 11.9813 -0.0317903 7.2778
170.595 222.956 1.49407 -1.52425 0.000722936 12.4834 -0.0242107 7.61284
170.618 222.455 1.48712 -1.52556 0.00065783 12.9852 -0.0173698 7.94952
170.641 221.954 1.48228 -1.52705 0.000554676 13.4867 -0.0113443 8.28729
170.663 221.454 1.47935 -1.5286 0.000438074 13.9878 -0.00616513 8.62572
170.684 220.953 1.47802 -1.53014 0.000314916 14.4885 -0.00177606 8.96441
170.704 220.453 1.47805 -1.53166 0.000195145 14.989 0.00190386 9.30304
170.724 219.953 1.47923 -1.53316 8.7817e-05 15.4893 0.00495908 9.64138
170.743 219.454 1.48134 -1.53464 -1.28817e-06 15.9893 0.0075258 9.97921
170.761 218.954 1.48425 -1.5361 -6.92659e-05 16.4893 0.00971919 10.3164
170.778 218.455 1.48784 -1.53752 -0.000115626 16.9891 0.0116575 10.6528
170.795 217.955 1.49204 -1.5389 -0.000141813 17.489 0.013448 10.9883
170.811 217.455 1.49683 -1.54024 -0.000150659 17.9888 0.0151739 11.3227
170.826 216.956 1.50216 -1.54153 -0.000145811 18.4886 0.0168989 11.6561
170.84 216.456 1.50806 -1.54276 -0.000131187 18.9885 0.0186584 11.9882
170.854 215.956 1.51452 -1.54393 -0.000110552 19.4884 0.020463 12.319
170.868 215.457 1.52156 -1.54504 -8.72161e-05 19.9883 0.0222948 12.6483
170.881 214.957 1.52916 -1.54608 -6.38531e-05 20.4883 0.0241102 12.9761
170.893 214.457 1.5373 -1.54707 -4.24294e-05 20.9883 0.0258409 13.3022
170.905 213.957 1.54593 -1.54799 -2.42111e-05 21.4883 0.0273891 13.6265
170.916 213.457 1.55497 -1.54886 -9.83454e-06 21.9883 0.0286413 13.949
170.927 212.957 1.5643 -1.54967 5.84075e-07 22.4883 0.0294599 14.2697
170.938 212.457 1.57374 -1.55042 7.31901e-06 22.9884 0.0296859 14.5884
170.948 211.958 1.58307 -1.55112 1.09033e-05 23.4884 0.0291352 14.9052
170.958 211.458 1.59203 -1.55177 1.20072e-05 23.9884 0.0275992 15.2201
170.967 210.958 1.60027 -1.55236 1.13362e-05 24.4884 0.0248677 15.5334
170.977 210.458 1.60741 -1.5529 9.55264e-06 24.9885 0.0207012 15.8451
170.986 209.958 1.61297 -1.55339 7.22375e-06 25.4885 0.0148733 16.1556
170.994 209.458 1.61649 -1.55383 4.79272e-06 25.9885 0.00771853 16.4652
171.003 208.958 1.61771 -1.55421 2.5708e-06 26.4885 0.000126703 16.7744
171.011 208.458 1.61663 -1.55454 7.44923e-07 26.9885 -0.00698397 17.0835
171.019 207.958 1.61363 -1.55482 -6.03805e-07 27.4885 -0.0118858 17.3931
171.027 207.458 1.60987 -1.55504 -1.47587e-06 27.9885 -0.0113154 17.7033
171.035 206.958 1.60748 -1.55521 -1.92733e-06 28.4885 -0.00491439 18
171.043 206.458 1.60748 -1.55532 -2.04536e-06 28.9885 -0.00491439 18
171.051 205.958 1.60748 -1.55538 -1.92747e-06 29.4885 -0.00491439 18
171.058 205.458 1.60748 -1.55538 -1.62698e-06 29.9885 -0.00491439 18
