276.247 117.307 0.012592 -0.0584758 4.65213e-09 0 0.00211064 0
276.747 117.278 0.90936 -0.0540534 -0.000767938 0.501364 0.714266 1.24669
277.248 117.251 1.20492 -0.0488678 -0.000691581 1.00257 0.542496 1.71809
277.748 117.226 1.38992 -0.0438345 -0.000619948 1.5036 0.419591 2.10331
278.249 117.205 1.51703 -0.0389532 -0.00055291 2.00448 0.323837 2.44699
278.749 117.185 1.608 -0.0342237 -0.00049033 2.50521 0.246029 2.76705
279.249 117.168 1.67303 -0.0296457 -0.00043207 3.00583 0.181845 3.07192
279.749 117.153 1.71859 -0.0252189 -0.000377986 3.50633 0.128496 3.36683
280.25 117.14 1.74907 -0.0209427 -0.000327937 4.00674 0.0840643 3.65526
280.75 117.13 1.7676 -0.0168168 -0.000281775 4.50707 0.0471599 3.93967
281.25 117.122 1.77653 -0.0128407 -0.000239354 5.00733 0.0167264 4.22186
281.75 117.115 1.7777 -0.00901366 -0.000200526 5.50753 -0.00807288 4.50324
282.25 117.111 1.77251 -0.0053352 -0.000165144 6.00767 -0.0278446 4.78492
282.751 117.108 1.76234 -0.00180467 -0.000133058 6.50778 -0.0432698 5.06783
283.251 117.107 1.74828 0.0015786 -0.000104121 7.00785 -0.0548794 5.35268
283.751 117.108 1.73125 0.0048153 -7.81869e-05 7.5079 -0.06313 5.64007
284.251 117.11 1.71209 0.00790614 -5.51083e-05 8.00793 -0.0684374 5.93048
284.751 117.114 1.69153 0.0108519 -3.47404e-05 8.50794 -0.0711847 6.22427
285.251 117.12 1.67023 0.0136532 -1.69395e-05 9.00795 -0.0717259 6.52173
285.751 117.126 1.64879 0.016311 -1.56333e-06 9.50795 -0.0703878 6.82303
286.251 117.135 1.62772 0.0188259 1.15286e-05 10.0079 -0.0674694 7.12826
286.75 117.144 1.60749 0.0211989 2.24749e-05 10.508 -0.0632412 7.43738
287.25 117.155 1.58851 0.0234306 3.14122e-05 11.008 -0.0579429 7.75031
287.75 117.166 1.57112 0.0255219 3.84753e-05 11.508 -0.0517827 8.06684
288.25 117.179 1.55563 0.0274738 4.37981e-05 12.008 -0.0449364 8.3867
288.75 117.193 1.5423 0.0292874 4.75187e-05 12.508 -0.0375437 8.70956
289.25 117.207 1.53137 0.0309649 4.97959e-05 13.0081 -0.029718 9.03499
289.75 117.223 1.52297 0.032511 5.08458e-05 13.5082 -0.0215505 9.36249
290.249 117.239 1.51724 0.0339343 5.09868e-05 14.0082 -0.0131017 9.6915
290.749 117.256 1.51436 0.035249 5.0641e-05 14.5083 -0.00441013 10.0215
291.249 117.274 1.51438 0.036473 5.02321e-05 15.0084 0.0044899 10.3518
291.749 117.292 1.51734 0.0376248 5.00157e-05 15.5085 0.0135696 10.6817
292.249 117.311 1.52331 0.0387186 4.99894e-05 16.0086 0.0227982 11.0108
292.748 117.33 1.53232 0.0397626 4.99765e-05 16.5088 0.0321297 11.3382
293.248 117.35 1.54429 0.0407599 4.9796e-05 17.0089 0.041495 11.6633
293.748 117.37 1.55915 0.0417114 4.93615e-05 17.5091 0.0508008 11.9857
294.248 117.391 1.5768 0.0426171 4.86698e-05 18.0093 0.0599209 12.3048
294.747 117.413 1.5971 0.0434776 4.77498e-05 18.5095 0.06869 12.62
295.247 117.434 1.61976 0.0442932 4.66303e-05 19.0097 0.076916 12.931
295.747 117.457 1.6445 0.0450648 4.53331e-05 19.5099 0.0843693 13.2375
296.246 117.479 1.67095 0.045793 4.38758e-05 20.0101 0.0907875 13.5393
296.746 117.502 1.6987 0.0464785 4.22739e-05 20.5103 0.0958792 13.8362
297.246 117.525 1.72724 0.0471221 4.05419e-05 21.0106 0.0993274 14.1283
297.746 117.549 1.75602 0.0477245 3.86935e-05 21.5108 0.100794 14.4155
298.245 117.573 1.78444 0.0482863 3.6742e-05 22.0111 0.0999183 14.6982
298.745 117.597 1.81178 0.0488082 3.46999e-05 22.5114 0.09625 14.9763
299.245 117.621 1.8373 0.049291 3.2579e-05 23.0116 0.0895591 15.2505
299.744 117.646 1.86032 0.0497353 3.03907e-05 23.5119 0.0800652 15.5211
300.244 117.671 1.88019 0.0501416 2.81457e-05 24.0122 0.0680448 15.7886
300.744 117.696 1.89632 0.0505108 2.58543e-05 24.5125 0.0537114 16.0534
301.243 117.721 1.9084 0.0508435 2.3526e-05 25.0128 0.0377397 16.3164
301.743 117.746 1.91613 0.0511401 2.117e-05 25.5131 0.0215451 16.578
302.243 117.772 1.91976 0.0514015 1.87951e-05 26.0135 0.00670668 16.8388
302.742 117.798 1.91992 0.0516282 1.64092e-05 26.5138 -0.00535393 17.0994
303.242 117.824 1.91741 0.0518208 1.40203e-05 27.0141 -0.0128558 17.3601
303.742 117.849 1.91372 0.0519798 1.16354e-05 27.5145 -0.0144726 17.6213
304.241 117.875 1.91056 0.052106 9.26162e-06 28.0148 -0.00844159 17.883
304.741 117.902 1.90971 0.0521997 6.90526e-06 28.5151 -0.00585756 18
305.241 117.928 1.90971 0.0522617 4.57241e-06 29.0155 -0.00585756 18
305.74 117.954 1.90971 0.0522941 2.26878e-06 29.5158 -0.00585756 18
306.24 117.98 1.90971 0.0522941 7.2418e-07 30.0162 -0.00585756 18
