241.655 116.556 3.01693 0.0191113 -0.000195572 0 0.00105097 0
242.155 116.565 3.01742 0.0189074 -0.000230524 0.49984 0.0034141 0.165664
242.655 116.575 3.01799 0.0186658 -0.00026349 0.999655 0.00297484 0.33129
243.154 116.584 3.01847 0.0184062 -0.000293392 1.49945 0.00244965 0.49688
243.654 116.593 3.01885 0.0181317 -0.000318849 1.99922 0.00183205 0.662439
244.154 116.602 3.01913 0.0178458 -0.000338618 2.49897 0.00113679 0.827974
244.653 116.611 3.01928 0.017571 -0.000351694 2.99871 0.000368254 0.993494
245.143 116.62 3.0193 0.0172871 -0.000357397 3.48889 -0.000452529 1.15584
245.627 116.628 3.01918 0.0169949 -0.000355428 3.97281 -0.00131092 1.31612
246.111 116.636 3.01892 0.0167089 -0.000345904 4.45695 -0.00221161 1.47648
246.596 116.644 3.01851 0.0164335 -0.000329337 4.94162 -0.00314361 1.63703
247.081 116.652 3.01796 0.0161726 -0.000306591 5.4271 -0.00409821 1.79788
247.568 116.66 3.01723 0.0159296 -0.000278804 5.91361 -0.00507197 1.9591
248.056 116.668 3.01636 0.0157072 -0.000247294 6.40138 -0.00605966 2.12078
248.545 116.676 3.01531 0.0155074 -0.000213458 6.89053 -0.00706211 2.28298
249.035 116.683 3.0141 0.0153315 -0.000178679 7.38118 -0.00808272 2.44573
249.527 116.691 3.01271 0.0151993 -0.000144243 7.87337 -0.00912536 2.60906
250.15 116.7 3.0107 0.015044 -9.5658e-05 8.49657 -0.010479 2.81598
250.65 116.708 3.00889 0.0149449 -6.6586e-05 8.99651 -0.0116031 2.98209
251.15 116.715 3.00687 0.0148687 -4.09123e-05 9.49647 -0.0127853 3.1483
251.65 116.723 3.00466 0.0148141 -1.90237e-05 9.99645 -0.0140356 3.31464
252.15 116.73 3.00222 0.01478 -1.10191e-06 10.4964 -0.0153719 3.48111
252.65 116.737 2.99955 0.0147651 1.28555e-05 10.9964 -0.0168066 3.64773
253.15 116.745 2.99664 0.0147681 2.30098e-05 11.4965 -0.0183459 3.8145
253.65 116.752 2.99345 0.0147881 2.9653e-05 11.9965 -0.0200074 3.98145
254.15 116.76 2.98996 0.0148242 3.31788e-05 12.4965 -0.0217984 4.14859
254.65 116.767 2.98617 0.0148753 3.40527e-05 12.9965 -0.0237187 4.31592
255.15 116.775 2.98203 0.0149405 3.27829e-05 13.4966 -0.0257801 4.48348
255.65 116.782 2.97752 0.015018 2.98922e-05 13.9966 -0.0279838 4.65129
256.15 116.789 2.97264 0.0151046 2.58907e-05 14.4966 -0.0303208 4.81935
256.65 116.797 2.96734 0.0151961 2.12517e-05 14.9966 -0.032793 4.98771
257.15 116.805 2.96159 0.0152868 1.6392e-05 15.4966 -0.0353956 5.15638
257.65 116.812 2.95539 0.0153718 1.16581e-05 15.9966 -0.03811 5.32538
258.15 116.82 2.94871 0.0154471 7.3196e-06 16.4966 -0.040926 5.49475
258.65 116.828 2.94151 0.0155106 3.56678e-06 16.9967 -0.043832 5.66453
259.15 116.835 2.9338 0.0155618 5.13405e-07 17.4967 -0.0468004 5.83473
259.649 116.843 2.92558 0.0156011 -1.79705e-06 17.9967 -0.0498101 6.00538
260.149 116.851 2.91679 0.0156293 -3.38112e-06 18.4966 -0.052835 6.17655
260.649 116.859 2.90745 0.0156474 -4.30235e-06 18.9966 -0.0558417 6.34825
261.149 116.867 2.89759 0.0156566 -4.65707e-06 19.4966 -0.0587973 6.5205
261.649 116.874 2.88719 0.0156577 -4.56049e-06 19.9966 -0.0616621 6.69336
262.149 116.882 2.87624 0.0156517 -4.1341e-06 20.4966 -0.0643825 6.86688
262.649 116.89 2.8648 0.0156395 -3.49512e-06 20.9966 -0.0669169 7.04106
263.149 116.898 2.85291 0.0156219 -2.7486e-06 21.4966 -0.0692117 7.21594
263.649 116.906 2.84058 0.0155997 -1.98211e-06 21.9966 -0.0711968 7.39157
264.149 116.914 2.82787 0.0155735 -1.26295e-06 22.4966 -0.0727881 7.568
264.649 116.921 2.81486 0.0155442 -6.37679e-07 22.9966 -0.0739251 7.74522
265.149 116.929 2.80165 0.0155123 -1.33304e-07 23.4966 -0.0745233 7.92326
265.649 116.937 2.78831 0.0154787 2.40147e-07 23.9966 -0.0744889 8.10213
266.149 116.945 2.77499 0.0154438 4.86268e-07 24.4966 -0.0736691 8.2819
266.649 116.952 2.76183 0.0154086 6.18591e-07 24.9966 -0.0719802 8.46252
267.149 116.96 2.749 0.0153735 6.56923e-07 25.4966 -0.0693018 8.64398
267.648 116.968 2.7367 0.0153394 6.24042e-07 25.9966 -0.0654979 8.82627
268.148 116.975 2.72514 0.015307 5.4292e-07 26.4966 -0.0604222 9.00935
268.648 116.983 2.71462 0.0152771 4.34632e-07 26.9966 -0.0538863 9.19319
269.148 116.991 2.70543 0.0152502 3.16943e-07 27.4966 -0.0457051 9.37771
269.648 116.998 2.69789 0.0152273 2.03557e-07 27.9966 -0.0357473 9.56279
270.148 117.006 2.69235 0.015209 1.03941e-07 28.4966 -0.0238376 9.74833
270.648 117.014 2.68912 0.0151961 2.35864e-08 28.9966 -0.0112841 9.93416
271.148 117.021 2.68841 0.015189 -3.54067e-08 29.4966 -0.00870273 10
271.648 117.029 2.68841 0.015189 -7.30312e-08 29.9966 -0.00870273 10
