169.929 237.337 1.3283 -1.60824 0.0319612 0 -0.0364981 1.12738e-06
169.909 236.822 1.3158 -1.58971 0.0319963 0.515219 -0.0158943 0.389985
169.902 236.435 1.31517 -1.57574 0.0315321 0.902512 0.0113612 0.68455
169.899 235.871 1.32802 -1.5567 0.0295641 1.46656 0.0482112 1.11177
169.907 235.328 1.35377 -1.53995 0.0262712 2.00937 0.077777 1.51688
169.923 234.803 1.38777 -1.52595 0.0218282 2.53508 0.0982013 1.90063
169.946 234.29 1.4258 -1.51492 0.016695 3.04803 0.108856 2.26526
169.974 233.787 1.4644 -1.50664 0.011771 3.55198 0.111281 2.61406
170.006 233.292 1.50107 -1.50088 0.0071828 4.04871 0.106685 2.94899
170.04 232.802 1.53411 -1.49736 0.00308247 4.53965 0.0966392 3.27245
170.076 232.317 1.5624 -1.49576 -0.000382159 5.02627 0.0825532 3.58671
170.112 231.834 1.58531 -1.49574 -0.00311931 5.51002 0.065821 3.89401
170.149 231.353 1.60257 -1.49692 -0.00509945 5.99225 0.0477429 4.19647
170.184 230.873 1.61429 -1.50689 -0.00635147 6.47414 0.0295184 4.49599
170.223 230.269 1.62138 -1.50348 -0.00703336 7.07893 0.00792338 4.86966
170.256 229.773 1.62154 -1.50626 -0.00686094 7.57649 -0.00770164 5.17645
170.288 229.276 1.61726 -1.50899 -0.00632839 8.07429 -0.0207796 5.48378
170.319 228.779 1.60929 -1.51154 -0.00555512 8.57242 -0.0310608 5.7925
170.349 228.281 1.59847 -1.51383 -0.0046472 9.07094 -0.0384678 6.10328
170.377 227.783 1.58566 -1.51582 -0.00369286 9.56986 -0.0430722 6.41664
170.404 227.285 1.57169 -1.51752 -0.00276108 10.0691 -0.0451064 6.73291
170.431 226.786 1.55729 -1.51896 -0.00190235 10.5688 -0.0448722 7.05226
170.457 226.286 1.54314 -1.5202 -0.00115048 11.0687 -0.042729 7.37473
170.482 225.787 1.52981 -1.5213 -0.00052505 11.5688 -0.0390641 7.70022
170.507 225.287 1.51778 -1.52233 -3.37785e-05 12.0691 -0.0342518 8.02858
170.531 224.787 1.50736 -1.52335 0.000325132 12.5694 -0.0286996 8.35943
170.555 224.288 1.49878 -1.52442 0.0005609 13.0699 -0.0227378 8.6924
170.578 223.788 1.49221 -1.52559 0.000688218 13.5704 -0.0166513 9.0271
170.601 223.288 1.48763 -1.52686 0.000727186 14.0708 -0.0106655 9.36303
170.623 222.788 1.485 -1.52816 0.000702511 14.5712 -0.00492473 9.69975
170.644 222.288 1.48428 -1.52947 0.000627973 15.0716 0.000471389 10.0368
170.665 221.788 1.48529 -1.53078 0.000520588 15.572 0.00549128 10.3738
170.685 221.288 1.48792 -1.5321 0.000397052 16.0722 0.010132 10.7104
170.704 220.788 1.49206 -1.53343 0.000271296 16.5724 0.0144217 11.0461
170.723 220.288 1.49755 -1.53476 0.000154146 17.0726 0.0184205 11.3808
170.741 219.789 1.50432 -1.5361 5.31652e-05 17.5727 0.0221837 11.714
170.758 219.289 1.51227 -1.53742 -2.72584e-05 18.0728 0.0257656 12.0456
170.775 218.789 1.52133 -1.53872 -8.55608e-05 18.5729 0.0292071 12.3753
170.791 218.289 1.53143 -1.54 -0.000122456 19.0729 0.0325206 12.7029
170.806 217.789 1.54254 -1.54123 -0.00014031 19.573 0.0356863 13.0282
170.821 217.29 1.55454 -1.54241 -0.000142524 20.073 0.0386545 13.3511
170.835 216.79 1.56736 -1.54354 -0.000132977 20.573 0.0413366 13.6715
170.849 216.29 1.58086 -1.54461 -0.000115563 21.073 0.0436073 13.9892
170.862 215.79 1.59487 -1.54561 -9.38478e-05 21.573 0.0453018 14.3041
170.875 215.29 1.60917 -1.54654 -7.08339e-05 22.073 0.0462167 14.6162
170.887 214.79 1.62348 -1.54742 -4.88415e-05 22.573 0.04613 14.9255
170.898 214.291 1.63745 -1.54822 -2.94776e-05 23.073 0.0447832 15.2322
170.91 213.791 1.65066 -1.54897 -1.36787e-05 23.573 0.0418899 15.5363
170.921 213.291 1.66263 -1.54965 -1.80263e-06 24.073 0.0371364 15.8381
170.931 212.791 1.67278 -1.55027 6.24862e-06 24.5731 0.030208 16.1379
170.941 212.291 1.68049 -1.55084 1.08971e-05 25.0731 0.0212583 16.436
170.951 211.791 1.6853 -1.55135 1.27609e-05 25.5731 0.0109369 16.7331
170.961 211.291 1.68691 -1.5518 1.25412e-05 26.0731 -0.00011062 17.0296
170.971 210.791 1.68525 -1.5522 1.09322e-05 26.5731 -0.0110142 17.3261
170.98 210.291 1.68056 -1.55254 8.55602e-06 27.0731 -0.0202035 17.6232
170.989 209.791 1.67358 -1.55282 5.92218e-06 27.5731 -0.0259129 17.9213
170.998 209.292 1.66562 -1.55305 3.41018e-06 28.0731 -0.0264562 18.2208
171.007 208.792 1.6583 -1.55322 1.26979e-06 28.5731 -0.0213953 18.5216
171.016 208.292 1.65329 -1.55334 -3.65279e-07 29.0731 -0.0110055 18.8237
171.024 207.792 1.65189 -1.5534 -1.45543e-06 29.5731 -0.00531045 19
171.033 207.292 1.65189 -1.5534 -2.06337e-06 30.0731 -0.00531045 19
