254.777 249.879 3.01555 -3.12902 -1.13904e-14 0 -0.00161753 0
254.277 249.873 3.01562 -3.129 -7.73161e-10 0.5 0.00105667 0.165806
253.777 249.866 3.0158 -3.12898 2.0393e-10 1 0.00079169 0.331603
253.277 249.86 3.01594 -3.12897 3.74701e-10 1.5 0.000516048 0.497392
252.777 249.854 3.01602 -3.12897 1.53318e-10 2 0.000221846 0.663174
252.277 249.847 3.01606 -3.12897 -1.52161e-10 2.5 -9.52157e-05 0.828954
251.777 249.841 3.01604 -3.12898 -3.28539e-10 3 -0.000441296 0.994732
251.277 249.835 3.01595 -3.12899 -2.4608e-10 3.5 -0.000826148 1.16051
250.777 249.829 3.0158 -3.12901 1.52687e-10 4 -0.00125223 1.3263
250.277 249.822 3.01558 -3.12903 8.64128e-10 4.5 -0.00172666 1.4921
249.777 249.816 3.01527 -3.12905 1.83486e-09 5 -0.00225985 1.65791
249.277 249.81 3.01486 -3.12907 2.97203e-09 5.5 -0.00285265 1.82375
248.777 249.803 3.01436 -3.12909 4.1591e-09 6 -0.0035133 1.9896
248.277 249.797 3.01373 -3.12912 5.25808e-09 6.5 -0.00425197 2.15549
247.777 249.791 3.01297 -3.12914 6.12966e-09 7 -0.00506805 2.32142
247.277 249.785 3.01208 -3.12916 6.64012e-09 7.5 -0.00597089 2.48739
246.777 249.779 3.01101 -3.12918 6.67337e-09 8 -0.00696955 2.65342
246.277 249.772 3.00978 -3.12919 6.14226e-09 8.5 -0.00806203 2.81951
245.777 249.766 3.00836 -3.12921 4.99971e-09 9 -0.00925843 2.98567
245.277 249.76 3.00672 -3.12921 3.25014e-09 9.5 -0.0105659 3.15192
244.777 249.754 3.00486 -3.12922 9.61506e-10 10 -0.011981 3.31826
244.277 249.748 3.00275 -3.12921 -1.72712e-09 10.5 -0.0135137 3.48471
243.778 249.741 3.00037 -3.1292 -4.58947e-09 11 -0.0151688 3.65129
243.278 249.735 2.99771 -3.12918 -7.29975e-09 11.5 -0.0169409 3.81801
242.778 249.729 2.99474 -3.12916 -9.42837e-09 12 -0.0188385 3.98488
242.278 249.723 2.99143 -3.12912 -1.0419e-08 12.5 -0.0208637 4.15194
241.778 249.717 2.98777 -3.12907 -9.58958e-09 13 -0.0230084 4.31918
241.278 249.71 2.98374 -3.12902 -6.17363e-09 13.5 -0.0252775 4.48664
240.778 249.704 2.9793 -3.12896 4.45305e-10 14 -0.0276705 4.65434
240.278 249.698 2.97446 -3.12888 1.02578e-08 14.5 -0.0301753 4.82229
239.778 249.691 2.96917 -3.12881 2.206e-08 15 -0.0327905 4.99053
239.278 249.685 2.96341 -3.12873 3.34511e-08 15.5 -0.0355125 5.1591
238.778 249.678 2.95719 -3.12866 4.17682e-08 16 -0.0383237 5.328
238.278 249.672 2.95048 -3.1286 4.53829e-08 16.5 -0.0412141 5.49725
237.778 249.666 2.94322 -3.12855 4.42242e-08 17 -0.0441742 5.66694
237.278 249.659 2.93545 -3.12851 3.92982e-08 17.5 -0.0471797 5.83704
236.778 249.652 2.92717 -3.12848 3.18951e-08 18 -0.0502117 6.0076
236.278 249.646 2.91831 -3.12845 2.31298e-08 18.5 -0.053246 6.17868
235.778 249.639 2.90891 -3.12844 1.38563e-08 19 -0.0562522 6.35029
235.278 249.633 2.89898 -3.12844 4.71316e-09 19.5 -0.0591996 6.52246
234.778 249.626 2.88852 -3.12844 -3.81868e-09 20 -0.0620511 6.69523
234.278 249.62 2.87751 -3.12845 -1.13836e-08 20.5 -0.0647531 6.86867
233.778 249.613 2.86602 -3.12847 -1.77403e-08 21 -0.0672659 7.04278
233.278 249.606 2.85407 -3.12849 -2.2743e-08 21.5 -0.0695369 7.21759
232.778 249.6 2.84169 -3.12851 -2.63338e-08 22 -0.0714985 7.39315
232.278 249.593 2.82893 -3.12855 -2.85253e-08 22.5 -0.0730633 7.56951
231.779 249.587 2.81588 -3.12858 -2.93906e-08 23 -0.0741729 7.74667
231.279 249.58 2.80263 -3.12862 -2.90492e-08 23.5 -0.074743 7.92465
230.779 249.574 2.78926 -3.12865 -2.76523e-08 24 -0.0746797 8.10346
230.279 249.567 2.77591 -3.12869 -2.53771e-08 24.5 -0.0738339 8.28316
229.779 249.561 2.76273 -3.12873 -2.24128e-08 25 -0.0721156 8.46372
229.279 249.554 2.74989 -3.12877 -1.89549e-08 25.5 -0.0694078 8.64513
228.779 249.548 2.73757 -3.12881 -1.52003e-08 26 -0.0655748 8.82736
228.279 249.542 2.72601 -3.12884 -1.13462e-08 26.5 -0.0604706 9.01038
227.779 249.535 2.71547 -3.12887 -7.59609e-09 27 -0.0539121 9.19416
227.279 249.529 2.70629 -3.1289 -4.14891e-09 27.5 -0.045706 9.37862
226.779 249.523 2.69875 -3.12893 -1.21125e-09 28 -0.0357257 9.56365
226.279 249.516 2.69322 -3.12895 1.01423e-09 28.5 -0.0237967 9.74912
225.779 249.51 2.69 -3.12896 2.34436e-09 29 -0.0112604 9.9349
225.279 249.504 2.6893 -3.12897 2.63532e-09 29.5 -0.00870618 10
224.779 249.497 2.6893 -3.12897 1.71124e-09 30 -0.00870618 10
