171.721 127.689 1.85953 -1.50445 0.0356819 0 -0.145036 1.53571e-11
171.755 127.171 1.82226 -1.49663 0.0421502 0.519607 -0.138457 0.282309
171.794 126.649 1.77938 -1.48685 0.0490316 1.04256 -0.155202 0.572662
171.838 126.125 1.73157 -1.47207 0.0555931 1.56922 -0.162212 0.872643
171.891 125.597 1.68116 -1.45241 0.0616967 2.09992 -0.160794 1.18363
171.954 125.065 1.63041 -1.42808 0.0672207 2.63492 -0.152405 1.50675
172.031 124.531 1.58142 -1.39934 0.0720719 3.17442 -0.138715 1.84286
172.123 123.995 1.53589 -1.36652 0.0761966 3.71851 -0.121574 2.19198
172.235 123.458 1.49529 -1.32999 0.0795884 4.26725 -0.102754 2.55424
172.367 122.92 1.46035 -1.29009 0.0822899 4.82059 -0.084001 2.9288
172.521 122.384 1.43131 -1.24718 0.0843875 5.37844 -0.0667972 3.31477
172.7 121.851 1.40781 -1.20153 0.0860016 5.9407 -0.0523122 3.71098
172.905 121.323 1.38897 -1.15446 0.0872706 6.50727 -0.0412555 4.11625
173.133 120.807 1.37373 -1.10497 0.0883343 7.07197 -0.0338904 4.52513
173.387 120.301 1.36065 -1.05305 0.0893161 7.63767 -0.0298349 4.93895
173.669 119.807 1.34849 -0.998928 0.0903077 8.20637 -0.0284253 5.3588
173.978 119.326 1.33636 -0.942644 0.0913571 8.77793 -0.0287683 5.78455
174.315 118.862 1.32372 -0.884501 0.0924956 9.35221 -0.0297797 6.21631
174.681 118.415 1.31055 -0.825237 0.0937526 9.92912 -0.0301238 6.65433
175.074 117.99 1.29741 -0.765244 0.0949009 10.5086 -0.0286229 7.0987
175.494 117.586 1.28535 -0.686622 0.0957554 11.0905 -0.0245197 7.54941
176.041 117.138 1.27408 -0.629287 0.0962728 11.7975 -0.0154949 8.10206
176.53 116.782 1.26916 -0.567047 0.0956377 12.4035 -0.00485506 8.57878
177.043 116.455 1.26986 -0.505703 0.0941739 13.0108 0.0080436 9.05732
177.574 116.161 1.27717 -0.445924 0.0918275 13.6179 0.0229435 9.53423
178.12 115.9 1.29182 -0.388373 0.0886183 14.2232 0.0397142 10.0058
178.677 115.672 1.31459 -0.33363 0.0846399 14.8253 0.0600126 10.468
179.242 115.477 1.34863 -0.281278 0.0800544 15.423 0.0933803 10.9173
179.815 115.311 1.39694 -0.229315 0.0796666 16.0199 0.126696 11.3525
180.397 115.175 1.45423 -0.180459 0.0739225 16.6172 0.144747 11.7716
180.974 115.07 1.51222 -0.151006 0.0611504 17.2039 0.144743 12.1672
181.436 114.999 1.55356 -0.104176 0.0528414 17.6712 0.122342 12.4719
182.088 114.931 1.59582 -0.091866 0.0363052 18.3268 0.086741 12.888
182.514 114.892 1.61827 -0.0656086 0.0201636 18.7545 0.0837769 13.1541
183.137 114.851 1.65231 -0.0525951 0.0281674 19.3786 0.097106 13.5358
183.667 114.823 1.68617 -0.0419624 0.0309838 19.9093 0.11629 13.8538
184.106 114.805 1.71825 -0.0193262 0.0310391 20.3485 0.132246 14.112
184.657 114.794 1.76268 -0.00325313 0.0278209 20.8996 0.147414 14.4287
185.185 114.792 1.80781 0.0100416 0.0219949 21.4284 0.156536 14.7249
185.702 114.798 1.85262 0.0203764 0.016662 21.9453 0.159993 15.0074
186.209 114.808 1.8957 0.0279966 0.0115738 22.4522 0.157831 15.2778
186.707 114.822 1.93588 0.0331975 0.006915 22.9505 0.150452 15.5379
187.198 114.838 1.97231 0.0363062 0.0028144 23.4419 0.138307 15.7893
187.684 114.856 2.00409 0.0391148 -0.00063024 23.9278 0.121472 16.0336
188.296 114.88 2.03657 0.0371529 -0.00446174 24.5404 0.091451 16.3367
188.79 114.898 2.0553 0.0357222 -0.0061037 25.0347 0.0630775 16.5783
189.282 114.916 2.06698 0.0336338 -0.00707373 25.5275 0.0346067 16.8173
189.774 114.932 2.07198 0.0311997 -0.00745152 26.0196 0.00839382 17.0551
190.266 114.948 2.07134 0.0286799 -0.00733824 26.5117 -0.0138481 17.2925
190.758 114.962 2.06592 0.0262767 -0.00684516 27.0041 -0.0304253 17.5305
191.251 114.975 2.05732 0.0241349 -0.00608368 27.4972 -0.0405039 17.7697
191.745 114.987 2.04711 0.0223459 -0.00515737 27.9913 -0.0433361 18.0104
192.24 114.998 2.037 0.020954 -0.00415678 28.4865 -0.0393872 18.2529
192.736 115.008 2.02834 0.0199646 -0.00315655 28.9827 -0.0306789 18.4971
193.234 115.018 2.02234 0.0193532 -0.00221453 29.48 -0.0181711 18.7427
193.732 115.028 2.01948 0.0190735 -0.00137224 29.9783 -0.00603274 18.9892
194.231 115.037 2.0194 0.0190654 -0.000656286 30.4773 -0.00568349 19
194.73 115.047 2.0194 0.0192611 -8.01332e-05 30.9771 -0.00568349 19
195.231 115.056 2.0194 0.0195916 0.000353755 31.4773 -0.00568349 19
195.731 115.066 2.0194 0.0199949 0.000651794 31.978 -0.00568349 19
196.232 115.076 2.0194 0.0199949 0.000827393 32.4788 -0.00568349 19
