276.013 117.447 0.0211369 -0.0583479 2.20795e-10 0 -0.0576151 0
276.513 117.418 1.18714 -0.0546934 -0.000636524 0.501359 1.4554 1.16477
277.014 117.39 1.6525 -0.0504184 -0.0005795 1.00259 1.19262 1.51633
277.514 117.365 1.95618 -0.0462819 -0.000526014 1.50367 0.997926 1.79357
278.015 117.342 2.17732 -0.0422838 -0.000475959 2.00462 0.838172 2.03521
278.515 117.321 2.34721 -0.0384238 -0.000429222 2.50545 0.700209 2.25631
279.016 117.302 2.47969 -0.034702 -0.000385693 3.00617 0.578419 2.46362
279.516 117.284 2.58312 -0.031118 -0.000345256 3.5068 0.469436 2.66124
280.016 117.269 2.66315 -0.0276718 -0.000307795 4.00734 0.371002 2.85194
280.516 117.255 2.72371 -0.0243629 -0.000273194 4.5078 0.281552 3.03766
281.017 117.243 2.76769 -0.0211911 -0.000241337 5.00819 0.19998 3.21986
281.517 117.232 2.7972 -0.0181561 -0.000212105 5.50853 0.125499 3.39965
282.017 117.223 2.81317 -0.0152575 -0.000185381 6.00881 0.0579542 3.57789
282.517 117.215 2.81782 -0.012495 -0.000161047 6.50904 -0.00348453 3.75551
283.017 117.209 2.81224 -0.00986829 -0.000138985 7.00923 -0.0590649 3.93314
283.518 117.204 2.79738 -0.00737684 -0.000119078 7.50939 -0.108928 4.1114
284.018 117.2 2.77382 -0.00502028 -0.00010121 8.00952 -0.153068 4.29089
284.518 117.198 2.74238 -0.00279818 -8.5263e-05 8.50962 -0.191645 4.47221
285.018 117.196 2.70404 -0.0007101 -7.11222e-05 9.00971 -0.224921 4.65583
285.518 117.196 2.65943 0.00124441 -5.86728e-05 9.50977 -0.252876 4.84227
286.018 117.197 2.60925 0.00306583 -4.78005e-05 10.0098 -0.275413 5.03205
286.518 117.198 2.55421 0.00475461 -3.83925e-05 10.5099 -0.29251 5.2257
287.018 117.201 2.49504 0.00631123 -3.03368e-05 11.0099 -0.304448 5.42374
287.518 117.204 2.43246 0.00773619 -2.35226e-05 11.5099 -0.31157 5.62669
288.018 117.208 2.3672 0.00903001 -1.78404e-05 12.0099 -0.314216 5.83506
288.518 117.212 2.29998 0.0101934 -1.31826e-05 12.5099 -0.312733 6.04934
289.018 117.217 2.23149 0.0112274 -9.44425e-06 13.0099 -0.307476 6.27001
289.518 117.223 2.16245 0.0121348 -6.5235e-06 13.5099 -0.298811 6.49748
290.018 117.229 2.0936 0.012921 -4.31901e-06 14.0099 -0.286962 6.7326
290.518 117.235 2.02564 0.0135962 -2.72284e-06 14.5099 -0.272489 6.97538
291.018 117.242 1.95933 0.0141761 -1.614e-06 15.0099 -0.255744 7.22637
291.518 117.249 1.89534 0.0146803 -8.62273e-07 15.5099 -0.237181 7.48581
292.018 117.257 1.83443 0.0151282 -3.45494e-07 16.0099 -0.217247 7.75406
292.518 117.264 1.77713 0.015536 3.05744e-08 16.5099 -0.196453 8.031
293.018 117.272 1.72402 0.0159142 3.2396e-07 17.0099 -0.175276 8.31666
293.518 117.28 1.67556 0.0162687 5.6292e-07 17.5099 -0.154202 8.61089
294.017 117.288 1.63206 0.0166021 7.58924e-07 18.0099 -0.133702 8.91332
294.517 117.296 1.59368 0.0169158 9.16968e-07 18.5099 -0.114207 9.22345
295.017 117.305 1.56039 0.0172104 1.04047e-06 19.0099 -0.0960878 9.54062
295.517 117.313 1.53202 0.0174866 1.13263e-06 19.5099 -0.0796426 9.86408
296.017 117.322 1.50823 0.0177447 1.19657e-06 20.0099 -0.065089 10.193
296.517 117.331 1.48867 0.0179853 1.23528e-06 20.5099 -0.0526147 10.5268
297.017 117.34 1.47271 0.0182089 1.25155e-06 21.01 -0.0422484 10.8646
297.517 117.349 1.45975 0.018416 1.24805e-06 21.51 -0.0339728 11.2056
298.017 117.358 1.4492 0.018607 1.22725e-06 22.01 -0.0277664 11.5495
298.517 117.368 1.44038 0.0187824 1.19147e-06 22.51 -0.0234393 11.8955
299.017 117.377 1.43272 0.0189428 1.14287e-06 23.01 -0.0208841 12.2436
299.517 117.387 1.42563 0.0190886 1.08347e-06 23.51 -0.0198419 12.5935
300.017 117.396 1.41863 0.0192203 1.01513e-06 24.01 -0.0201217 12.9451
300.516 117.406 1.41132 0.0193383 9.39585e-07 24.51 -0.0214242 13.2984
301.016 117.415 1.40335 0.0194433 8.58416e-07 25.01 -0.0234874 13.6537
301.516 117.425 1.39453 0.0195356 7.73084e-07 25.51 -0.0259634 14.0111
302.016 117.435 1.38472 0.0196157 6.84925e-07 26.01 -0.0284936 14.3709
302.516 117.445 1.37399 0.0196842 5.95155e-07 26.51 -0.030656 14.7334
303.016 117.454 1.36251 0.0197415 5.04867e-07 27.01 -0.0319812 15.0988
303.516 117.464 1.3507 0.019788 4.15052e-07 27.51 -0.0318784 15.4674
304.016 117.474 1.33918 0.0198243 3.26588e-07 28.01 -0.0297349 15.8392
304.516 117.484 1.32885 0.0198509 2.40258e-07 28.51 -0.0248257 16.214
305.016 117.494 1.32096 0.0198681 1.56746e-07 29.01 -0.0163145 16.5915
305.516 117.504 1.31705 0.019877 7.6646e-08 29.51 -0.00480441 16.9707
306.015 117.514 1.3169 0.019877 2.50118e-08 30.01 -0.00425013 17
