171.614 130.737 2.02933 -1.55528 0.00492638 0 -0.114035 0
171.622 130.233 2.00427 -1.54987 0.00879273 0.503932 -0.107926 0.249926
171.632 129.727 1.97332 -1.54212 0.0132098 1.00997 -0.135479 0.504232
171.647 129.219 1.93508 -1.53198 0.0181745 1.51838 -0.157062 0.764399
171.667 128.709 1.8909 -1.51918 0.0236138 2.02936 -0.172953 1.03145
171.693 128.196 1.84182 -1.50347 0.0294359 2.54309 -0.183158 1.3066
171.728 127.68 1.78894 -1.48467 0.0355322 3.05967 -0.187692 1.59115
171.773 127.163 1.73359 -1.46268 0.0417812 3.57916 -0.186859 1.88613
171.829 126.643 1.67714 -1.43742 0.0480517 4.10154 -0.181045 2.19244
171.899 126.123 1.62103 -1.40892 0.0542089 4.62672 -0.170751 2.51097
171.984 125.602 1.56674 -1.37728 0.0601207 5.15455 -0.156705 2.84229
172.086 125.081 1.51564 -1.34266 0.0656668 5.68482 -0.139842 3.1864
172.206 124.563 1.46907 -1.3053 0.0707473 6.21727 -0.121157 3.54337
172.347 124.047 1.42792 -1.26548 0.0752923 6.75159 -0.101793 3.91235
172.508 123.536 1.39285 -1.22352 0.0792692 7.28747 -0.082917 4.29245
172.69 123.031 1.36399 -1.17973 0.0826868 7.8246 -0.0656102 4.6823
172.896 122.534 1.34092 -1.13441 0.0855948 8.36269 -0.0508206 5.0803
173.123 122.045 1.32282 -1.08769 0.0880784 8.90151 -0.0392191 5.48497
173.371 121.574 1.30867 -1.04063 0.0902477 9.43374 -0.0312777 5.88956
173.639 121.115 1.29692 -0.99273 0.0922239 9.96522 -0.0268113 6.29756
173.929 120.671 1.28628 -0.944026 0.0941226 10.496 -0.0254189 6.70855
174.24 120.242 1.27563 -0.894533 0.0960362 11.026 -0.0263578 7.12227
174.571 119.829 1.26421 -0.844231 0.0980181 11.5549 -0.0285609 7.53877
174.922 119.435 1.25174 -0.793091 0.100068 12.0828 -0.0307385 7.95834
175.291 119.059 1.23851 -0.741073 0.102124 12.6095 -0.0314985 8.38133
175.679 118.704 1.22538 -0.688142 0.104058 13.1351 -0.0295187 8.80797
176.084 118.371 1.21379 -0.62761 0.105681 13.6597 -0.0237442 9.23821
176.616 117.986 1.20421 -0.565127 0.107019 14.3161 -0.0104214 9.78146
177.075 117.695 1.2029 -0.508478 0.106869 14.8598 0.00510667 10.2334
177.55 117.43 1.20928 -0.452296 0.105652 15.4031 0.0237781 10.6842
178.037 117.193 1.2245 -0.397267 0.10327 15.9456 0.0447452 11.1302
178.537 116.984 1.24896 -0.344086 0.0997283 16.4868 0.0672588 11.5681
179.044 116.802 1.28298 -0.29339 0.0951454 17.0262 0.0947281 11.9945
179.558 116.646 1.32979 -0.245246 0.0897384 17.5634 0.133688 12.4062
180.079 116.516 1.38938 -0.197239 0.0887049 18.1 0.165124 12.8012
180.605 116.411 1.4547 -0.151372 0.0828351 18.6365 0.178435 13.1785
181.131 116.331 1.51765 -0.119913 0.0681478 19.1687 0.169152 13.5365
181.542 116.281 1.55975 -0.0843109 0.0585474 19.5822 0.141032 13.8052
182.171 116.228 1.60849 -0.0653519 0.0395532 20.2138 0.109022 14.2037
182.572 116.202 1.63489 -0.0500979 0.023289 20.616 0.105688 14.4516
183.188 116.171 1.67606 -0.0374927 0.0289821 21.2327 0.117679 14.8242
183.699 116.152 1.71399 -0.0281051 0.0322626 21.744 0.134066 15.1259
184.108 116.14 1.74719 -0.0108059 0.0324831 22.1532 0.146265 15.3624
184.64 116.134 1.79285 0.00301923 0.0292944 22.6846 0.157058 15.6626
185.152 116.136 1.838 0.0139375 0.0230914 23.1971 0.161953 15.945
185.657 116.143 1.88187 0.0219067 0.0173726 23.7016 0.160329 16.2163
186.155 116.154 1.92279 0.0271994 0.0120144 24.1999 0.151124 16.4782
186.648 116.167 1.95933 0.030131 0.00716971 24.6931 0.135923 16.7322
187.137 116.182 1.9906 0.0340574 0.00295497 25.1823 0.115797 16.9798
187.748 116.203 2.02167 0.0304212 -0.00201767 25.7938 0.0878131 17.2846
188.247 116.218 2.04039 0.0280842 -0.00439205 26.2925 0.0651007 17.53
188.744 116.232 2.05364 0.0248707 -0.00603189 26.7903 0.0441115 17.7732
189.241 116.244 2.06208 0.0211417 -0.00699506 27.2876 0.0259798 18.0148
189.738 116.255 2.06652 0.0172141 -0.00736737 27.7846 0.0118046 18.2555
190.235 116.263 2.06815 0.0133494 -0.00725258 28.2815 0.00210527 18.4958
190.732 116.27 2.06803 0.0097498 -0.00676225 28.7785 -0.00225817 18.7362
191.229 116.275 2.06747 0.00655808 -0.00600673 29.2758 -0.00199132 18.9767
191.727 116.278 2.06742 0.00386263 -0.00508829 29.7735 -0.00190378 19
192.225 116.28 2.06742 0.00170438 -0.0040963 30.2716 -0.00190378 19
192.724 116.281 2.06742 8.31574e-05 -0.00310469 30.7701 -0.00190378 19
193.222 116.281 2.06742 8.31574e-05 -0.00217051 31.2691 -0.00190378 19
