237.156 116.465 3.0136 0.0209432 2.34355e-05 0 -0.000406446 0
237.656 116.475 3.01387 0.0208009 1.23447e-05 0.500016 0.00227601 0.165913
238.156 116.486 3.01428 0.0206211 -1.42079e-06 1.00002 0.00239202 0.331803
238.656 116.496 3.01471 0.0204321 -1.91709e-05 1.50002 0.00246268 0.497666
239.156 116.506 3.01515 0.0202327 -4.09217e-05 2 0.00246607 0.663499
239.656 116.516 3.01558 0.0200217 -6.6502e-05 2.49996 0.00239413 0.829303
240.156 116.526 3.01599 0.019798 -9.55304e-05 2.9999 0.00223242 0.995078
240.656 116.536 3.01636 0.0195609 -0.000127401 3.49982 0.00195714 1.16082
241.155 116.546 3.01667 0.0193099 -0.000161278 3.99971 0.00156747 1.32654
241.655 116.556 3.01691 0.0190451 -0.000196113 4.49958 0.00105072 1.49223
242.155 116.565 3.01705 0.0187674 -0.000230671 4.99942 0.000389464 1.65791
242.655 116.574 3.01707 0.0184781 -0.000263589 5.49923 -0.000407636 1.82357
243.154 116.584 3.01695 0.0181794 -0.000293448 5.99902 -0.00134776 1.98922
243.654 116.593 3.01665 0.0178743 -0.000318868 6.49879 -0.00243564 2.15489
244.154 116.602 3.01617 0.0175664 -0.000338605 6.99854 -0.00365425 2.32056
244.653 116.61 3.01547 0.0172724 -0.000351654 7.49829 -0.00500348 2.48627
245.143 116.619 3.01455 0.0169796 -0.000357335 7.98849 -0.00644677 2.64885
245.627 116.627 3.01342 0.0166913 -0.000355352 8.47241 -0.00796767 2.80941
246.111 116.635 3.01202 0.0164182 -0.00034582 8.95655 -0.00958419 2.97011
246.596 116.643 3.01035 0.0161646 -0.000329252 9.44122 -0.0112787 3.13106
247.081 116.651 3.00841 0.0159343 -0.000306511 9.92669 -0.0130426 3.29238
247.568 116.659 3.00616 0.0157306 -0.000278736 10.4132 -0.0148739 3.45416
248.056 116.666 3.00361 0.0155562 -0.000247243 10.901 -0.0167607 3.61648
248.545 116.674 3.00073 0.0154128 -0.000213428 11.3901 -0.0187048 3.77941
249.035 116.682 2.99751 0.0153017 -0.000178671 11.8808 -0.020705 3.94301
249.527 116.689 2.99396 0.0152334 -0.000144257 12.373 -0.02276 4.1073
250.15 116.699 2.98895 0.0151666 -9.56914e-05 12.9961 -0.0254335 4.31561
250.65 116.706 2.98452 0.0151551 -6.66331e-05 13.4961 -0.0276379 4.483
251.15 116.714 2.97969 0.0151723 -4.09655e-05 13.996 -0.0299122 4.65065
251.65 116.721 2.97449 0.0152137 -1.90738e-05 14.496 -0.0322582 4.81859
252.15 116.729 2.96887 0.015273 -1.13993e-06 14.996 -0.034683 4.98684
252.65 116.737 2.96281 0.015343 1.2836e-05 15.496 -0.0371902 5.15543
253.15 116.744 2.95632 0.0154162 2.30116e-05 15.996 -0.0397746 5.32437
253.65 116.752 2.94937 0.0154864 2.96753e-05 16.4961 -0.0424348 5.4937
254.15 116.76 2.94193 0.0155497 3.3218e-05 16.9961 -0.0451678 5.66346
254.65 116.768 2.93401 0.0156036 3.4104e-05 17.4961 -0.0479571 5.83365
255.15 116.775 2.9256 0.0156471 3.28402e-05 17.9961 -0.0507885 6.0043
255.65 116.783 2.91666 0.0156796 2.99481e-05 18.4962 -0.0536435 6.17548
256.15 116.791 2.9072 0.0157013 2.59372e-05 18.9962 -0.0564935 6.3472
256.65 116.799 2.89724 0.0157126 2.12818e-05 19.4962 -0.0593088 6.51948
257.15 116.807 2.88675 0.015714 1.64017e-05 19.9962 -0.0620518 6.69236
257.65 116.815 2.87575 0.0157063 1.16477e-05 20.4962 -0.0646713 6.86591
258.15 116.822 2.86427 0.0156904 7.29299e-06 20.9962 -0.0671237 7.04013
258.65 116.83 2.85234 0.0156673 3.52964e-06 21.4962 -0.0693542 7.21505
259.149 116.838 2.83998 0.0156381 4.71493e-07 21.9962 -0.0712904 7.39071
259.649 116.846 2.82726 0.015604 -1.83888e-06 22.4962 -0.0728476 7.56718
260.149 116.854 2.81424 0.015566 -3.41914e-06 22.9962 -0.0739615 7.74444
260.649 116.862 2.80101 0.0155252 -4.33396e-06 23.4962 -0.0745451 7.92252
261.149 116.869 2.78767 0.0154827 -4.68066e-06 23.9962 -0.0745026 8.10143
261.649 116.877 2.77435 0.0154394 -4.57535e-06 24.4962 -0.0736775 8.28123
262.149 116.885 2.76118 0.0153963 -4.14024e-06 24.9962 -0.0719877 8.4619
262.649 116.892 2.74835 0.0153543 -3.49318e-06 25.4962 -0.0693101 8.6434
263.149 116.9 2.73604 0.0153142 -2.73971e-06 25.9962 -0.065508 8.82573
263.649 116.908 2.72448 0.0152766 -1.96776e-06 26.4962 -0.0604345 9.00886
264.149 116.915 2.71395 0.0152425 -1.24485e-06 26.9962 -0.0538986 9.19274
264.649 116.923 2.70476 0.0152124 -6.17634e-07 27.4962 -0.0457196 9.3773
265.149 116.931 2.69722 0.0151871 -1.13129e-07 27.9962 -0.035764 9.56244
265.649 116.938 2.69167 0.0151672 2.58758e-07 28.4962 -0.0238563 9.74802
266.149 116.946 2.68843 0.0151535 5.01846e-07 28.9962 -0.0112929 9.9339
266.649 116.953 2.68773 0.0151461 6.2999e-07 29.4962 -0.0087015 10
267.149 116.961 2.68773 0.0151461 6.64208e-07 29.9962 -0.0087015 10
