193.744 115.997 2.33692 0.0253461 -0.00138188 0 0.307208 6.21724e-10
194.244 116.009 2.43355 0.0219386 -0.00072761 0.499534 0.511693 0.209641
194.744 116.02 2.53027 0.0183773 -0.000116004 0.999421 0.449713 0.410959
195.244 116.03 2.61221 0.0152468 0.000346204 1.49958 0.392506 0.605446
195.744 116.037 2.68133 0.012478 0.000665977 1.99993 0.339249 0.794426
196.244 116.043 2.73915 0.0100091 0.000857284 2.50041 0.289256 0.978969
196.745 116.048 2.78712 0.0077874 0.000938914 3.00095 0.24189 1.16004
197.245 116.052 2.82622 0.00577085 0.000932416 3.50151 0.1967 1.33834
197.746 116.055 2.85717 0.0039284 0.000860231 4.00204 0.153356 1.51448
198.246 116.057 2.8803 0.00223966 0.00074407 4.50252 0.111663 1.68891
198.747 116.058 2.89599 0.000693895 0.000603617 5.00294 0.0714513 1.86212
199.247 116.059 2.90496 -0.000711445 0.000455576 5.50329 0.0325336 2.03459
199.747 116.058 2.90748 -0.00197243 0.000313111 6.00356 -0.00515709 2.2067
200.248 116.057 2.90334 -0.00308052 0.000185646 6.50377 -0.0415724 2.37884
200.748 116.056 2.89303 -0.00402443 7.90006e-05 7.00393 -0.0767843 2.55139
201.248 116.054 2.87682 -0.00479205 -4.20554e-06 7.50404 -0.110806 2.72471
201.748 116.051 2.85478 -0.00537274 -6.39491e-05 8.00413 -0.143605 2.89914
202.248 116.049 2.82656 -0.00576063 -0.000102068 8.50419 -0.175043 3.0752
202.748 116.046 2.79266 -0.00595926 -0.000121488 9.00425 -0.205152 3.25317
203.248 116.043 2.75308 -0.0059861 -0.000125588 9.50431 -0.233845 3.43348
203.748 116.04 2.70783 -0.0058736 -0.000117855 10.0044 -0.261005 3.61655
204.248 116.037 2.65686 -0.00566394 -0.000101858 10.5045 -0.286475 3.8029
204.748 116.034 2.60007 -0.00539894 -8.12185e-05 11.0045 -0.310009 3.99315
205.248 116.031 2.53758 -0.00511129 -5.93044e-05 11.5046 -0.331423 4.18783
205.749 116.029 2.46943 -0.0048217 -3.87883e-05 12.0047 -0.350638 4.38757
206.249 116.026 2.3956 -0.00454123 -2.13985e-05 12.5049 -0.367536 4.59311
206.749 116.024 2.31603 -0.00427525 -7.95714e-06 13.005 -0.381883 4.80537
207.249 116.022 2.23063 -0.00402654 1.41352e-06 13.5051 -0.393298 5.02547
207.749 116.02 2.1396 -0.0037968 7.05921e-06 14.0052 -0.401456 5.25438
208.249 116.018 2.04306 -0.00358717 9.60078e-06 14.5054 -0.406133 5.49334
208.749 116.016 1.94086 -0.00339839 9.78654e-06 15.0055 -0.406719 5.7446
209.249 116.015 1.83356 -0.00323078 8.38087e-06 15.5056 -0.402784 6.00944
209.75 116.013 1.72145 -0.00308432 6.08388e-06 16.0057 -0.393254 6.29083
210.25 116.011 1.60545 -0.00295872 3.47961e-06 16.5059 -0.377435 6.59155
210.75 116.01 1.48691 -0.00285344 1.00995e-06 17.006 -0.354234 6.91519
211.25 116.008 1.36818 -0.00276779 -1.02995e-06 17.5061 -0.322056 7.26586
211.75 116.007 1.25306 -0.00270101 -2.48006e-06 18.0062 -0.279691 7.64786
212.25 116.006 1.14727 -0.00265229 -3.29312e-06 18.5063 -0.226053 8.06518
212.75 116.004 1.05914 -0.00262086 -3.50674e-06 19.0064 -0.160897 8.51945
213.25 116.003 0.998776 -0.00260509 -3.21452e-06 19.5065 -0.0938437 9
213.75 116.002 0 -0.00260509 -2.75247e-06 20.0066 0 9
