169.869 218.202 2.9573 -1.57476 -8.88375e-05 0 0.111217 0
169.867 217.702 2.96797 -1.57383 -0.000157794 0.500036 0.0421377 0.168705
169.866 217.202 2.97477 -1.57275 -0.00015867 1.00005 0.038649 0.33698
169.865 216.702 2.981 -1.57171 -0.000148086 1.50006 0.0352317 0.504896
169.864 216.202 2.98661 -1.5707 -0.000129883 2.00007 0.0319296 0.672458
169.864 215.702 2.99169 -1.56972 -0.000107561 2.50008 0.0287517 0.839728
169.865 215.202 2.99626 -1.56877 -8.40592e-05 3.0001 0.0257011 1.00674
169.866 214.702 3.0003 -1.56785 -6.16368e-05 3.50012 0.022789 1.1735
169.867 214.202 3.00386 -1.56696 -4.18528e-05 4.00015 0.0199983 1.34006
169.869 213.702 3.00698 -1.5661 -2.56079e-05 4.50018 0.0173154 1.50644
169.872 213.202 3.00964 -1.56527 -1.32379e-05 5.00022 0.0147359 1.67265
169.874 212.702 3.01188 -1.56447 -4.63378e-06 5.50025 0.0122362 1.83873
169.877 212.202 3.01373 -1.56371 6.27645e-07 6.00029 0.00980078 2.0047
169.881 211.702 3.01515 -1.56298 3.15834e-06 6.50032 0.00742032 2.17058
169.885 211.202 3.01619 -1.56229 3.64874e-06 7.00035 0.00507586 2.33639
169.889 210.702 3.01686 -1.56163 2.77938e-06 7.50038 0.00275587 2.50215
169.894 210.202 3.01711 -1.561 1.15731e-06 8.0004 0.000450695 2.66788
169.899 209.702 3.017 -1.56041 -7.22991e-07 8.50042 -0.00185143 2.83361
169.904 209.202 3.01652 -1.55985 -2.49682e-06 9.00043 -0.00415837 2.99935
169.909 208.702 3.01563 -1.55932 -3.92848e-06 9.50044 -0.00648004 3.16513
169.915 208.202 3.01436 -1.55882 -4.89772e-06 10.0004 -0.00882232 3.33097
169.921 207.702 3.01272 -1.55834 -5.37792e-06 10.5005 -0.0111916 3.49689
169.927 207.202 3.01065 -1.5579 -5.41078e-06 11.0005 -0.0135981 3.66291
169.934 206.702 3.00819 -1.55749 -5.08106e-06 11.5005 -0.0160439 3.82905
169.94 206.202 3.00533 -1.5571 -4.49395e-06 12.0005 -0.0185346 3.99534
169.947 205.702 3.00202 -1.55673 -3.75686e-06 12.5005 -0.0210798 4.1618
169.954 205.202 2.9983 -1.55639 -2.96631e-06 13.0005 -0.023678 4.32846
169.961 204.702 2.99414 -1.55608 -2.19996e-06 13.5005 -0.0263329 4.49533
169.969 204.202 2.9895 -1.55578 -1.51322e-06 14.0005 -0.0290515 4.66245
169.976 203.702 2.98441 -1.55551 -9.39441e-07 14.5005 -0.0318279 4.82985
169.984 203.202 2.97885 -1.55527 -4.92388e-07 15.0005 -0.0346615 4.99753
169.992 202.702 2.97277 -1.55504 -1.69895e-07 15.5005 -0.0375542 5.16556
170 202.202 2.9662 -1.55483 4.17047e-08 16.0005 -0.0404943 5.33393
170.008 201.702 2.95913 -1.55464 1.62797e-07 16.5005 -0.0434746 5.50269
170.016 201.202 2.95151 -1.55447 2.16034e-07 17.0005 -0.046487 5.67188
170.024 200.702 2.94336 -1.55432 2.23023e-07 17.5005 -0.0495141 5.84152
170.032 200.202 2.9347 -1.55418 2.02315e-07 18.0005 -0.0525395 6.01163
170.04 199.703 2.92547 -1.55405 1.6847e-07 18.5005 -0.0555412 6.18228
170.049 199.203 2.9157 -1.55394 1.31859e-07 19.0005 -0.058492 6.35348
170.057 198.703 2.90541 -1.55384 9.89507e-08 19.5005 -0.0613648 6.52526
170.066 198.203 2.89461 -1.55375 7.29732e-08 20.0005 -0.064126 6.69766
170.074 197.703 2.88327 -1.55368 5.47156e-08 20.5005 -0.0667214 6.87075
170.083 197.203 2.87146 -1.55361 4.33427e-08 21.0005 -0.0691162 7.04452
170.091 196.703 2.85922 -1.55356 3.71613e-08 21.5005 -0.07126 7.21901
170.1 196.203 2.84657 -1.55351 3.4221e-08 22.0005 -0.0730886 7.39425
170.109 195.703 2.83357 -1.55348 3.27158e-08 22.5005 -0.074514 7.57032
170.117 195.203 2.8203 -1.55345 3.1258e-08 23.0005 -0.0754819 7.7472
170.126 194.703 2.80684 -1.55343 2.89572e-08 23.5005 -0.0759099 7.9249
170.135 194.203 2.7933 -1.55341 2.54175e-08 24.0005 -0.0757065 8.10345
170.143 193.703 2.77979 -1.5534 2.06676e-08 24.5005 -0.0747241 8.2829
170.152 193.203 2.76648 -1.55339 1.50187e-08 25.0005 -0.0728755 8.46321
170.161 192.704 2.75353 -1.55339 8.95053e-09 25.5005 -0.070046 8.64437
170.169 192.204 2.74112 -1.55339 3.00004e-09 26.0005 -0.0661022 8.82637
170.178 191.704 2.72948 -1.5534 -2.32468e-09 26.5005 -0.0609005 9.00916
170.187 191.204 2.71889 -1.5534 -6.60292e-09 27.0005 -0.0542533 9.1927
170.195 190.704 2.70967 -1.55341 -9.53913e-09 27.5005 -0.045982 9.37693
170.204 190.204 2.70209 -1.55342 -1.0943e-08 28.0005 -0.0359571 9.56173
170.213 189.704 2.69652 -1.55342 -1.07416e-08 28.5005 -0.0240066 9.74698
170.222 189.204 2.69326 -1.55343 -8.9238e-09 29.0005 -0.0113732 9.93252
170.23 188.704 2.69254 -1.55343 -5.52029e-09 29.5005 -0.00871891 10
170.239 188.204 2.69254 -1.55343 -2.44092e-09 30.0005 -0.00871891 10
