276.264 117.367 0.0909693 -0.0587606 4.57472e-09 0 -0.0560928 0
276.765 117.337 1.02072 -0.055295 -0.000612869 0.501375 0.993095 1.12566
277.265 117.31 1.37773 -0.0513865 -0.000535708 1.00262 0.732749 1.54035
277.766 117.284 1.59132 -0.0477911 -0.000465873 1.50374 0.538427 1.8768
278.266 117.26 1.7292 -0.0445087 -0.000402793 2.00474 0.379787 2.17784
278.766 117.238 1.81692 -0.0415388 -0.000345896 2.50563 0.245646 2.45979
279.267 117.217 1.86775 -0.0388806 -0.000294635 3.00644 0.130494 2.73125
279.767 117.198 1.8894 -0.0365319 -0.000248537 3.50718 0.0315788 2.99753
280.268 117.179 1.88609 -0.034487 -0.000207307 4.00785 -0.0520206 3.2625
280.768 117.162 1.86259 -0.0327336 -0.000170935 4.50847 -0.122466 3.52936
281.268 117.146 1.82139 -0.0312498 -0.000139657 5.00905 -0.180644 3.80084
281.768 117.13 1.76416 -0.0300047 -0.000113672 5.50959 -0.22656 4.07996
282.269 117.115 1.69334 -0.0289626 -9.27398e-05 6.0101 -0.260766 4.36938
282.769 117.1 1.61064 -0.0280906 -7.60098e-05 6.51059 -0.283501 4.67223
283.269 117.086 1.51792 -0.0273641 -6.22601e-05 7.01106 -0.294729 4.99199
283.77 117.073 1.41719 -0.0267684 -5.03405e-05 7.51152 -0.294021 5.33316
284.27 117.059 1.31122 -0.026296 -3.94531e-05 8.01196 -0.282242 5.69986
284.77 117.046 1.20295 -0.0259435 -2.91563e-05 8.51239 -0.26019 6.0982
285.27 117.033 1.09611 -0.0257094 -1.92291e-05 9.01282 -0.229551 6.53417
285.771 117.02 0.9972 -0.0255863 -9.54759e-06 9.51324 -0.196786 7
286.271 117.008 0 -0.0255863 -3.08141e-06 10.0137 0 7
