302.273 250.477 3.01555 -3.12902 8.48898e-17 0 -0.00161755 0
301.773 250.471 3.01562 -3.129 -8.71654e-10 0.5 0.00105665 0.165806
301.273 250.465 3.0158 -3.12898 1.39827e-10 1 0.00079168 0.331603
300.773 250.459 3.01594 -3.12897 3.40459e-10 1.5 0.000516038 0.497392
300.273 250.452 3.01602 -3.12897 1.44511e-10 2 0.000221837 0.663174
299.773 250.446 3.01606 -3.12897 -1.39784e-10 2.5 -9.52241e-05 0.828954
299.273 250.44 3.01604 -3.12898 -2.98967e-10 3 -0.000441304 0.994732
298.773 250.433 3.01595 -3.12899 -2.03107e-10 3.5 -0.000826155 1.16051
298.273 250.427 3.0158 -3.12901 2.05456e-10 4 -0.00125224 1.3263
297.773 250.421 3.01558 -3.12903 9.23349e-10 4.5 -0.00172667 1.4921
297.273 250.414 3.01527 -3.12905 1.89744e-09 5 -0.00225986 1.65791
296.773 250.408 3.01486 -3.12907 3.03596e-09 5.5 -0.00285266 1.82375
296.273 250.402 3.01436 -3.12909 4.21998e-09 6 -0.0035133 1.9896
295.773 250.396 3.01373 -3.12912 5.31445e-09 6.5 -0.00425197 2.15549
295.273 250.389 3.01297 -3.12914 6.1794e-09 7 -0.00506805 2.32142
294.773 250.383 3.01208 -3.12916 6.68146e-09 7.5 -0.0059709 2.48739
294.274 250.377 3.01101 -3.12918 6.70481e-09 8 -0.00696955 2.65342
293.774 250.371 3.00978 -3.1292 6.16255e-09 8.5 -0.00806203 2.81951
293.274 250.365 3.00836 -3.12921 5.00796e-09 9 -0.00925843 2.98567
292.774 250.358 3.00672 -3.12921 3.24573e-09 9.5 -0.0105659 3.15192
292.274 250.352 3.00486 -3.12922 9.43194e-10 10 -0.011981 3.31826
291.774 250.346 3.00275 -3.12921 -1.75828e-09 10.5 -0.0135137 3.48471
291.274 250.34 3.00037 -3.1292 -4.63222e-09 11 -0.0151688 3.65129
290.774 250.334 2.99771 -3.12918 -7.35521e-09 11.5 -0.0169409 3.81801
290.274 250.327 2.99474 -3.12916 -9.4945e-09 12 -0.0188385 3.98488
289.774 250.321 2.99143 -3.12912 -1.04944e-08 12.5 -0.0208637 4.15194
289.274 250.315 2.98777 -3.12908 -9.67023e-09 13 -0.0230084 4.31918
288.774 250.309 2.98374 -3.12902 -6.25859e-09 13.5 -0.0252775 4.48664
288.274 250.302 2.9793 -3.12896 3.61737e-10 14 -0.0276705 4.65434
287.774 250.296 2.97446 -3.12889 1.01799e-08 14.5 -0.0301753 4.82229
287.274 250.29 2.96917 -3.12881 2.19945e-08 15 -0.0327905 4.99053
286.774 250.283 2.96341 -3.12874 3.3402e-08 15.5 -0.0355125 5.1591
286.274 250.277 2.95719 -3.12866 4.17384e-08 16 -0.0383237 5.328
285.774 250.27 2.95048 -3.1286 4.53703e-08 16.5 -0.0412141 5.49725
285.274 250.264 2.94322 -3.12855 4.4226e-08 17 -0.0441742 5.66694
284.774 250.257 2.93545 -3.12851 3.93088e-08 17.5 -0.0471797 5.83704
284.274 250.251 2.92717 -3.12848 3.19076e-08 18 -0.0502117 6.0076
283.774 250.244 2.91831 -3.12845 2.31392e-08 18.5 -0.053246 6.17868
283.274 250.238 2.90891 -3.12844 1.38571e-08 19 -0.0562522 6.35029
282.774 250.231 2.89898 -3.12844 4.70384e-09 19.5 -0.0591996 6.52246
282.274 250.225 2.88852 -3.12844 -3.83468e-09 20 -0.0620511 6.69523
281.775 250.218 2.87751 -3.12845 -1.13998e-08 20.5 -0.0647531 6.86867
281.275 250.212 2.86602 -3.12847 -1.77435e-08 21 -0.0672658 7.04278
280.775 250.205 2.85407 -3.12849 -2.27162e-08 21.5 -0.0695369 7.21759
280.275 250.198 2.84169 -3.12851 -2.62553e-08 22 -0.0714984 7.39315
279.775 250.192 2.82893 -3.12855 -2.8374e-08 22.5 -0.0730633 7.56951
279.275 250.185 2.81588 -3.12858 -2.91498e-08 23 -0.0741729 7.74667
278.775 250.179 2.80263 -3.12862 -2.87138e-08 23.5 -0.0747429 7.92465
278.275 250.172 2.78926 -3.12865 -2.7239e-08 24 -0.0746797 8.10346
277.775 250.166 2.77591 -3.12869 -2.49291e-08 24.5 -0.0738339 8.28316
277.275 250.159 2.76273 -3.12873 -2.20078e-08 25 -0.0721156 8.46372
276.775 250.153 2.74989 -3.12877 -1.87069e-08 25.5 -0.0694078 8.64513
276.275 250.147 2.73757 -3.12881 -1.52559e-08 26 -0.0655747 8.82736
275.775 250.14 2.72601 -3.12884 -1.187e-08 26.5 -0.0604706 9.01038
275.275 250.134 2.71547 -3.12887 -8.7394e-09 27 -0.0539121 9.19416
274.775 250.127 2.70629 -3.1289 -6.01824e-09 27.5 -0.0457059 9.37862
274.275 250.121 2.69875 -3.12893 -3.81294e-09 28 -0.0357256 9.56365
273.775 250.115 2.69322 -3.12895 -2.17141e-09 28.5 -0.0237966 9.74912
273.275 250.108 2.69 -3.12896 -1.07167e-09 29 -0.0112604 9.9349
272.775 250.102 2.6893 -3.12897 -4.10856e-10 29.5 -0.00870618 10
272.275 250.096 2.6893 -3.12897 -1.12602e-10 30 -0.00870618 10
