207.28 249.281 3.02048 -3.12844 8.90525e-06 0 0.00373325 0
206.78 249.274 3.02005 -3.12554 2.21508e-05 0.500007 -0.00685322 0.165542
206.281 249.266 3.01846 -3.1222 4.45801e-05 1.00002 -0.0126459 0.331144
205.781 249.256 3.01594 -3.11905 6.19544e-05 1.50004 -0.0184206 0.496856
205.281 249.245 3.01238 -3.11608 7.40678e-05 2.00007 -0.0242035 0.662751
204.781 249.232 3.0079 -3.1133 8.07806e-05 2.50011 -0.0300196 0.828864
204.281 249.218 3.00247 -3.1107 8.20929e-05 3.00017 -0.0358914 0.995248
203.781 249.203 2.99597 -3.10829 7.8228e-05 3.50024 -0.0418495 1.16199
203.281 249.186 2.98849 -3.10606 6.97185e-05 4.00033 -0.0479056 1.32911
202.782 249.168 2.97999 -3.10403 5.74845e-05 4.50043 -0.0540752 1.49667
202.282 249.149 2.97035 -3.10217 4.28926e-05 5.00055 -0.0603807 1.66478
201.782 249.13 2.95963 -3.1005 2.77816e-05 5.50069 -0.0668121 1.83346
201.282 249.109 2.94781 -3.09902 1.44402e-05 6.00084 -0.0733646 2.00276
200.783 249.088 2.93475 -3.09771 5.52469e-06 6.50101 -0.0800318 2.17282
200.283 249.066 2.9205 -3.09657 3.90406e-06 7.00121 -0.086774 2.34368
199.783 249.043 2.90504 -3.0956 1.24288e-05 7.50144 -0.0935514 2.51539
199.283 249.02 2.88832 -3.09479 3.36232e-05 8.0017 -0.100308 2.68808
198.784 248.997 2.87029 -3.09412 6.93122e-05 8.50196 -0.106965 2.86184
198.284 248.973 2.85102 -3.09361 0.000120202 9.00225 -0.113446 3.03672
197.784 248.949 2.83051 -3.09322 0.000185444 9.50259 -0.119659 3.21282
197.284 248.925 2.80876 -3.09296 0.000262228 10.003 -0.125494 3.39027
196.785 248.901 2.78581 -3.09283 0.000345446 10.5034 -0.130837 3.5692
196.285 248.876 2.76176 -3.09282 0.000427486 11.0039 -0.135612 3.74965
195.785 248.852 2.73669 -3.09293 0.000498212 11.5045 -0.139735 3.93171
195.285 248.828 2.71069 -3.09319 0.000545173 12.0051 -0.143157 4.11549
194.784 248.803 2.68387 -3.09361 0.000554105 12.5058 -0.145968 4.30107
194.284 248.779 2.65625 -3.09421 0.000509753 13.0065 -0.148366 4.48861
193.784 248.756 2.62792 -3.09502 0.000397009 13.5072 -0.150603 4.67812
193.284 248.732 2.59884 -3.09605 0.000202301 14.0078 -0.15293 4.86969
192.784 248.71 2.56896 -3.09734 -8.49726e-05 14.5082 -0.155617 5.06336
192.285 248.687 2.53816 -3.0989 -0.000471056 15.0082 -0.158943 5.25918
191.785 248.666 2.50625 -3.10074 -0.000956385 15.508 -0.163185 5.45733
191.286 248.646 2.47298 -3.10287 -0.00153386 16.0075 -0.168597 5.65794
190.788 248.626 2.43803 -3.1053 -0.00218698 16.5066 -0.175388 5.86119
190.289 248.608 2.40104 -3.10805 -0.00288819 17.0054 -0.183685 6.06731
189.791 248.592 2.36159 -3.11111 -0.00359802 17.5038 -0.193492 6.27657
189.293 248.576 2.31925 -3.11445 -0.00426496 18.0018 -0.204647 6.48933
188.796 248.563 2.27359 -3.11803 -0.00482614 18.4996 -0.216768 6.70605
188.298 248.551 2.22417 -3.12175 -0.00520888 18.9972 -0.229146 6.92735
187.801 248.541 2.17092 -3.12549 -0.00533303 19.4947 -0.240829 7.15373
187.303 248.533 2.11375 -3.12907 -0.00511438 19.9922 -0.251516 7.38589
186.806 248.527 2.05242 -3.13228 -0.00446887 20.49 -0.261285 7.62489
186.307 248.522 1.9868 -3.13488 -0.00331743 20.9884 -0.270256 7.87163
185.808 248.519 1.91661 -3.13656 -0.0015913 21.4875 -0.278437 8.12733
185.308 248.516 1.84155 -3.13702 0.000762872 21.9876 -0.285703 8.39336
184.807 248.514 1.76108 -3.13591 0.00377835 22.4891 -0.291839 8.67185
184.303 248.511 1.67485 -3.13285 0.00746458 22.9922 -0.296618 8.96471
183.8 248.507 1.58263 -3.12755 0.0118046 23.4958 -0.299655 9.27384
183.295 248.5 1.48379 -3.11969 0.0167539 24.0008 -0.300471 9.60303
182.788 248.489 1.37752 -3.10895 0.0222404 24.5077 -0.298429 9.9576
182.279 248.472 1.26342 -3.09508 0.0281661 25.0167 -0.292885 10.3432
181.769 248.448 1.1408 -3.0779 0.0344093 25.528 -0.282929 10.7686
181.256 248.416 1.0091 -3.05727 0.0408294 26.0416 -0.267296 11.2467
180.742 248.372 0.868253 -3.03317 0.0472723 26.5576 -0.243653 11.7967
180.227 248.316 0.720616 -3.00563 0.0535785 27.0759 -0.205614 12.4511
179.711 248.246 0.581818 -2.97479 0.0595921 27.5964 -0.13244 13.2565
179.195 248.159 0.52327 -2.94084 0.0651729 28.1192 -0.0220893 14
178.681 248.054 0.52327 -2.90406 0.0702074 28.6439 -0.0220893 14
178.169 247.93 0.52327 -2.86478 0.0746203 29.1705 -0.0220893 14
177.661 247.786 0.52327 -2.82335 0.0783823 29.6987 -0.0220893 14
177.158 247.62 0.52327 -2.82335 0.081514 30.2283 -0.0220893 14
