349.269 251.07 3.01528 -3.12901 -2.1706e-16 0 -0.00225791 0
348.769 251.064 3.01535 -3.12899 -6.64107e-10 0.5 0.00127838 0.165821
348.269 251.057 3.01557 -3.12897 4.7352e-10 1 0.000997604 0.331632
347.769 251.051 3.01574 -3.12896 6.76416e-10 1.5 0.000706531 0.497433
347.269 251.045 3.01585 -3.12895 3.86365e-10 2 0.000397384 0.663225
346.769 251.039 3.01592 -3.12896 -6.29488e-11 2.5 6.58647e-05 0.829013
346.269 251.032 3.01592 -3.12896 -4.34789e-10 3 -0.000294128 0.994799
345.769 251.026 3.01586 -3.12897 -5.78111e-10 3.5 -0.000692273 1.16059
345.269 251.02 3.01573 -3.12899 -4.16189e-10 4 -0.00113106 1.32638
344.77 251.013 3.01553 -3.129 6.44336e-11 4.5 -0.00161756 1.49218
344.27 251.007 3.01523 -3.12902 8.25308e-10 5 -0.00216215 1.658
343.77 251.001 3.01484 -3.12905 1.78744e-09 5.5 -0.00276572 1.82383
343.27 250.994 3.01435 -3.12907 2.84235e-09 6 -0.00343647 1.98969
342.77 250.988 3.01373 -3.12909 3.86338e-09 6.5 -0.00418458 2.15558
342.27 250.982 3.01299 -3.12911 4.71706e-09 7 -0.00500949 2.3215
341.77 250.976 3.0121 -3.12913 5.27411e-09 7.5 -0.0059205 2.48747
341.27 250.969 3.01105 -3.12915 5.42088e-09 8 -0.00692672 2.6535
340.77 250.963 3.00982 -3.12917 5.06972e-09 8.5 -0.00802617 2.81959
340.27 250.957 3.0084 -3.12918 4.17463e-09 9 -0.00922894 2.98575
339.77 250.951 3.00677 -3.12918 2.73345e-09 9.5 -0.0105423 3.15199
339.27 250.945 3.00492 -3.12919 8.08319e-10 10 -0.0119626 3.31833
338.77 250.938 3.00281 -3.12918 -1.46765e-09 10.5 -0.0135001 3.48478
338.27 250.932 3.00043 -3.12917 -3.87819e-09 11 -0.0151595 3.65136
337.77 250.926 2.99777 -3.12915 -6.11239e-09 11.5 -0.0169354 3.81807
337.27 250.92 2.9948 -3.12913 -7.75144e-09 12 -0.0188363 3.98494
336.77 250.914 2.99148 -3.12909 -8.26055e-09 12.5 -0.0208645 4.15199
336.27 250.907 2.98783 -3.12905 -6.97754e-09 13 -0.0230118 4.31923
335.77 250.901 2.9838 -3.12899 -3.177e-09 13.5 -0.0252831 4.48668
335.27 250.895 2.97936 -3.12893 3.70853e-09 14 -0.027678 4.65438
334.77 250.888 2.97451 -3.12886 1.3605e-08 14.5 -0.0301844 4.82234
334.27 250.882 2.96923 -3.12879 2.52636e-08 15 -0.0328008 4.99057
333.77 250.876 2.96347 -3.12871 3.62814e-08 15.5 -0.0355238 5.15914
333.27 250.869 2.95724 -3.12864 4.40534e-08 16 -0.0383358 5.32803
332.77 250.863 2.95053 -3.12858 4.70392e-08 16.5 -0.0412267 5.49728
332.27 250.856 2.94327 -3.12853 4.52559e-08 17 -0.0441871 5.66697
331.771 250.85 2.9355 -3.12849 3.97647e-08 17.5 -0.0471928 5.83707
331.271 250.843 2.92721 -3.12846 3.18795e-08 18 -0.0502247 6.00762
330.771 250.837 2.91835 -3.12844 2.27207e-08 18.5 -0.0532589 6.1787
330.271 250.83 2.90895 -3.12843 1.31352e-08 19 -0.0562648 6.35031
329.771 250.823 2.89902 -3.12842 3.75603e-09 19.5 -0.0592118 6.52247
329.271 250.817 2.88856 -3.12843 -4.94113e-09 20 -0.0620628 6.69524
328.771 250.81 2.87754 -3.12844 -1.26071e-08 20.5 -0.0647642 6.86869
328.271 250.804 2.86605 -3.12846 -1.90028e-08 21 -0.0672763 7.04279
327.771 250.797 2.85409 -3.12848 -2.39869e-08 21.5 -0.0695466 7.2176
327.271 250.791 2.84172 -3.12851 -2.75044e-08 22 -0.0715074 7.39316
326.771 250.784 2.82896 -3.12854 -2.95754e-08 22.5 -0.0730715 7.56952
326.271 250.777 2.81591 -3.12857 -3.02837e-08 23 -0.0741803 7.74667
325.771 250.771 2.80265 -3.12861 -2.97659e-08 23.5 -0.0747496 7.92465
325.271 250.764 2.78929 -3.12865 -2.81998e-08 24 -0.0746855 8.10346
324.771 250.758 2.77593 -3.12868 -2.57935e-08 24.5 -0.073839 8.28316
324.271 250.752 2.76275 -3.12872 -2.27741e-08 25 -0.0721199 8.46372
323.771 250.745 2.74991 -3.12876 -1.93765e-08 25.5 -0.0694114 8.64512
323.271 250.739 2.73759 -3.1288 -1.58321e-08 26 -0.0655777 8.82735
322.771 250.732 2.72603 -3.12884 -1.23578e-08 26.5 -0.0604731 9.01038
322.271 250.726 2.71549 -3.12887 -9.14476e-09 27 -0.0539141 9.19415
321.771 250.72 2.70631 -3.1289 -6.34717e-09 27.5 -0.0457075 9.37861
321.271 250.713 2.69877 -3.12892 -4.07107e-09 28 -0.035727 9.56364
320.771 250.707 2.69324 -3.12894 -2.36324e-09 28.5 -0.0237979 9.74911
320.271 250.701 2.69001 -3.12895 -1.19996e-09 29 -0.0112611 9.93488
319.772 250.694 2.68932 -3.12896 -4.75849e-10 29.5 -0.00870625 10
319.272 250.688 2.68932 -3.12896 -1.33641e-10 30 -0.00870625 10
