169.896 235.931 1.33705 -1.56332 0.029459 0 -0.00321111 1.14651e-08
169.9 235.418 1.43721 -1.5482 0.0261776 0.513016 0.355004 0.372579
169.912 234.907 1.55378 -1.53478 0.0217168 1.02419 0.325868 0.714287
169.93 234.398 1.6517 -1.52393 0.0165766 1.53306 0.290445 1.03151
169.954 233.892 1.73241 -1.51571 0.0116585 2.03952 0.247707 1.33065
169.981 233.389 1.79642 -1.50998 0.00707849 2.54372 0.199146 1.61627
170.012 232.887 1.84442 -1.5065 0.00299057 3.04589 0.148428 1.89197
170.044 232.388 1.87755 -1.50497 -0.000458735 3.54633 0.099664 2.16067
170.077 231.89 1.89806 -1.50501 -0.00317912 4.04542 0.0558316 2.42492
170.11 231.393 1.90758 -1.50623 -0.00514239 4.54354 0.0171297 2.68659
170.142 230.897 1.9075 -1.50824 -0.00637845 5.04106 -0.0164041 2.94731
170.173 230.4 1.8995 -1.51056 -0.00696383 5.53831 -0.0449723 3.20844
170.203 229.906 1.88455 -1.51259 -0.0070061 6.03303 -0.0682698 3.46987
170.231 229.422 1.86444 -1.51519 -0.00662766 6.5186 -0.0864039 3.72886
170.258 228.935 1.83984 -1.51762 -0.00595158 7.00647 -0.100052 3.99219
170.284 228.445 1.81162 -1.51976 -0.00509118 7.49677 -0.109263 4.26076
170.309 227.953 1.78087 -1.52157 -0.00414372 7.98951 -0.114437 4.53505
170.334 227.458 1.7485 -1.52302 -0.00318759 8.48451 -0.115874 4.81552
170.357 226.962 1.71546 -1.52414 -0.00228215 8.98153 -0.113965 5.10246
170.381 226.464 1.68266 -1.52495 -0.00146914 9.48026 -0.109178 5.39601
170.404 225.964 1.65092 -1.52551 -0.000774878 9.98034 -0.102072 5.69607
170.426 225.464 1.62098 -1.5259 -0.000212721 10.4814 -0.0931994 6.00241
170.449 224.962 1.59345 -1.52618 0.000214577 10.9832 -0.0831147 6.31469
170.471 224.461 1.56877 -1.52642 0.00051263 11.4854 -0.0723649 6.63237
170.493 223.959 1.5472 -1.52667 0.000693393 11.9877 -0.0614334 6.95484
170.516 223.457 1.52888 -1.527 0.00077329 12.4899 -0.0507336 7.28143
170.538 222.956 1.51382 -1.52744 0.000771497 12.992 -0.0406078 7.61148
170.559 222.454 1.5019 -1.52802 0.000708388 13.4937 -0.0313101 7.94432
170.581 221.953 1.49283 -1.52875 0.000604117 13.9952 -0.0229811 8.27924
170.602 221.453 1.48634 -1.52963 0.000477315 14.4962 -0.0157078 8.61568
170.622 220.952 1.48213 -1.53063 0.000343937 14.997 -0.00949541 8.95312
170.643 220.452 1.47981 -1.53171 0.000216447 15.4975 -0.00426897 9.2911
170.662 219.952 1.47913 -1.53284 0.000103567 15.9978 4.50203e-05 9.62926
170.681 219.453 1.47976 -1.534 1.05686e-05 16.4978 0.00358361 9.9673
170.699 218.953 1.48147 -1.53516 -6.0171e-05 16.9978 0.00647865 10.305
170.717 218.454 1.48407 -1.53631 -0.000108598 17.4977 0.00884795 10.6421
170.734 217.954 1.48739 -1.53744 -0.000136448 17.9975 0.0108244 10.9786
170.751 217.454 1.49131 -1.53853 -0.000146715 18.4973 0.0125048 11.3142
170.767 216.955 1.49574 -1.53958 -0.000143114 18.9972 0.0139699 11.6488
170.783 216.455 1.50062 -1.54058 -0.000129592 19.497 0.0152799 11.9825
170.798 215.956 1.50591 -1.54153 -0.000109924 19.9969 0.0164646 12.3151
170.813 215.456 1.51154 -1.54243 -8.7427e-05 20.4969 0.0175311 12.6464
170.827 214.956 1.51749 -1.54327 -6.47827e-05 20.9969 0.0184642 12.9766
170.841 214.456 1.52369 -1.54406 -4.39645e-05 21.4969 0.019224 13.3054
170.854 213.956 1.53008 -1.54479 -2.62454e-05 21.9969 0.019745 13.6329
170.867 213.457 1.53656 -1.54548 -1.22686e-05 22.4969 0.019951 13.959
170.88 212.957 1.54301 -1.54612 -2.15676e-06 22.997 0.0197439 14.2837
170.892 212.457 1.5493 -1.54671 4.35835e-06 23.497 0.019004 14.6071
170.904 211.957 1.5552 -1.54726 7.80425e-06 23.9971 0.017591 14.9293
170.916 211.457 1.56051 -1.54776 8.84604e-06 24.4971 0.0153656 15.2502
170.927 210.957 1.56495 -1.54821 8.18425e-06 24.9971 0.0121653 15.5702
170.939 210.457 1.56817 -1.54863 6.47678e-06 25.4972 0.00781321 15.8894
170.95 209.957 1.56979 -1.54899 4.28631e-06 25.9972 0.00217096 16.208
170.961 209.457 1.56947 -1.54932 2.05169e-06 26.4972 -0.00414152 16.5265
170.971 208.957 1.56719 -1.5496 7.98117e-08 26.9972 -0.00999884 16.8453
170.982 208.458 1.56326 -1.54983 -1.44677e-06 27.4972 -0.0142298 17.1648
170.992 207.958 1.55847 -1.55002 -2.45142e-06 27.9972 -0.0149793 17.4851
171.003 207.458 1.55433 -1.55016 -2.93917e-06 28.4972 -0.00965063 17.8064
171.013 206.958 1.55299 -1.55026 -2.97078e-06 28.9972 -0.00482499 18
171.023 206.458 1.55299 -1.55031 -2.63815e-06 29.4972 -0.00482499 18
171.034 205.958 1.55299 -1.55031 -2.16607e-06 29.9972 -0.00482499 18
