200.655 116.229 2.76797 -0.0582673 2.66908e-05 0 -0.408629 0
201.156 116.199 2.66921 -0.0559137 -0.00047673 0.501462 -0.573976 0.18442
201.656 116.171 2.56215 -0.0531777 -0.000497107 1.0028 -0.543132 0.376175
202.157 116.145 2.45678 -0.0505379 -0.000497072 1.50401 -0.511902 0.575945
202.657 116.12 2.35341 -0.0479848 -0.000480273 2.00511 -0.480199 0.784291
203.158 116.095 2.2524 -0.0455107 -0.000450933 2.50612 -0.44789 1.00178
203.658 116.073 2.15438 -0.0431101 -0.00041334 3.00705 -0.414803 1.22938
204.158 116.051 2.05978 -0.0407796 -0.000371452 3.50791 -0.381059 1.46717
204.659 116.031 1.96927 -0.0385174 -0.000328631 4.00872 -0.346751 1.71578
205.159 116.011 1.88367 -0.036323 -0.0002875 4.50947 -0.311897 1.97586
205.66 115.993 1.80378 -0.0341972 -0.000249897 5.01018 -0.276547 2.2476
206.16 115.976 1.73043 -0.032141 -0.000216919 5.51084 -0.24119 2.53103
206.66 115.96 1.66442 -0.0301562 -0.000189012 6.01146 -0.206485 2.8261
207.161 115.945 1.60637 -0.0282442 -0.000166105 6.51204 -0.173095 3.13236
207.661 115.931 1.55663 -0.0264064 -0.000147752 7.01258 -0.14163 3.44904
208.161 115.918 1.51525 -0.024644 -0.000133271 7.51308 -0.112604 3.77504
208.662 115.905 1.48205 -0.0229577 -0.000121874 8.01354 -0.0864246 4.10911
209.162 115.894 1.45667 -0.0213479 -0.000112764 8.51397 -0.0633952 4.44988
209.662 115.883 1.43822 -0.0198145 -0.000105217 9.01436 -0.0435334 4.79569
210.163 115.873 1.42604 -0.0183573 -9.86256e-05 9.51472 -0.0269075 5.14522
210.663 115.864 1.41902 -0.0169757 -9.25251e-05 10.0151 -0.013255 5.49702
211.163 115.855 1.41635 -0.015669 -8.65964e-05 10.5154 -0.00243274 5.85001
211.663 115.848 1.41701 -0.0144365 -8.06535e-05 11.0156 0.00595148 6.20321
212.163 115.84 1.42027 -0.0132772 -7.46213e-05 11.5159 0.0121407 6.55588
212.664 115.834 1.42535 -0.0121903 -6.85097e-05 12.0161 0.0165283 6.9075
213.164 115.828 1.43168 -0.0111745 -6.23929e-05 12.5164 0.0193726 7.25768
213.664 115.822 1.43874 -0.0102279 -5.64015e-05 13.0166 0.0209973 7.60623
214.164 115.817 1.44615 -0.0093467 -5.07276e-05 13.5168 0.0216185 7.95299
214.664 115.812 1.4536 -0.00852374 -4.56166e-05 14.0169 0.0214801 8.29799
215.164 115.808 1.46086 -0.00774874 -4.12942e-05 14.5171 0.0207369 8.6412
215.665 115.804 1.46775 -0.00701006 -3.7835e-05 15.0173 0.0195539 8.98277
216.165 115.801 1.47415 -0.00629848 -3.50809e-05 15.5174 0.0180393 9.32278
216.665 115.798 1.47997 -0.00560991 -3.27267e-05 16.0176 0.0162861 9.66137
217.165 115.795 1.48515 -0.00494505 -3.05118e-05 16.5177 0.0143649 9.99872
217.665 115.792 1.48963 -0.0043068 -2.83334e-05 17.0178 0.0123204 10.3349
218.165 115.79 1.4934 -0.00369774 -2.62106e-05 17.518 0.0101885 10.6702
218.665 115.788 1.49645 -0.00311917 -2.41883e-05 18.0181 0.0079864 11.0048
219.165 115.787 1.49873 -0.00257132 -2.22862e-05 18.5182 0.00571955 11.3387
219.666 115.785 1.50026 -0.00205385 -2.04973e-05 19.0183 0.00338756 11.6722
220.166 115.784 1.50099 -0.00156624 -1.88051e-05 19.5184 0.000981955 12.0054
220.666 115.784 1.5009 -0.0011079 -1.71953e-05 20.0185 -0.00151121 12.3386
221.166 115.783 1.49997 -0.000678234 -1.56603e-05 20.5186 -0.00410339 12.6719
221.666 115.783 1.49816 -0.000276624 -1.42002e-05 21.0187 -0.00680759 13.0055
222.166 115.783 1.49541 9.75291e-05 -1.28226e-05 21.5187 -0.00963567 13.3396
222.666 115.783 1.49169 0.000444821 -1.15413e-05 22.0188 -0.0125876 13.6744
223.166 115.783 1.48696 0.000765838 -1.03748e-05 22.5189 -0.0156585 14.0101
223.666 115.783 1.48114 0.00106116 -9.34408e-06 23.019 -0.018831 14.3471
224.166 115.784 1.47423 0.00133134 -8.46979e-06 23.519 -0.0220678 14.6855
224.666 115.784 1.46616 0.00157695 -7.7694e-06 24.0191 -0.0253136 15.0256
225.166 115.785 1.45696 0.00179854 -7.2536e-06 24.5192 -0.0284851 15.3677
225.667 115.786 1.44663 0.00199664 -6.92262e-06 25.0192 -0.0314683 15.7121
226.167 115.787 1.43523 0.00217183 -6.76261e-06 25.5193 -0.0341026 16.0592
226.667 115.788 1.42292 0.00232466 -6.74243e-06 26.0193 -0.0361947 16.409
227.167 115.789 1.40989 0.00245574 -6.81121e-06 26.5194 -0.0374668 16.7621
227.667 115.791 1.39648 0.00256568 -6.89726e-06 27.0195 -0.037611 17.1185
228.167 115.792 1.38315 0.00265516 -6.90875e-06 27.5195 -0.0362104 17.4783
228.667 115.793 1.37056 0.00272491 -6.73655e-06 28.0196 -0.0327789 17.8415
229.167 115.795 1.35955 0.00277571 -6.25964e-06 28.5196 -0.0267829 18.2078
229.667 115.796 1.35129 0.0028084 -5.35316e-06 29.0197 -0.0175264 18.5769
230.167 115.797 1.34708 0.00282482 -3.89896e-06 29.5197 -0.00538992 18.9476
230.667 115.799 1.3468 0.00282482 -1.96414e-06 30.0198 -0.00435961 19
