344.77 251.013 3.01555 -3.12899 2.29236e-14 0 -0.00161733 0
344.27 251.007 3.01562 -3.12897 5.40187e-10 0.5 0.00105672 0.165806
343.77 251.001 3.0158 -3.12895 1.07531e-09 1 0.00079174 0.331603
343.27 250.994 3.01594 -3.12894 8.50209e-10 1.5 0.000516097 0.497392
342.77 250.988 3.01602 -3.12894 2.7961e-10 2 0.000221893 0.663174
342.27 250.982 3.01606 -3.12894 -3.28055e-10 2.5 -9.51724e-05 0.828954
341.77 250.975 3.01604 -3.12895 -7.59616e-10 3 -0.000441257 0.994732
341.27 250.969 3.01595 -3.12897 -8.85703e-10 3.5 -0.000826112 1.16051
340.77 250.963 3.0158 -3.12898 -6.50424e-10 4 -0.0012522 1.3263
340.27 250.956 3.01558 -3.129 -5.5656e-11 4.5 -0.00172663 1.4921
339.77 250.95 3.01527 -3.12902 8.4111e-10 5 -0.00225983 1.65791
339.27 250.944 3.01486 -3.12905 1.94722e-09 5.5 -0.00285263 1.82375
338.77 250.938 3.01436 -3.12907 3.14148e-09 6 -0.00351328 1.9896
338.27 250.931 3.01373 -3.12909 4.28631e-09 6.5 -0.00425196 2.15549
337.77 250.925 3.01297 -3.12912 5.23893e-09 7 -0.00506804 2.32142
337.27 250.919 3.01208 -3.12914 5.86367e-09 7.5 -0.0059709 2.48739
336.77 250.913 3.01101 -3.12916 6.03865e-09 8 -0.00696956 2.65342
336.27 250.906 3.00978 -3.12917 5.67582e-09 8.5 -0.00806203 2.81951
335.77 250.9 3.00836 -3.12919 4.72351e-09 9 -0.00925844 2.98567
335.27 250.894 3.00672 -3.12919 3.182e-09 9.5 -0.0105659 3.15192
334.77 250.888 3.00486 -3.1292 1.11404e-09 10 -0.011981 3.31826
334.27 250.882 3.00275 -3.12919 -1.34412e-09 10.5 -0.0135137 3.48471
333.77 250.875 3.00037 -3.12918 -3.9712e-09 11 -0.0151688 3.65129
333.27 250.869 2.99771 -3.12917 -6.44944e-09 11.5 -0.0169409 3.81801
332.77 250.863 2.99474 -3.12914 -8.35225e-09 12 -0.0188385 3.98488
332.27 250.857 2.99143 -3.1291 -9.13112e-09 12.5 -0.0208637 4.15194
331.771 250.851 2.98777 -3.12906 -8.11137e-09 13 -0.0230084 4.31918
331.271 250.844 2.98374 -3.12901 -4.54521e-09 13.5 -0.0252775 4.48664
330.771 250.838 2.9793 -3.12894 2.16491e-09 14 -0.0276705 4.65434
330.271 250.832 2.97446 -3.12887 1.19794e-08 14.5 -0.0301753 4.82229
329.771 250.825 2.96917 -3.1288 2.36757e-08 15 -0.0327905 4.99053
329.271 250.819 2.96341 -3.12872 3.48517e-08 15.5 -0.0355125 5.1591
328.771 250.812 2.95719 -3.12865 4.28736e-08 16 -0.0383237 5.328
328.271 250.806 2.95048 -3.12859 4.61549e-08 16.5 -0.0412141 5.49725
327.771 250.799 2.94322 -3.12854 4.46693e-08 17 -0.0441742 5.66694
327.271 250.793 2.93545 -3.1285 3.94498e-08 17.5 -0.0471797 5.83704
326.771 250.786 2.92717 -3.12847 3.1798e-08 18 -0.0502116 6.0076
326.271 250.78 2.91831 -3.12845 2.28318e-08 18.5 -0.053246 6.17868
325.771 250.773 2.90891 -3.12843 1.34008e-08 19 -0.0562522 6.35029
325.271 250.767 2.89898 -3.12843 4.14165e-09 19.5 -0.0591996 6.52246
324.771 250.76 2.88852 -3.12843 -4.46552e-09 20 -0.0620511 6.69523
324.271 250.754 2.87751 -3.12844 -1.20679e-08 20.5 -0.0647531 6.86867
323.771 250.747 2.86602 -3.12846 -1.84225e-08 21 -0.0672658 7.04278
323.271 250.74 2.85407 -3.12848 -2.33847e-08 21.5 -0.0695369 7.21759
322.771 250.734 2.84169 -3.12851 -2.68964e-08 22 -0.0714984 7.39315
322.271 250.727 2.82893 -3.12854 -2.89747e-08 22.5 -0.0730633 7.56951
321.771 250.721 2.81588 -3.12858 -2.9701e-08 23 -0.0741729 7.74667
321.271 250.714 2.80263 -3.12861 -2.92094e-08 23.5 -0.0747429 7.92465
320.771 250.708 2.78926 -3.12865 -2.76759e-08 24 -0.0746797 8.10346
320.271 250.701 2.77591 -3.12869 -2.53068e-08 24.5 -0.0738339 8.28316
319.772 250.695 2.76273 -3.12873 -2.23276e-08 25 -0.0721156 8.46372
319.272 250.688 2.74989 -3.12877 -1.89721e-08 25.5 -0.0694078 8.64513
318.772 250.682 2.73757 -3.1288 -1.54708e-08 26 -0.0655747 8.82736
318.272 250.676 2.72601 -3.12884 -1.204e-08 26.5 -0.0604706 9.01038
317.772 250.669 2.71547 -3.12887 -8.87047e-09 27 -0.0539121 9.19416
317.272 250.663 2.70629 -3.1289 -6.11622e-09 27.5 -0.0457059 9.37862
316.772 250.657 2.69875 -3.12893 -3.8836e-09 28 -0.0357256 9.56365
316.272 250.65 2.69322 -3.12894 -2.21982e-09 28.5 -0.0237966 9.74912
315.772 250.644 2.69 -3.12896 -1.10192e-09 29 -0.0112604 9.9349
315.272 250.638 2.6893 -3.12897 -4.25468e-10 29.5 -0.00870618 10
314.772 250.631 2.6893 -3.12897 -1.17226e-10 30 -0.00870618 10
