169.953 237.783 1.32181 -1.62409 0.0317075 0 0.232566 0
169.929 237.335 1.32846 -1.60691 0.0319975 0.448251 -0.0372657 0.336533
169.908 236.754 1.32039 -1.58628 0.0319976 1.03031 0.000741766 0.776473
169.9 236.239 1.32708 -1.56877 0.0306992 1.54509 0.0331602 1.16566
169.901 235.725 1.34548 -1.54978 0.0280478 2.05891 0.061955 1.55044
169.91 235.327 1.36662 -1.54038 0.0262503 2.45707 0.0814976 1.84416
169.926 234.802 1.40139 -1.52697 0.0217965 2.98244 0.100399 2.22395
169.948 234.29 1.43961 -1.5165 0.0166536 3.49503 0.110121 2.58489
169.975 233.787 1.47811 -1.50874 0.0117237 3.99865 0.111885 2.93009
170.006 233.291 1.51458 -1.50345 0.00713222 4.49508 0.107059 3.26181
170.039 232.802 1.54738 -1.50613 0.00303181 4.98576 0.096672 3.58229
170.079 232.189 1.58158 -1.50042 -0.00188995 5.59944 0.0770293 3.97437
170.114 231.692 1.6029 -1.50118 -0.00424101 6.09819 0.0587536 4.28753
170.148 231.195 1.61818 -1.50297 -0.00584205 6.59615 0.039941 4.59664
170.182 230.699 1.6276 -1.50543 -0.00674788 7.09368 0.0216893 4.90312
170.215 230.202 1.6316 -1.50824 -0.00705263 7.59105 0.00484982 5.20825
170.246 229.706 1.63076 -1.51113 -0.00687338 8.08851 -0.00994905 5.51315
170.275 229.209 1.62577 -1.51391 -0.0063346 8.58621 -0.0222649 5.81875
170.304 228.712 1.61739 -1.51645 -0.00555574 9.08426 -0.0318711 6.12585
170.331 228.214 1.60641 -1.51867 -0.00464285 9.58269 -0.0387181 6.43504
170.357 227.716 1.59362 -1.52055 -0.00368406 10.0815 -0.0429042 6.7468
170.382 227.217 1.5798 -1.52209 -0.00274829 10.5808 -0.0446529 7.06141
170.406 226.718 1.56563 -1.52335 -0.00188591 11.0803 -0.0442796 7.37904
170.43 226.219 1.55172 -1.52436 -0.0011307 11.5801 -0.0421619 7.69971
170.453 225.72 1.53862 -1.52519 -0.000502199 12.0802 -0.0386913 8.02338
170.476 225.22 1.5267 -1.52592 -8.12113e-06 12.5804 -0.0343191 8.3498
170.498 224.72 1.5162 -1.5266 0.000353358 13.0808 -0.029444 8.67868
170.521 224.22 1.50728 -1.52729 0.000591536 13.5812 -0.0244341 9.00972
170.542 223.72 1.49997 -1.52802 0.000721252 14.0816 -0.0196114 9.34259
170.564 223.22 1.49415 -1.52883 0.000760958 14.5821 -0.0152266 9.6769
170.585 222.72 1.48969 -1.52972 0.000730765 15.0825 -0.0114766 10.0123
170.605 222.22 1.48636 -1.53066 0.000650644 15.5829 -0.00849415 10.3486
170.625 221.72 1.48388 -1.53166 0.000539114 16.0832 -0.00632757 10.6855
170.645 221.22 1.48199 -1.5327 0.000412456 16.5835 -0.00500573 11.0229
170.664 220.721 1.48041 -1.53376 0.000284263 17.0837 -0.00448973 11.3606
170.682 220.221 1.47887 -1.53485 0.000165117 17.5838 -0.00470319 11.6986
170.7 219.721 1.47714 -1.53594 6.24212e-05 18.084 -0.0055728 12.037
170.718 219.221 1.47503 -1.53704 -1.95315e-05 18.5841 -0.00696637 12.3758
170.735 218.721 1.47238 -1.53811 -7.92199e-05 19.0841 -0.00876586 12.7151
170.751 218.222 1.46904 -1.53917 -0.000117373 19.5842 -0.0108391 13.0551
170.767 217.722 1.46498 -1.54019 -0.000136363 20.0842 -0.0130442 13.3959
170.782 217.222 1.46014 -1.54117 -0.000139592 20.5842 -0.0152379 13.7378
170.797 216.722 1.45456 -1.5421 -0.000130942 21.0842 -0.0172695 14.0809
170.811 216.222 1.4483 -1.54297 -0.00011431 21.5843 -0.0189732 14.4254
170.825 215.723 1.44151 -1.54379 -9.32677e-05 22.0843 -0.0201722 14.7714
170.839 215.223 1.43439 -1.54455 -7.08225e-05 22.5843 -0.0206681 15.1191
170.852 214.723 1.42722 -1.54526 -4.93008e-05 23.0843 -0.0202285 15.4686
170.865 214.223 1.42036 -1.5459 -3.03155e-05 23.5843 -0.0186057 15.8198
170.877 213.723 1.4143 -1.5465 -1.48092e-05 24.0843 -0.0155423 16.1726
170.889 213.223 1.40948 -1.54704 -3.14579e-06 24.5843 -0.0116394 16.5268
170.901 212.724 1.40597 -1.54752 4.767e-06 25.0844 -0.00835302 16.882
170.913 212.224 1.40328 -1.54796 9.34578e-06 25.5844 -0.00712266 17.238
170.924 211.724 1.4006 -1.54835 1.12033e-05 26.0844 -0.00827245 17.5946
170.935 211.224 1.39711 -1.54869 1.10359e-05 26.5844 -0.0115289 17.9521
170.946 210.724 1.39216 -1.54898 9.533e-06 27.0844 -0.0162749 18.3105
170.957 210.224 1.38545 -1.54923 7.31203e-06 27.5844 -0.0207169 18.6705
170.968 209.724 1.37753 -1.54943 4.87808e-06 28.0844 -0.0224825 19.0325
170.979 209.224 1.36972 -1.54957 2.60615e-06 28.5844 -0.0195602 19.3965
170.989 208.724 1.36399 -1.54967 7.41517e-07 29.0844 -0.0109579 19.7624
171 208.225 1.36223 -1.54973 -5.86617e-07 29.5844 -0.00436098 20
171.011 207.725 1.36223 -1.54973 -1.49232e-06 30.0845 -0.00436098 20
