311.772 250.597 3.01555 -3.12902 8.14504e-17 0 -0.00161924 0
311.272 250.591 3.01562 -3.129 -8.4459e-10 0.5 0.00105612 0.165806
310.772 250.585 3.0158 -3.12898 1.4666e-10 1 0.000791179 0.331603
310.272 250.578 3.01594 -3.12897 3.36281e-10 1.5 0.000515575 0.497392
309.772 250.572 3.01602 -3.12897 1.36739e-10 2 0.000221411 0.663174
309.272 250.566 3.01606 -3.12897 -1.4529e-10 2.5 -9.56154e-05 0.828953
308.772 250.559 3.01604 -3.12898 -2.97871e-10 3 -0.000441661 0.994732
308.272 250.553 3.01595 -3.12899 -1.9244e-10 3.5 -0.00082648 1.16051
307.772 250.547 3.01581 -3.12901 2.27419e-10 4 -0.00125253 1.3263
307.272 250.54 3.01558 -3.12903 9.57221e-10 4.5 -0.00172693 1.4921
306.773 250.534 3.01527 -3.12905 1.94283e-09 5 -0.0022601 1.65791
306.273 250.528 3.01486 -3.12907 3.0917e-09 5.5 -0.00285287 1.82375
305.773 250.522 3.01436 -3.1291 4.28404e-09 6 -0.00351349 1.9896
305.273 250.515 3.01373 -3.12912 5.38424e-09 6.5 -0.00425213 2.15549
304.773 250.509 3.01297 -3.12914 6.25197e-09 7 -0.00506819 2.32142
304.273 250.503 3.01208 -3.12916 6.75337e-09 7.5 -0.00597102 2.48739
303.773 250.497 3.01101 -3.12918 6.77243e-09 8 -0.00696966 2.65342
303.273 250.49 3.00978 -3.1292 6.22216e-09 8.5 -0.00806211 2.81951
302.773 250.484 3.00836 -3.12921 5.05587e-09 9 -0.0092585 2.98567
302.273 250.478 3.00672 -3.12922 3.27839e-09 9.5 -0.010566 3.15192
301.773 250.472 3.00486 -3.12922 9.57354e-10 10 -0.0119811 3.31826
301.273 250.466 3.00275 -3.12921 -1.76554e-09 10.5 -0.0135137 3.48471
300.773 250.46 3.00037 -3.1292 -4.66319e-09 11 -0.0151688 3.65129
300.273 250.453 2.99771 -3.12918 -7.41158e-09 11.5 -0.0169409 3.81801
299.773 250.447 2.99474 -3.12916 -9.5772e-09 12 -0.0188385 3.98488
299.273 250.441 2.99143 -3.12912 -1.06033e-08 12.5 -0.0208637 4.15194
298.773 250.435 2.98777 -3.12908 -9.80388e-09 13 -0.0230084 4.31918
298.273 250.428 2.98374 -3.12902 -6.41353e-09 13.5 -0.0252775 4.48664
297.773 250.422 2.9793 -3.12896 1.91843e-10 14 -0.0276705 4.65434
297.273 250.416 2.97446 -3.12889 1.00047e-08 14.5 -0.0301753 4.82229
296.773 250.409 2.96917 -3.12881 2.1826e-08 15 -0.0327905 4.99053
296.273 250.403 2.96341 -3.12874 3.32524e-08 15.5 -0.0355125 5.1591
295.773 250.397 2.95719 -3.12867 4.16169e-08 16 -0.0383237 5.328
295.273 250.39 2.95048 -3.1286 4.52811e-08 16.5 -0.0412141 5.49725
294.773 250.384 2.94322 -3.12855 4.4169e-08 17 -0.0441742 5.66694
294.274 250.377 2.93545 -3.12851 3.92808e-08 17.5 -0.0471797 5.83704
293.774 250.371 2.92717 -3.12848 3.19043e-08 18 -0.0502116 6.0076
293.274 250.364 2.91831 -3.12845 2.31559e-08 18.5 -0.0532459 6.17868
292.774 250.357 2.90891 -3.12844 1.38894e-08 19 -0.0562521 6.35029
292.274 250.351 2.89898 -3.12844 4.74807e-09 19.5 -0.0591996 6.52246
291.774 250.344 2.88852 -3.12844 -3.7819e-09 20 -0.0620511 6.69523
291.274 250.338 2.87751 -3.12845 -1.13414e-08 20.5 -0.064753 6.86867
290.774 250.331 2.86602 -3.12847 -1.76819e-08 21 -0.0672658 7.04278
290.274 250.325 2.85406 -3.12849 -2.26535e-08 21.5 -0.0695368 7.21759
289.774 250.318 2.84169 -3.12852 -2.61931e-08 22 -0.0714984 7.39315
289.274 250.312 2.82893 -3.12855 -2.83136e-08 22.5 -0.0730632 7.56951
288.774 250.305 2.81588 -3.12858 -2.90924e-08 23 -0.0741729 7.74667
288.274 250.299 2.80263 -3.12862 -2.866e-08 23.5 -0.0747429 7.92465
287.774 250.292 2.78926 -3.12865 -2.71894e-08 24 -0.0746797 8.10346
287.274 250.286 2.77591 -3.12869 -2.4884e-08 24.5 -0.0738339 8.28316
286.774 250.279 2.76273 -3.12873 -2.19674e-08 25 -0.0721156 8.46372
286.274 250.273 2.74989 -3.12877 -1.86713e-08 25.5 -0.0694077 8.64513
285.774 250.266 2.73757 -3.12881 -1.52248e-08 26 -0.0655747 8.82736
285.274 250.26 2.72601 -3.12884 -1.18434e-08 26.5 -0.0604706 9.01038
284.774 250.253 2.71547 -3.12887 -8.71703e-09 27 -0.0539121 9.19416
284.274 250.247 2.70629 -3.1289 -5.99984e-09 27.5 -0.0457059 9.37862
283.774 250.241 2.69875 -3.12893 -3.7983e-09 28 -0.0357256 9.56365
283.274 250.234 2.69322 -3.12895 -2.16043e-09 28.5 -0.0237966 9.74912
282.774 250.228 2.69 -3.12896 -1.0643e-09 29 -0.0112604 9.9349
282.275 250.222 2.6893 -3.12897 -4.07087e-10 29.5 -0.00870618 10
281.775 250.216 2.6893 -3.12897 -1.11377e-10 30 -0.00870618 10
