170.938 150.211 3.03733 -1.52827 -8.88489e-06 0 -0.00691684 0
170.96 149.711 3.02877 -1.52784 9.03701e-06 0.500157 -0.0725643 0.164874
170.981 149.211 3.01646 -1.52738 -6.36202e-06 1.00031 -0.0765176 0.330339
171.003 148.711 3.00344 -1.52698 -2.29823e-05 1.50046 -0.08061 0.496478
171.025 148.212 2.98962 -1.52665 -3.94723e-05 2.00061 -0.0848715 0.66341
171.047 147.712 2.97504 -1.52639 -5.39973e-05 2.50076 -0.0892881 0.831107
171.069 147.213 2.95965 -1.5262 -6.42807e-05 3.0009 -0.0938542 0.999619
171.091 146.713 2.94333 -1.52606 -6.77107e-05 3.50105 -0.0985641 1.1691
171.114 146.213 2.92613 -1.52598 -6.15222e-05 4.00121 -0.10337 1.33953
171.136 145.714 2.90803 -1.52595 -4.3057e-05 4.50138 -0.108228 1.51096
171.158 145.214 2.88894 -1.52596 -1.00979e-05 5.00157 -0.113077 1.68354
171.181 144.714 2.86887 -1.526 3.87368e-05 5.50179 -0.117834 1.85731
171.203 144.214 2.84785 -1.52606 0.000103562 6.00206 -0.122416 2.03231
171.226 143.715 2.82591 -1.52614 0.000182791 6.50237 -0.126727 2.20864
171.248 143.215 2.80303 -1.52623 0.000272743 7.00273 -0.130645 2.38642
171.27 142.715 2.77929 -1.52632 0.000367335 7.50315 -0.134065 2.56573
171.293 142.215 2.75478 -1.52642 0.000457926 8.00361 -0.136907 2.7466
171.315 141.715 2.7296 -1.52654 0.000533345 8.50412 -0.139091 2.92911
171.337 141.215 2.70384 -1.52668 0.000580172 9.00465 -0.140569 3.11332
171.359 140.715 2.67761 -1.52688 0.000583289 9.50518 -0.141438 3.29931
171.381 140.215 2.65099 -1.52715 0.000526741 10.0057 -0.141907 3.48719
171.403 139.715 2.62404 -1.52754 0.000394884 10.5061 -0.142237 3.67694
171.424 139.215 2.59673 -1.52809 0.000173832 11.0064 -0.142691 3.86861
171.446 138.715 2.56903 -1.52885 -0.000146873 11.5065 -0.14355 4.06224
171.467 138.216 2.5408 -1.52987 -0.000572421 12.0064 -0.145107 4.25791
171.487 137.717 2.51186 -1.5312 -0.00110083 12.506 -0.147643 4.45567
171.507 137.218 2.48198 -1.53289 -0.00172112 13.0053 -0.151414 4.65563
171.526 136.719 2.45084 -1.53496 -0.00241165 13.5043 -0.156616 4.85791
171.544 136.221 2.4181 -1.53743 -0.00313896 14.0028 -0.163353 5.06269
171.56 135.723 2.38336 -1.54027 -0.00385722 14.501 -0.171595 5.27019
171.576 135.225 2.34626 -1.54346 -0.00450854 14.9989 -0.181131 5.48068
171.589 134.728 2.30644 -1.54689 -0.00502423 15.4965 -0.191521 5.69451
171.601 134.231 2.26357 -1.55045 -0.00532705 15.9939 -0.202024 5.9122
171.611 133.733 2.21759 -1.554 -0.00533446 16.4913 -0.211647 6.13423
171.619 133.236 2.16859 -1.55735 -0.0049628 16.9888 -0.220096 6.36108
171.626 132.738 2.1166 -1.56025 -0.00413229 17.4867 -0.227497 6.59335
171.631 132.24 2.06148 -1.56246 -0.00277227 17.9852 -0.233914 6.83205
171.636 131.74 2.00332 -1.56368 -0.000826252 18.4846 -0.239411 7.07772
171.639 131.24 1.94197 -1.56359 0.00174379 18.9851 -0.243893 7.33147
171.643 130.738 1.87742 -1.56186 0.00495427 19.4871 -0.247309 7.59424
171.647 130.234 1.80946 -1.55818 0.0087982 19.9909 -0.249497 7.86762
171.654 129.728 1.73815 -1.5522 0.0132447 20.4968 -0.250341 8.15282
171.663 129.22 1.66342 -1.54365 0.0182395 21.005 -0.249625 8.45162
171.677 128.709 1.58526 -1.53223 0.023707 21.5157 -0.247198 8.76606
171.697 128.196 1.50375 -1.51773 0.0295516 22.0293 -0.242978 9.09843
171.724 127.68 1.41887 -1.49997 0.0356613 22.5458 -0.236879 9.45212
171.761 127.162 1.33077 -1.47883 0.0419105 23.0654 -0.229111 9.83009
171.809 126.642 1.2394 -1.45425 0.048165 23.5881 -0.219984 10.2369
171.87 126.119 1.14453 -1.42627 0.0542872 24.1139 -0.210097 10.6781
171.946 125.596 1.04545 -1.39498 0.0601441 24.6427 -0.200283 11.1613
172.039 125.073 0.940662 -1.36056 0.0656155 25.1744 -0.191464 11.6967
172.151 124.55 0.827245 -1.32325 0.0706037 25.7087 -0.183951 12.3015
172.282 124.03 0.700879 -1.28332 0.0750423 26.2455 -0.17493 13.0045
172.435 123.513 0.560425 -1.2411 0.0789034 26.7843 -0.147565 13.8618
172.61 123.001 0.453974 -1.1969 0.0822003 27.325 -0.0263233 14.9517
172.808 122.497 0.452695 -1.15102 0.0849871 27.8672 -0.021746 15
173.03 122 0.452695 -1.10379 0.0873519 28.4107 -0.021746 15
173.272 121.52 0.452695 -1.05583 0.0894062 28.9487 -0.021746 15
173.536 121.052 0.452695 -1.00691 0.0912708 29.4859 -0.021746 15
173.824 120.598 0.452695 -0.957021 0.0930598 30.0231 -0.021746 15
174.133 120.16 0.452695 -0.957021 0.0948636 30.5599 -0.021746 15
