340.27 250.956 3.0156 -3.12899 9.68644e-20 0 -0.00172641 0
339.77 250.95 3.01566 -3.12897 6.34324e-10 0.5 0.00102149 0.165803
339.27 250.944 3.01584 -3.12895 1.03476e-09 1 0.000759036 0.331598
338.77 250.938 3.01597 -3.12894 7.42683e-10 1.5 0.000485851 0.497385
338.27 250.931 3.01605 -3.12894 1.59698e-10 2 0.000194027 0.663166
337.77 250.925 3.01608 -3.12895 -4.18082e-10 2.5 -0.000120736 0.828944
337.27 250.919 3.01606 -3.12896 -7.87697e-10 3 -0.000464606 0.994722
336.77 250.912 3.01597 -3.12897 -8.3263e-10 3.5 -0.000847346 1.1605
336.27 250.906 3.01582 -3.12899 -5.02807e-10 4 -0.00127141 1.32629
335.77 250.9 3.01559 -3.12901 1.87998e-10 4.5 -0.00174392 1.49209
335.27 250.893 3.01527 -3.12903 1.1777e-09 5 -0.00227531 1.6579
334.77 250.887 3.01487 -3.12905 2.3664e-09 5.5 -0.0028664 1.82373
334.27 250.881 3.01436 -3.12908 3.6274e-09 6 -0.00352544 1.98959
333.77 250.875 3.01373 -3.1291 4.81866e-09 6.5 -0.00426262 2.15548
333.27 250.868 3.01297 -3.12913 5.79395e-09 7 -0.00507729 2.32141
332.77 250.862 3.01207 -3.12915 6.4141e-09 7.5 -0.00597885 2.48738
332.27 250.856 3.01101 -3.12917 6.5582e-09 8 -0.00697631 2.65341
331.771 250.85 3.00978 -3.12918 6.13497e-09 8.5 -0.00806768 2.81949
331.271 250.843 3.00835 -3.1292 5.09388e-09 9 -0.00926307 2.98566
330.771 250.837 3.00671 -3.12921 3.43648e-09 9.5 -0.0105696 3.15191
330.271 250.831 3.00485 -3.12921 1.22753e-09 10 -0.0119839 3.31825
329.771 250.825 3.00275 -3.1292 -1.39345e-09 10.5 -0.0135158 3.4847
329.271 250.819 3.00036 -3.12919 -4.20125e-09 11 -0.0151703 3.65128
328.771 250.812 2.9977 -3.12918 -6.87297e-09 11.5 -0.0169417 3.818
328.271 250.806 2.99473 -3.12915 -8.97603e-09 12 -0.0188388 3.98487
327.771 250.8 2.99142 -3.12912 -9.95428e-09 12.5 -0.0208635 4.15193
327.271 250.794 2.98776 -3.12907 -9.12272e-09 13 -0.0230079 4.31917
326.771 250.788 2.98373 -3.12902 -5.71841e-09 13.5 -0.0252766 4.48663
326.271 250.781 2.97929 -3.12895 8.77902e-10 14 -0.0276693 4.65433
325.771 250.775 2.97445 -3.12888 1.06522e-08 14.5 -0.0301739 4.82229
325.271 250.769 2.96917 -3.12881 2.24006e-08 15 -0.0327888 4.99053
324.771 250.762 2.9634 -3.12873 3.37216e-08 15.5 -0.0355107 5.1591
324.271 250.756 2.95718 -3.12866 4.19578e-08 16 -0.0383217 5.32799
323.771 250.749 2.95047 -3.1286 4.54866e-08 16.5 -0.0412121 5.49725
323.271 250.743 2.94321 -3.12855 4.4247e-08 17 -0.0441721 5.66693
322.771 250.736 2.93545 -3.12851 3.92493e-08 17.5 -0.0471776 5.83704
322.271 250.73 2.92716 -3.12847 3.17854e-08 18 -0.0502096 6.0076
321.771 250.723 2.91831 -3.12845 2.29717e-08 18.5 -0.0532439 6.17867
321.271 250.717 2.90891 -3.12844 1.366e-08 19 -0.0562501 6.35029
320.771 250.71 2.89898 -3.12844 4.49093e-09 19.5 -0.0591976 6.52246
320.271 250.703 2.88852 -3.12844 -4.052e-09 20 -0.0620493 6.69523
319.772 250.697 2.87751 -3.12845 -1.16121e-08 20.5 -0.0647513 6.86867
319.272 250.69 2.86601 -3.12847 -1.79433e-08 21 -0.0672642 7.04278
318.772 250.684 2.85406 -3.12849 -2.28978e-08 21.5 -0.0695353 7.21759
318.272 250.677 2.84168 -3.12851 -2.64145e-08 22 -0.071497 7.39315
317.772 250.671 2.82893 -3.12855 -2.85081e-08 22.5 -0.073062 7.56951
317.272 250.664 2.81588 -3.12858 -2.92576e-08 23 -0.0741717 7.74667
316.772 250.658 2.80262 -3.12862 -2.8795e-08 23.5 -0.0747419 7.92465
316.272 250.651 2.78926 -3.12865 -2.72945e-08 24 -0.0746788 8.10346
315.772 250.645 2.77591 -3.12869 -2.49608e-08 24.5 -0.0738331 8.28316
315.272 250.638 2.76273 -3.12873 -2.20181e-08 25 -0.0721149 8.46372
314.772 250.632 2.74988 -3.12877 -1.8699e-08 25.5 -0.0694072 8.64513
314.272 250.625 2.73757 -3.12881 -1.52334e-08 26 -0.0655742 8.82736
313.772 250.619 2.726 -3.12884 -1.18368e-08 26.5 -0.0604702 9.01039
313.272 250.613 2.71547 -3.12887 -8.69967e-09 27 -0.0539118 9.19416
312.772 250.606 2.70629 -3.1289 -5.97611e-09 27.5 -0.0457057 9.37862
312.272 250.6 2.69875 -3.12893 -3.77247e-09 28 -0.0357254 9.56365
311.772 250.594 2.69322 -3.12895 -2.13649e-09 28.5 -0.0237964 9.74913
311.272 250.587 2.68999 -3.12896 -1.0458e-09 29 -0.0112603 9.9349
310.772 250.581 2.6893 -3.12897 -3.96875e-10 29.5 -0.00870617 10
310.272 250.575 2.6893 -3.12897 -1.07924e-10 30 -0.00870617 10
