246.111 116.636 3.01894 0.0167682 -0.000345766 0 -0.00221136 0
246.596 116.644 3.019 0.0165621 -0.000329294 0.484691 0.00109106 0.160549
247.081 116.652 3.01915 0.0163535 -0.00030658 0.970163 0.000321022 0.321349
247.568 116.66 3.01917 0.0161537 -0.000278822 1.45668 -0.00040299 0.482491
248.056 116.668 3.01908 0.0159655 -0.000247336 1.94444 -0.00107655 0.644046
248.545 116.676 3.01888 0.0157909 -0.000213518 2.4336 -0.00170352 0.806071
249.035 116.684 3.01858 0.0156315 -0.00017875 2.92424 -0.00228112 0.968605
249.527 116.691 3.01819 0.0154879 -0.000144318 3.41643 -0.00282033 1.13167
250.021 116.699 3.01772 0.0153603 -0.000111353 3.91014 -0.00332921 1.29526
250.516 116.707 3.01715 0.0152485 -8.07902e-05 4.40532 -0.00381746 1.45936
251.013 116.714 3.0165 0.0151515 -5.33457e-05 4.90187 -0.00430071 1.62396
251.51 116.722 3.01578 0.0150684 -2.95158e-05 5.39966 -0.00479235 1.78899
252.009 116.729 3.01496 0.0149979 -9.58362e-06 5.89853 -0.00531016 1.95444
252.509 116.737 3.01405 0.0149387 6.36287e-06 6.39829 -0.00586761 2.12022
253.009 116.744 3.01305 0.0148897 1.84077e-05 6.89876 -0.00648182 2.28629
253.51 116.752 3.01193 0.0148495 2.67797e-05 7.39977 -0.00717082 2.4526
254.012 116.759 3.01069 0.0148173 3.18242e-05 7.90114 -0.00794306 2.61909
254.513 116.767 3.00931 0.0147923 3.3973e-05 8.40271 -0.00881544 2.78573
255.015 116.774 3.00777 0.014774 3.37153e-05 8.90436 -0.00980209 2.95247
255.516 116.781 3.00607 0.0147623 3.15684e-05 9.40596 -0.0109047 3.11928
256.018 116.789 3.00416 0.0147571 2.80507e-05 9.90744 -0.0121369 3.28615
256.519 116.796 3.00203 0.0147589 2.36568e-05 10.4087 -0.0135078 3.45308
257.02 116.804 2.99966 0.0147682 1.88357e-05 10.9098 -0.0150124 3.62005
257.521 116.811 2.99704 0.0147858 1.39743e-05 11.4106 -0.0166595 3.78709
258.021 116.818 2.99411 0.0148126 9.38559e-06 11.9112 -0.0184539 3.95421
258.522 116.826 2.99087 0.0148494 5.30264e-06 12.4116 -0.020385 4.12142
259.022 116.833 2.98731 0.0148972 1.87854e-06 12.9118 -0.0224567 4.28876
259.522 116.841 2.98336 0.0149565 -8.08601e-07 13.4119 -0.0246704 4.45626
260.022 116.848 2.97904 0.0150266 -2.7465e-06 13.9118 -0.0270112 4.62395
260.521 116.856 2.97431 0.0151057 -3.97704e-06 14.4117 -0.0294775 4.79187
261.021 116.863 2.96913 0.0151902 -4.5833e-06 14.9115 -0.0320679 4.96006
261.521 116.871 2.96351 0.0152755 -4.6758e-06 15.4113 -0.0347635 5.12854
262.021 116.879 2.95743 0.0153567 -4.37835e-06 15.911 -0.0375559 5.29734
262.52 116.886 2.95082 0.0154303 -3.81479e-06 16.4108 -0.0404393 5.46654
263.02 116.894 2.94372 0.0154941 -3.09863e-06 16.9107 -0.0433902 5.63612
263.52 116.902 2.93611 0.0155474 -2.32661e-06 17.4105 -0.0463926 5.80613
264.02 116.909 2.92794 0.0155901 -1.57545e-06 17.9104 -0.0494286 5.97664
264.52 116.917 2.91922 0.0156229 -9.00963e-07 18.4104 -0.0524709 6.14764
265.019 116.925 2.90997 0.0156462 -3.38667e-07 18.9103 -0.0554931 6.31917
265.519 116.933 2.90018 0.0156609 9.41514e-08 19.4103 -0.0584633 6.49126
266.019 116.941 2.88982 0.0156675 3.95468e-07 19.9103 -0.0613389 6.66399
266.519 116.949 2.87895 0.0156669 5.74948e-07 20.4103 -0.0640835 6.83734
267.019 116.956 2.86758 0.0156596 6.50239e-07 20.9104 -0.0666519 7.01136
267.519 116.964 2.85573 0.0156464 6.43459e-07 21.4104 -0.0689794 7.18609
268.019 116.972 2.84344 0.0156279 5.78129e-07 21.9104 -0.0710022 7.36158
268.519 116.98 2.83078 0.015605 4.76749e-07 22.4105 -0.0726627 7.53782
269.019 116.988 2.81781 0.0155784 3.59031e-07 22.9105 -0.0738869 7.71485
269.519 116.995 2.8046 0.0155487 2.4083e-07 23.4105 -0.0745777 7.8927
270.019 117.003 2.79126 0.0155169 1.33694e-07 23.9105 -0.07462 8.07143
270.519 117.011 2.77792 0.0154835 4.49203e-08 24.4105 -0.0739359 8.251
271.019 117.019 2.76471 0.0154495 -2.20068e-08 24.9105 -0.0724126 8.43142
271.519 117.026 2.75179 0.0154154 -6.67249e-08 25.4105 -0.069927 8.61268
272.019 117.034 2.73936 0.0153822 -9.1192e-08 25.9105 -0.0663254 8.79478
272.519 117.042 2.72768 0.0153505 -9.88512e-08 26.4105 -0.0614277 8.97772
273.019 117.05 2.71697 0.0153212 -9.38981e-08 26.9105 -0.0551219 9.16139
273.519 117.057 2.70752 0.0152949 -8.06366e-08 27.4105 -0.0472452 9.34575
274.019 117.065 2.69964 0.0152724 -6.30101e-08 27.9105 -0.0376278 9.5307
274.518 117.072 2.69369 0.0152545 -4.42962e-08 28.4105 -0.0260955 9.71612
275.018 117.08 2.69004 0.0152418 -2.69277e-08 28.9105 -0.0125539 9.90187
275.518 117.088 2.68899 0.0152349 -1.24543e-08 29.4105 -0.00870495 10
276.018 117.095 2.68899 0.0152349 -1.2919e-09 29.9105 -0.00870495 10
