192.284 248.753 2.67335 -3.1054 -0.000396478 0 -0.169248 0
191.785 248.735 2.62068 -3.10664 -0.000924803 0.499674 -0.3142 0.188663
191.286 248.717 2.56153 -3.1083 -0.00150403 0.999025 -0.29993 0.381428
190.787 248.701 2.50371 -3.11028 -0.00215987 1.49801 -0.287279 0.578479
190.289 248.685 2.44695 -3.11259 -0.00286405 1.99662 -0.276468 0.779918
189.791 248.671 2.39094 -3.11523 -0.00357669 2.49483 -0.267605 0.985873
189.293 248.658 2.33532 -3.11819 -0.00424615 2.99269 -0.260642 1.19651
188.796 248.646 2.27971 -3.1214 -0.00480953 3.49023 -0.255342 1.41218
188.298 248.636 2.22379 -3.12478 -0.00519411 3.98756 -0.251106 1.63311
187.801 248.627 2.16738 -3.12821 -0.00531972 4.48479 -0.246994 1.8596
187.304 248.621 2.11053 -3.1315 -0.00510214 4.98211 -0.241756 2.09202
186.806 248.616 2.05357 -3.13445 -0.00445731 5.47972 -0.234677 2.33112
186.308 248.612 1.9969 -3.13681 -0.00330633 5.97788 -0.225805 2.5771
185.809 248.61 1.94102 -3.13829 -0.00158071 6.47687 -0.214987 2.83057
185.309 248.608 1.88646 -3.13856 0.000772334 6.977 -0.202147 3.09188
184.807 248.607 1.83383 -3.13729 0.00378525 7.47861 -0.188351 3.36167
184.304 248.605 1.78327 -3.1341 0.00746637 7.98205 -0.175075 3.64008
183.8 248.601 1.73478 -3.12869 0.0117974 8.48638 -0.16344 3.92681
183.294 248.594 1.6879 -3.12074 0.0167324 8.99208 -0.154057 4.22235
182.786 248.584 1.64223 -3.10994 0.0221979 9.50002 -0.145437 4.52745
182.276 248.567 1.59773 -3.09604 0.0280946 10.0104 -0.137067 4.84255
181.764 248.544 1.5545 -3.07884 0.0343001 10.5233 -0.128533 5.16802
181.249 248.512 1.51279 -3.05823 0.0406735 11.0389 -0.119424 5.50418
180.733 248.469 1.47306 -3.03416 0.0470615 11.5571 -0.109412 5.85149
180.215 248.413 1.43581 -3.00667 0.0533056 12.0781 -0.0983365 6.2097
179.696 248.342 1.40175 -2.9759 0.0592521 12.6017 -0.0861494 6.57886
179.177 248.256 1.37154 -2.94204 0.0647633 13.1278 -0.0730397 6.95838
178.659 248.151 1.34578 -2.90539 0.0697284 13.6562 -0.059404 7.34742
178.143 248.027 1.3249 -2.86625 0.0740746 14.1867 -0.0458192 7.74486
177.631 247.882 1.309 -2.82499 0.0777744 14.7191 -0.0330315 8.14927
177.123 247.716 1.29781 -2.78194 0.0808497 15.2531 -0.0218722 8.5591
176.622 247.527 1.29066 -2.73744 0.0833703 15.7885 -0.0131308 8.97284
176.129 247.316 1.28647 -2.69174 0.0854464 16.3249 -0.00748853 9.38917
175.645 247.083 1.2839 -2.64503 0.0872178 16.862 -0.00539258 9.80714
175.173 246.827 1.28142 -2.59121 0.0888379 17.3996 -0.00698631 10.2263
174.602 246.477 1.27622 -2.53652 0.0913017 18.0687 -0.0136275 10.7494
174.151 246.164 1.26873 -2.48576 0.0931463 18.6182 -0.0213167 11.1811
173.714 245.828 1.25751 -2.43377 0.0952267 19.1688 -0.0302633 11.6168
173.295 245.47 1.24213 -2.38038 0.0975356 19.7206 -0.0392649 12.0582
172.894 245.088 1.22275 -2.32548 0.0999867 20.2738 -0.0468098 12.507
172.514 244.684 1.2001 -2.26905 0.102409 20.8285 -0.0515104 12.9649
172.157 244.258 1.1756 -2.21125 0.104556 21.3847 -0.052521 13.433
171.826 243.813 1.1511 -2.15287 0.106118 21.9391 -0.0497071 13.9097
171.53 243.364 1.12889 -2.0955 0.106768 22.4768 -0.0442157 14.3814
171.26 242.898 1.10909 -2.03824 0.106197 23.0155 -0.0381861 14.863
171.017 242.416 1.09143 -1.98183 0.104171 23.5558 -0.0342383 15.3541
170.8 241.919 1.0748 -1.92705 0.100573 24.098 -0.0321577 15.8547
170.61 241.408 1.0585 -1.87438 0.0956107 24.643 -0.0324741 16.3657
170.446 240.883 1.03985 -1.82367 0.0908858 25.1928 -0.0401007 16.8895
170.306 240.343 1.01404 -1.77587 0.0837272 25.7504 -0.0556932 17.4321
170.19 239.786 0.977932 -1.73234 0.0742077 26.3194 -0.0715493 18.0029
170.098 239.219 0.93643 -1.69529 0.0634424 26.8944 -0.055712 18.6041
170.032 238.693 0.922412 -1.67092 0.0524307 27.4244 -0.0162987 19
169.991 238.288 0.922412 -1.64512 0.047083 27.8312 -0.0162987 19
169.944 237.654 0.922412 -1.62496 0.0315298 28.4672 -0.0162987 19
169.916 237.139 0.922412 -1.61217 0.0321047 28.9825 -0.0162987 19
169.899 236.728 0.922412 -1.59619 0.0319318 29.3938 -0.0162987 19
169.884 236.152 0.922412 -1.57949 0.0305852 29.9703 -0.0162987 19
169.88 235.599 0.922412 -1.5649 0.0278752 30.5236 -0.0162987 19
169.883 235.084 0.922412 -1.55295 0.0239033 31.0384 -0.0162987 19
169.892 234.574 0.922412 -1.55295 0.0189526 31.5484 -0.0162987 19
