169.909 236.825 1.31565 -1.59188 0.031946 0 -0.0162071 0
169.901 236.435 1.31045 -1.57811 0.0315017 0.389984 -0.00541004 0.297093
169.897 235.871 1.3174 -1.5597 0.0295192 0.954052 0.0365541 0.726871
169.903 235.328 1.33951 -1.54355 0.026211 1.4969 0.0703332 1.13585
169.917 234.803 1.37169 -1.5301 0.0217545 2.02266 0.0940991 1.52393
169.938 234.29 1.40913 -1.51956 0.016614 2.53564 0.10747 1.89302
169.964 233.787 1.44802 -1.51172 0.0116912 3.03962 0.11172 2.24576
169.993 233.291 1.48552 -1.50634 0.00710642 3.53634 0.108587 2.58444
170.025 232.801 1.51964 -1.50313 0.00301301 4.02724 0.0994767 2.9111
170.058 232.316 1.54911 -1.50179 -0.000442012 4.51379 0.0859533 3.2281
170.091 231.833 1.57325 -1.50194 -0.00316791 4.99743 0.0695777 3.53779
170.124 231.352 1.59175 -1.50323 -0.00513618 5.47951 0.0516927 3.84234
170.157 230.872 1.6046 -1.50532 -0.00637654 5.96122 0.0334812 4.14366
170.189 230.39 1.61201 -1.51516 -0.00696547 6.44357 0.015976 4.44349
170.223 229.774 1.61426 -1.51234 -0.0068638 7.0605 -0.00390558 4.82579
170.252 229.278 1.61095 -1.51497 -0.0063233 7.55807 -0.017221 5.13428
170.28 228.781 1.60391 -1.51735 -0.00554319 8.05599 -0.0277749 5.44398
170.306 228.283 1.59399 -1.51942 -0.00462937 8.5543 -0.0354915 5.75559
170.332 227.785 1.58201 -1.52114 -0.0036699 9.05303 -0.0404467 6.06962
170.357 227.286 1.56876 -1.52252 -0.00273362 9.55215 -0.0428433 6.38642
170.381 226.788 1.55499 -1.52359 -0.00187087 10.0516 -0.0429621 6.7062
170.404 226.288 1.54138 -1.52441 -0.0011154 10.5514 -0.0411505 7.02905
170.428 225.789 1.52848 -1.52503 -0.000486777 11.0514 -0.037828 7.35483
170.45 225.289 1.51675 -1.52553 7.25827e-06 11.5516 -0.0333816 7.68337
170.473 224.789 1.50655 -1.52597 0.000368413 12.052 -0.028178 8.01438
170.496 224.289 1.4981 -1.5264 0.00060576 12.5524 -0.0225618 8.34753
170.518 223.789 1.4915 -1.52689 0.000733811 13.0529 -0.01682 8.68236
170.54 223.289 1.4868 -1.52748 0.000770758 13.5533 -0.0111773 9.01847
170.561 222.789 1.48395 -1.52819 0.000736813 14.0538 -0.00579695 9.35542
170.583 222.29 1.48284 -1.52901 0.000652578 14.5542 -0.000767251 9.69279
170.604 221.79 1.48338 -1.52995 0.000537461 15.0545 0.00386354 10.0302
170.624 221.29 1.48541 -1.53098 0.000408367 15.5548 0.00811279 10.3673
170.644 220.79 1.48879 -1.53206 0.000278939 16.0551 0.0120255 10.7037
170.663 220.29 1.49345 -1.53318 0.000159403 16.5553 0.01566 11.0391
170.682 219.79 1.49926 -1.53432 5.67477e-05 17.0554 0.0190969 11.3734
170.7 219.29 1.50616 -1.53546 -2.50012e-05 17.5555 0.0224022 11.7062
170.718 218.791 1.51413 -1.53659 -8.44361e-05 18.0556 0.0256301 12.0374
170.735 218.291 1.52309 -1.53771 -0.000122319 18.5557 0.0288144 12.3667
170.752 217.791 1.53303 -1.53879 -0.00014103 19.0557 0.0319577 12.694
170.768 217.291 1.54392 -1.53983 -0.000143972 19.5557 0.0350289 13.019
170.783 216.792 1.5557 -1.54082 -0.000135031 20.0558 0.0379625 13.3416
170.798 216.292 1.5683 -1.54176 -0.000118107 20.5558 0.0406569 13.6618
170.813 215.792 1.58158 -1.54265 -9.67739e-05 21.0558 0.0429751 13.9793
170.827 215.292 1.5954 -1.54348 -7.40432e-05 21.5558 0.0447455 14.2941
170.84 214.792 1.60954 -1.54426 -5.2244e-05 22.0558 0.0457576 14.6061
170.854 214.293 1.62372 -1.54499 -3.29919e-05 22.5559 0.0457751 14.9154
170.867 213.793 1.6376 -1.54566 -1.72316e-05 23.0559 0.0445403 15.222
170.879 213.293 1.65076 -1.54628 -5.32888e-06 23.5559 0.0417646 15.5261
170.891 212.793 1.66272 -1.54684 2.80711e-06 24.0559 0.037134 15.8279
170.903 212.293 1.67288 -1.54736 7.59163e-06 24.5559 0.0303287 16.1277
170.915 211.793 1.68064 -1.54784 9.6363e-06 25.0559 0.0214739 16.4259
170.927 211.293 1.68553 -1.54826 9.6364e-06 25.556 0.0112167 16.7229
170.938 210.793 1.68723 -1.54864 8.28039e-06 26.056 0.000204148 17.0193
170.949 210.294 1.68566 -1.54897 6.18465e-06 26.556 -0.0107161 17.3158
170.96 209.794 1.68105 -1.54926 3.85327e-06 27.056 -0.0199869 17.6128
170.971 209.294 1.67413 -1.5495 1.66015e-06 27.556 -0.0258438 17.9108
170.981 208.794 1.66616 -1.54969 -1.5054e-07 28.056 -0.0265758 18.2102
170.992 208.294 1.65878 -1.54984 -1.45078e-06 28.556 -0.0216978 18.511
171.002 207.794 1.65365 -1.54994 -2.20675e-06 29.056 -0.0114846 18.8129
171.013 207.294 1.65215 -1.54999 -2.45333e-06 29.556 -0.00531115 19
171.023 206.794 1.65215 -1.54999 -2.4051e-06 30.056 -0.00531115 19
