171.583 133.235 2.22031 -1.55664 -0.00493893 0 -0.28538 0
171.59 132.738 2.1661 -1.55799 -0.0040884 0.49782 -0.227511 0.227167
171.596 132.239 2.11372 -1.55861 -0.00273877 0.996281 -0.225282 0.460113
171.602 131.74 2.06049 -1.55836 -0.000806821 1.49566 -0.222312 0.699247
171.609 131.239 2.00645 -1.55693 0.00174569 1.99626 -0.218571 0.945545
171.616 130.737 1.95175 -1.554 0.00493573 2.49838 -0.214108 1.19911
171.624 130.233 1.89651 -1.54922 0.0087572 3.00232 -0.208766 1.46113
171.635 129.727 1.84094 -1.54228 0.0131805 3.50835 -0.202471 1.73191
171.649 129.219 1.78528 -1.53289 0.0181531 4.01673 -0.195099 2.01224
171.669 128.709 1.72986 -1.52076 0.0236014 4.52768 -0.186502 2.30292
171.695 128.196 1.67511 -1.50567 0.0294324 5.04137 -0.176559 2.60467
171.728 127.68 1.62157 -1.48743 0.0355364 5.55792 -0.165214 2.91813
171.771 127.162 1.56987 -1.46593 0.0417907 6.0774 -0.152454 3.24377
171.826 126.643 1.52069 -1.44111 0.0480629 6.59981 -0.138366 3.58185
171.894 126.122 1.47483 -1.41299 0.0542173 7.12508 -0.123121 3.93266
171.977 125.601 1.433 -1.38168 0.0601211 7.65307 -0.107022 4.29584
172.077 125.08 1.39599 -1.34733 0.0656535 8.1836 -0.0904667 4.67107
172.195 124.56 1.36427 -1.31018 0.0707149 8.71641 -0.0739822 5.05727
172.333 124.043 1.33814 -1.27053 0.0752361 9.25123 -0.0581546 5.45322
172.491 123.531 1.31763 -1.22868 0.0791853 9.78776 -0.0436288 5.85739
172.672 123.024 1.30235 -1.18496 0.0825725 10.3257 -0.031051 6.26814
172.875 122.525 1.29161 -1.13965 0.0854487 10.8647 -0.0209883 6.68385
173.1 122.034 1.28439 -1.09295 0.0878997 11.4047 -0.0138749 7.10313
173.346 121.56 1.27953 -1.04581 0.0900363 11.9382 -0.00998694 7.51931
173.613 121.099 1.27564 -0.997767 0.0919796 12.4711 -0.00909101 7.93647
173.901 120.652 1.27156 -0.948865 0.0938449 13.0036 -0.0107686 8.35452
174.211 120.219 1.26635 -0.899112 0.095724 13.5353 -0.0143199 8.77354
174.542 119.804 1.25941 -0.848479 0.0976697 14.0663 -0.0187547 9.1939
174.892 119.406 1.25058 -0.796924 0.0996819 14.5963 -0.022857 9.61617
175.262 119.028 1.24027 -0.744419 0.101698 15.1253 -0.0253225 10.0409
175.65 118.67 1.2294 -0.690991 0.103592 15.6534 -0.0249582 10.4686
176.057 118.334 1.21938 -0.629522 0.105178 16.1807 -0.0208704 10.8992
176.589 117.946 1.2108 -0.567015 0.106482 16.84 -0.00978668 11.4421
177.05 117.652 1.20925 -0.509948 0.106317 17.3865 0.00351328 11.8939
177.527 117.386 1.21439 -0.453396 0.1051 17.9327 0.0195154 12.3448
178.017 117.147 1.22697 -0.398061 0.102733 18.478 0.0371226 12.7918
178.519 116.936 1.24732 -0.344642 0.0992214 19.022 0.0554114 13.2317
179.029 116.753 1.27541 -0.293764 0.0946799 19.564 0.0769804 13.6617
179.546 116.597 1.31401 -0.24547 0.0893215 20.1038 0.109134 14.079
180.069 116.466 1.36364 -0.197331 0.0882996 20.6429 0.13408 14.482
180.597 116.36 1.41727 -0.151353 0.0824759 21.1819 0.139814 14.8696
181.125 116.279 1.46656 -0.119729 0.0679007 21.7163 0.121899 15.2401
181.538 116.23 1.4961 -0.0841134 0.0583635 22.1315 0.0863355 15.5202
182.168 116.177 1.5224 -0.0648984 0.0394673 22.7645 0.0450655 15.9392
182.57 116.15 1.53288 -0.0496898 0.023255 23.1672 0.0359349 16.2028
183.187 116.12 1.54753 -0.0368546 0.0289359 23.7846 0.0393565 16.6037
183.699 116.101 1.56187 -0.0271188 0.0322058 24.2966 0.047728 16.9331
184.108 116.09 1.57504 -0.00990693 0.0324259 24.7066 0.052731 17.1945
184.64 116.084 1.59328 0.00409921 0.02925 25.2387 0.0551835 17.5304
185.154 116.087 1.6108 0.0151892 0.0230655 25.7518 0.0537141 17.8507
185.658 116.094 1.62689 0.0233355 0.0173586 26.2567 0.0490218 18.1626
186.157 116.106 1.64082 0.0288112 0.0120089 26.7553 0.0418986 18.4677
186.65 116.12 1.65206 0.0319306 0.00716912 27.2487 0.0328537 18.7673
187.139 116.136 1.66022 0.0356414 0.00295637 27.7379 0.022384 19.0626
187.75 116.158 1.66623 0.0325433 -0.0020174 28.3494 0.0107009 19.4303
188.249 116.174 1.66833 0.0303961 -0.00439355 28.8481 0.00376201 19.7293
188.746 116.189 1.66884 0.0273762 -0.00603559 29.3458 0.000570341 20
189.243 116.202 1.66884 0.0238448 -0.00700098 29.8429 0.000570341 20
189.74 116.214 1.66884 0.0201183 -0.00737531 30.3397 0.000570341 20
190.236 116.224 1.66884 0.0164558 -0.00726223 30.8364 0.000570341 20
190.733 116.232 1.66884 0.0164558 -0.00677283 31.3333 0.000570341 20
