171.632 129.728 1.97981 -1.54268 0.0131721 0 -0.105384 0
171.647 129.22 1.95464 -1.53214 0.0182033 0.508399 -0.107854 0.258469
171.666 128.709 1.92228 -1.51862 0.0236397 1.01938 -0.136864 0.521963
171.693 128.196 1.88232 -1.50217 0.0294578 1.53312 -0.158336 0.791915
171.728 127.681 1.83618 -1.48262 0.0355501 2.0497 -0.172424 1.06977
171.774 127.163 1.78553 -1.45985 0.0417961 2.56919 -0.179661 1.35663
171.832 126.644 1.73192 -1.4338 0.0480664 3.09153 -0.180496 1.65363
171.904 126.124 1.67695 -1.40449 0.0542275 3.61663 -0.175555 1.96173
171.991 125.604 1.62226 -1.37201 0.0601492 4.14431 -0.16566 2.28162
172.096 125.084 1.56946 -1.33654 0.0657122 4.67432 -0.151769 2.6138
172.219 124.567 1.52003 -1.2983 0.0708178 5.20638 -0.135044 2.9584
172.363 124.053 1.47511 -1.25758 0.0753964 5.74016 -0.116767 3.3149
172.528 123.543 1.4356 -1.21468 0.0794152 6.27529 -0.0982239 3.68275
172.715 123.041 1.40186 -1.16994 0.0828826 6.81144 -0.0806645 4.06084
172.924 122.547 1.37374 -1.12363 0.0858473 7.34828 -0.0651647 4.44781
173.157 122.062 1.35062 -1.07576 0.0883938 7.88556 -0.0525712 4.84235
173.409 121.595 1.33171 -1.02752 0.0906319 8.41662 -0.0434733 5.23841
173.682 121.142 1.31556 -0.978515 0.0926829 8.94585 -0.037819 5.6383
173.977 120.704 1.3009 -0.92867 0.0946635 9.47399 -0.0352622 6.04203
174.293 120.282 1.28663 -0.878003 0.0966681 10.0008 -0.0351291 6.44923
174.628 119.878 1.27197 -0.826498 0.0987526 10.5261 -0.0364026 6.85982
174.983 119.492 1.25658 -0.774134 0.100919 11.0497 -0.0378118 7.27393
175.356 119.128 1.24069 -0.720916 0.103108 11.5715 -0.0379645 7.6918
175.747 118.784 1.22509 -0.666906 0.10519 12.0914 -0.0355095 8.11358
176.154 118.464 1.21115 -0.609926 0.106975 12.6097 -0.0294036 8.5391
176.686 118.092 1.19867 -0.542989 0.108501 13.2583 -0.0158743 9.07772
177.144 117.815 1.19491 -0.485775 0.108505 13.7943 -0.000445187 9.52576
177.617 117.566 1.1987 -0.429187 0.107415 14.3292 0.0177737 9.97298
178.103 117.344 1.21092 -0.373908 0.105118 14.8627 0.0376995 10.4161
178.598 117.149 1.23186 -0.320618 0.10161 15.3945 0.058465 10.8517
179.1 116.983 1.26169 -0.269921 0.0970039 15.9242 0.0841373 11.2769
179.609 116.842 1.30352 -0.22194 0.0915211 16.4517 0.119926 11.6886
180.122 116.726 1.35668 -0.174152 0.0904254 16.9782 0.145273 12.0846
180.64 116.635 1.4136 -0.128332 0.0846333 17.5039 0.15155 12.4642
181.158 116.568 1.46602 -0.0905525 0.0696061 18.0261 0.132951 12.8268
181.562 116.531 1.49806 -0.0652882 0.0597815 18.432 0.0992062 13.1006
182.185 116.491 1.53139 -0.0357773 0.0402516 19.0563 0.06822 13.5124
182.585 116.476 1.54852 -0.0309761 0.0240478 19.456 0.0655779 13.7719
183.197 116.457 1.57625 -0.0146424 0.0290652 20.0684 0.0779535 14.164
183.704 116.45 1.60356 0.000201284 0.0324836 20.5754 0.0935252 14.483
184.109 116.45 1.62841 0.0107989 0.0327801 20.9806 0.104228 14.7338
184.636 116.456 1.66353 0.0252357 0.0296816 21.5073 0.114734 15.0538
185.144 116.469 1.69958 0.0363195 0.0234266 22.0159 0.123645 15.3563
185.645 116.487 1.73684 0.0443817 0.0176149 22.5173 0.13147 15.6481
186.141 116.509 1.77484 0.0497265 0.0121961 23.0134 0.137143 15.9307
186.632 116.533 1.81278 0.0526682 0.00730651 23.5052 0.138862 16.2049
187.12 116.559 1.84934 0.0519559 0.00306003 23.9937 0.134443 16.4716
187.73 116.591 1.89124 0.0522043 -0.0019451 24.6045 0.120431 16.7983
188.228 116.617 1.92054 0.0497579 -0.00433409 25.1038 0.103248 17.0601
188.727 116.641 1.94451 0.0464295 -0.00598703 25.6027 0.0816201 17.3182
189.225 116.665 1.9623 0.0425813 -0.00696324 26.1013 0.0578434 17.5734
189.723 116.686 1.97402 0.0385311 -0.00734891 26.5998 0.0350169 17.8266
190.221 116.705 1.98032 0.0345419 -0.00724735 27.0982 0.0155366 18.0787
190.719 116.722 1.98233 0.0308173 -0.00676921 27.5968 0.00133081 18.3302
191.217 116.738 1.98158 0.0275016 -0.00602393 28.0955 -0.00631814 18.5818
191.716 116.751 1.97985 0.0246846 -0.00511301 28.5943 -0.00629037 18.8337
192.215 116.764 1.979 0.0224083 -0.00412545 29.0934 -0.00393679 19
192.714 116.775 1.979 0.0206757 -0.00313517 29.5927 -0.00393679 19
193.214 116.785 1.979 0.0194598 -0.00219999 30.0922 -0.00393679 19
193.713 116.795 1.979 0.0187096 -0.00136197 30.5919 -0.00393679 19
194.213 116.804 1.979 0.0187096 -0.000648497 31.0917 -0.00393679 19
