276.264 117.364 0.0139914 -0.0587788 4.57062e-09 0 -0.1173 0
276.765 117.334 0.967546 -0.0572976 -0.000261307 0.501375 0.82061 1.27545
277.265 117.305 1.2856 -0.0555288 -0.00025343 1.0027 0.621261 1.7177
277.766 117.278 1.48346 -0.0537705 -0.000245759 1.50395 0.47853 2.07857
278.266 117.251 1.61977 -0.0520218 -0.000238287 2.00515 0.367147 2.40118
278.767 117.225 1.71615 -0.0502822 -0.000231005 2.50629 0.277185 2.70122
279.267 117.199 1.78445 -0.0485509 -0.000223905 3.00736 0.203054 2.98714
279.768 117.175 1.83179 -0.0468272 -0.000216979 3.50838 0.141358 3.26397
280.268 117.152 1.86296 -0.0451105 -0.000210219 4.00935 0.0898022 3.53498
280.768 117.129 1.88124 -0.0433998 -0.000203615 4.51026 0.0467903 3.80244
281.269 117.107 1.88871 -0.0416946 -0.000197161 5.01113 0.0114302 4.06803
281.769 117.087 1.88779 -0.039994 -0.000190846 5.51194 -0.0175424 4.33317
282.269 117.066 1.88001 -0.0382972 -0.000184662 6.01271 -0.040886 4.59889
282.77 117.047 1.86649 -0.0366034 -0.000178599 6.51342 -0.0590443 4.86616
283.27 117.029 1.84864 -0.0349118 -0.000172649 7.0141 -0.0728273 5.13565
283.771 117.012 1.82741 -0.0332215 -0.000166801 7.51473 -0.0827222 5.40796
284.271 116.995 1.80365 -0.0315318 -0.000161046 8.01532 -0.0891195 5.68367
284.771 116.979 1.7782 -0.0298418 -0.000155373 8.51587 -0.092522 5.96318
285.271 116.964 1.7518 -0.0281505 -0.000149772 9.01638 -0.0933682 6.24675
285.772 116.95 1.72507 -0.0264572 -0.000144232 9.51685 -0.0920464 6.53464
286.272 116.937 1.69858 -0.0247608 -0.000138743 10.0173 -0.0889306 6.82699
286.772 116.924 1.67282 -0.0230606 -0.000133292 10.5177 -0.0843781 7.12385
287.272 116.913 1.64823 -0.0213555 -0.000127868 11.0181 -0.078727 7.42521
287.773 116.902 1.62513 -0.0196448 -0.000122458 11.5184 -0.0722911 7.73095
288.273 116.892 1.6038 -0.0179275 -0.000117045 12.0187 -0.0653574 8.04088
288.773 116.883 1.58441 -0.0162033 -0.000111597 12.519 -0.0581816 8.35475
289.273 116.875 1.56708 -0.0144731 -0.000106042 13.0192 -0.0509868 8.67224
289.773 116.868 1.55184 -0.0127402 -0.000100246 13.5194 -0.0439616 8.99303
290.274 116.862 1.53871 -0.0110125 -9.40077e-05 14.0196 -0.0372673 9.31677
290.774 116.856 1.5276 -0.00930307 -8.71577e-05 14.5198 -0.0310253 9.64305
291.274 116.852 1.51836 -0.00762845 -7.96977e-05 15.02 -0.0253222 9.97149
291.774 116.848 1.51084 -0.00600457 -7.18787e-05 15.5201 -0.0202209 10.3017
292.274 116.845 1.5049 -0.00444289 -6.41012e-05 16.0202 -0.0157774 10.6334
292.774 116.843 1.50029 -0.00294909 -5.67203e-05 16.5203 -0.0119945 10.9663
293.274 116.841 1.49682 -0.00152445 -4.99258e-05 17.0204 -0.00887617 11.3
293.774 116.84 1.49428 -0.000168143 -4.37587e-05 17.5205 -0.00643505 11.6344
294.274 116.84 1.49245 0.00112116 -3.81879e-05 18.0205 -0.00463411 11.9692
294.774 116.841 1.4911 0.0023447 -3.31675e-05 18.5206 -0.00345339 12.3045
295.274 116.842 1.49006 0.00350361 -2.86553e-05 19.0206 -0.00288001 12.6399
295.774 116.844 1.48911 0.00459893 -2.46148e-05 19.5206 -0.00286852 12.9756
296.275 116.846 1.48807 0.0056317 -2.10118e-05 20.0207 -0.00339439 13.3115
296.775 116.849 1.48676 0.00660295 -1.78143e-05 20.5207 -0.00443142 13.6477
297.275 116.852 1.48503 0.0075137 -1.49913e-05 21.0207 -0.00593559 13.9842
297.775 116.856 1.48271 0.008365 -1.2513e-05 21.5207 -0.00787941 14.3211
298.275 116.86 1.47967 0.00915789 -1.03511e-05 22.0207 -0.0102201 14.6587
298.775 116.865 1.47577 0.00989339 -8.4783e-06 22.5208 -0.012906 14.997
299.274 116.87 1.47088 0.0105726 -6.86844e-06 23.0208 -0.0158897 15.3364
299.774 116.875 1.46493 0.0111964 -5.49663e-06 23.5208 -0.0190929 15.677
300.274 116.88 1.45783 0.0117661 -4.3391e-06 24.0208 -0.0224306 16.0191
300.774 116.886 1.44953 0.0122825 -3.37321e-06 24.5208 -0.025791 16.3631
301.274 116.892 1.44005 0.0127468 -2.57745e-06 25.0208 -0.0290341 16.7091
301.774 116.899 1.4294 0.0131599 -1.93138e-06 25.5208 -0.0319755 17.0576
302.274 116.905 1.41773 0.013523 -1.41567e-06 26.0208 -0.0344011 17.4088
302.774 116.912 1.40523 0.0138371 -1.01202e-06 26.5208 -0.0360135 17.763
303.274 116.919 1.39224 0.0141032 -7.03173e-07 27.0208 -0.0364852 18.1205
303.774 116.926 1.37922 0.0143224 -4.72902e-07 27.5208 -0.0353852 18.4813
304.274 116.933 1.36685 0.0144957 -3.05958e-07 28.0208 -0.0322025 18.8455
304.774 116.941 1.356 0.0146243 -1.88072e-07 28.5208 -0.0263873 19.2128
305.274 116.948 1.34783 0.014709 -1.05925e-07 29.0208 -0.0172405 19.5827
305.774 116.955 1.34371 0.0147532 -4.7126e-08 29.5208 -0.00523986 19.9544
306.274 116.963 1.34346 0.0147532 -1.44121e-08 30.0208 -0.00434762 20
