171.622 130.234 2.00427 -1.55018 0.0087502 0 -0.107926 0
171.632 129.728 1.97981 -1.54205 0.0132364 0.506037 -0.105384 0.254077
171.647 129.22 1.94874 -1.53118 0.0181988 1.01444 -0.134456 0.512777
171.667 128.709 1.91003 -1.51763 0.0236345 1.52543 -0.156685 0.777576
171.694 128.196 1.86511 -1.50117 0.0294525 2.03916 -0.172304 1.04972
171.73 127.681 1.81532 -1.48161 0.0355455 2.55573 -0.181555 1.33038
171.777 127.163 1.76202 -1.45884 0.0417931 3.07518 -0.184686 1.62076
171.835 126.644 1.70668 -1.43279 0.0480659 3.59747 -0.182104 1.92192
171.907 126.124 1.65082 -1.40349 0.0542308 4.12249 -0.174399 2.23473
171.995 125.604 1.59601 -1.37102 0.0601572 4.65007 -0.162359 2.55978
172.1 125.085 1.5437 -1.33556 0.0657259 5.17996 -0.146945 2.89731
172.224 124.567 1.49537 -1.29735 0.0708378 5.71186 -0.129175 3.24757
172.368 124.054 1.45196 -1.25665 0.0754232 6.24544 -0.110326 3.60972
172.534 123.545 1.41431 -1.21379 0.0794491 6.78035 -0.0915856 3.98313
172.721 123.043 1.38263 -1.16908 0.0829234 7.31624 -0.0741471 4.36651
172.931 122.549 1.35664 -1.12282 0.0858949 7.85279 -0.0589998 4.7584
173.163 122.065 1.33562 -1.07497 0.0884477 8.38975 -0.046913 5.15741
173.415 121.599 1.31868 -1.02683 0.0906917 8.92014 -0.0384207 5.55714
173.689 121.146 1.3043 -0.977885 0.0927484 9.44899 -0.0333937 5.96044
173.984 120.708 1.29121 -0.928107 0.0947346 9.97673 -0.0314548 6.36711
174.3 120.287 1.27829 -0.877513 0.0967448 10.5031 -0.0318936 6.77682
174.635 119.883 1.26479 -0.826088 0.0988349 11.0279 -0.0336616 7.18954
174.99 119.499 1.25039 -0.773811 0.101007 11.5511 -0.0354463 7.60547
175.362 119.134 1.23538 -0.720687 0.103201 12.0723 -0.0357994 8.02491
175.753 118.792 1.22064 -0.666778 0.105288 12.5918 -0.0333501 8.44795
176.159 118.471 1.20762 -0.609903 0.107078 13.1095 -0.0270421 8.87441
176.691 118.1 1.19656 -0.543029 0.108606 13.7579 -0.0127909 9.41412
177.149 117.823 1.1944 -0.485921 0.108608 14.2933 0.00364713 9.86222
177.622 117.574 1.20028 -0.429434 0.107515 14.8277 0.0233205 10.3088
178.107 117.352 1.21539 -0.374244 0.105212 15.3607 0.0452741 10.7504
178.601 117.158 1.23997 -0.321022 0.101695 15.892 0.0686187 11.1834
179.103 116.991 1.2744 -0.270371 0.0970786 16.4213 0.0972882 11.6048
179.611 116.85 1.32183 -0.222413 0.0915853 16.9483 0.13691 12.0112
180.124 116.734 1.38162 -0.17463 0.0904905 17.4744 0.167111 12.4007
180.642 116.643 1.44639 -0.128811 0.084682 17.9997 0.178583 12.7722
181.159 116.575 1.50807 -0.0911681 0.0696325 18.5216 0.166357 13.1255
181.563 116.539 1.54849 -0.065705 0.0597972 18.9269 0.136157 13.3906
182.186 116.498 1.59544 -0.0363816 0.0402554 19.5514 0.105573 13.7876
182.585 116.483 1.62107 -0.031382 0.0240366 19.9507 0.102593 14.0358
183.197 116.464 1.66124 -0.0151015 0.0290747 20.5633 0.115036 14.4092
183.704 116.456 1.69839 -0.000348587 0.0324925 21.0702 0.131428 14.7111
184.109 116.456 1.73089 0.0103793 0.0327876 21.475 0.143233 14.9471
184.636 116.461 1.77562 0.0248206 0.029685 22.0016 0.153793 15.2475
185.144 116.474 1.81993 0.0359196 0.0234274 22.5101 0.158801 15.5304
185.645 116.492 1.86327 0.0440003 0.0176149 23.0115 0.158719 15.8027
186.14 116.514 1.90445 0.0493665 0.0121955 23.5075 0.153513 16.0659
186.632 116.538 1.94239 0.052332 0.00730576 23.9993 0.142257 16.3216
187.119 116.564 1.97578 0.0517063 0.00305941 24.4878 0.124946 16.5709
187.73 116.595 2.01011 0.0519308 -0.0019453 25.099 0.0984235 16.8774
188.228 116.621 2.03163 0.0495139 -0.00433395 25.5983 0.0757739 17.1245
188.727 116.646 2.04744 0.0462169 -0.00598662 26.0971 0.0538664 17.369
189.225 116.669 2.05812 0.0424019 -0.00696264 26.5958 0.0339914 17.6119
189.723 116.69 2.0642 0.0383867 -0.00734822 27.0942 0.0172592 17.8537
190.221 116.709 2.06679 0.0344341 -0.00724664 27.5927 0.00431495 18.095
190.719 116.726 2.06672 0.0307477 -0.00676855 28.0913 -0.00399715 18.3362
191.218 116.742 2.06525 0.0274719 -0.00602335 28.59 -0.00754518 18.5776
191.716 116.755 2.06352 0.0246961 -0.00511253 29.0889 -0.00603108 18.8192
192.215 116.768 2.0627 0.0224625 -0.00412506 29.588 -0.00330353 19
192.714 116.779 2.0627 0.0207741 -0.00313485 30.0873 -0.00330353 19
193.214 116.789 2.0627 0.0196013 -0.00219973 30.5868 -0.00330353 19
193.713 116.799 2.0627 0.0196013 -0.00136183 31.0864 -0.00330353 19
