373.767 251.373 3.01555 -3.1297 2.68233e-14 0 -0.00161693 0
373.267 251.367 3.01562 -3.12965 -7.4977e-08 0.5 0.00105717 0.165806
372.767 251.361 3.0158 -3.12961 -5.82108e-08 1 0.000792049 0.331603
372.267 251.355 3.01594 -3.12957 -4.47365e-08 1.5 0.000516293 0.497392
371.767 251.349 3.01602 -3.12954 -3.39091e-08 2 0.00022201 0.663174
371.267 251.343 3.01606 -3.12952 -2.51991e-08 2.5 -9.51097e-05 0.828954
370.767 251.337 3.01604 -3.1295 -1.81817e-08 3 -0.000441227 0.994733
370.268 251.331 3.01595 -3.12949 -1.25257e-08 3.5 -0.000826099 1.16051
369.768 251.325 3.0158 -3.12948 -7.98207e-09 4 -0.00125219 1.3263
369.268 251.319 3.01558 -3.12947 -4.37289e-09 4.5 -0.00172662 1.4921
368.768 251.313 3.01527 -3.12947 -1.58017e-09 5 -0.0022598 1.65791
368.268 251.307 3.01486 -3.12947 4.65379e-10 5.5 -0.00285259 1.82375
367.768 251.301 3.01436 -3.12947 1.79544e-09 6 -0.00351322 1.9896
367.268 251.295 3.01373 -3.12948 2.41554e-09 6.5 -0.00425188 2.15549
366.768 251.289 3.01297 -3.12948 2.3159e-09 7 -0.00506795 2.32142
366.268 251.283 3.01208 -3.12948 1.48305e-09 7.5 -0.00597078 2.48739
365.768 251.277 3.01101 -3.12948 -8.92499e-11 8 -0.00696944 2.65342
365.268 251.271 3.00978 -3.12948 -2.38873e-09 8.5 -0.00806191 2.81951
364.768 251.265 3.00836 -3.12947 -5.37318e-09 9 -0.00925832 2.98567
364.268 251.258 3.00672 -3.12946 -8.95951e-09 9.5 -0.0105658 3.15192
363.768 251.252 3.00486 -3.12945 -1.30122e-08 10 -0.0119809 3.31826
363.268 251.246 3.00275 -3.12943 -1.73323e-08 10.5 -0.0135136 3.48471
362.768 251.24 3.00037 -3.1294 -2.16456e-08 11 -0.0151688 3.65129
362.268 251.234 2.99771 -3.12937 -2.55916e-08 11.5 -0.0169409 3.81801
361.768 251.228 2.99474 -3.12933 -2.87085e-08 12 -0.0188384 3.98488
361.268 251.222 2.99143 -3.12928 -3.04143e-08 12.5 -0.0208637 4.15194
360.768 251.216 2.98777 -3.12922 -2.99858e-08 13 -0.0230085 4.31918
360.268 251.21 2.98374 -3.12916 -2.65829e-08 13.5 -0.0252776 4.48664
359.768 251.203 2.9793 -3.12908 -1.94473e-08 14 -0.0276706 4.65434
359.268 251.197 2.97446 -3.129 -8.41376e-09 14.5 -0.0301755 4.82229
358.768 251.191 2.96917 -3.12892 5.44414e-09 15 -0.0327907 4.99053
358.268 251.184 2.96341 -3.12883 1.96867e-08 15.5 -0.0355127 5.1591
357.768 251.178 2.95719 -3.12876 3.14018e-08 16 -0.0383239 5.328
357.268 251.172 2.95048 -3.12869 3.85725e-08 16.5 -0.0412143 5.49726
356.769 251.165 2.94322 -3.12863 4.0757e-08 17 -0.0441744 5.66694
356.269 251.159 2.93545 -3.12858 3.87146e-08 17.5 -0.0471799 5.83704
355.769 251.152 2.92717 -3.12854 3.36361e-08 18 -0.0502118 6.0076
355.269 251.146 2.91831 -3.12851 2.66403e-08 18.5 -0.0532461 6.17868
354.769 251.139 2.90891 -3.12849 1.863e-08 19 -0.0562523 6.35029
354.269 251.133 2.89898 -3.12848 1.03114e-08 19.5 -0.0591997 6.52246
353.769 251.126 2.88852 -3.12848 2.23451e-09 20 -0.0620512 6.69523
353.269 251.119 2.87751 -3.12848 -5.18086e-09 20.5 -0.0647532 6.86867
352.769 251.113 2.86602 -3.12849 -1.16298e-08 21 -0.0672659 7.04278
352.269 251.106 2.85406 -3.12851 -1.691e-08 21.5 -0.0695369 7.21759
351.769 251.1 2.84169 -3.12853 -2.09106e-08 22 -0.0714985 7.39315
351.269 251.093 2.82893 -3.12856 -2.36006e-08 22.5 -0.0730633 7.56952
350.769 251.087 2.81588 -3.12859 -2.50179e-08 23 -0.0741729 7.74667
350.269 251.08 2.80263 -3.12862 -2.5258e-08 23.5 -0.0747429 7.92465
349.769 251.074 2.78926 -3.12866 -2.44624e-08 24 -0.0746797 8.10346
349.269 251.067 2.77591 -3.12869 -2.2808e-08 24.5 -0.0738339 8.28316
348.769 251.061 2.76273 -3.12873 -2.04956e-08 25 -0.0721156 8.46372
348.269 251.054 2.74989 -3.12876 -1.77386e-08 25.5 -0.0694077 8.64513
347.769 251.048 2.73757 -3.1288 -1.47517e-08 26 -0.0655747 8.82736
347.269 251.042 2.72601 -3.12883 -1.17401e-08 26.5 -0.0604706 9.01038
346.769 251.035 2.71547 -3.12886 -8.88814e-09 27 -0.0539121 9.19416
346.269 251.029 2.70629 -3.12889 -6.34789e-09 27.5 -0.0457059 9.37862
345.769 251.023 2.69875 -3.12891 -4.22823e-09 28 -0.0357256 9.56365
345.27 251.016 2.69322 -3.12893 -2.58345e-09 28.5 -0.0237966 9.74912
344.77 251.01 2.69 -3.12894 -1.40229e-09 29 -0.0112603 9.9349
344.27 251.004 2.6893 -3.12895 -5.96596e-10 29.5 -0.00870618 10
343.77 250.997 2.6893 -3.12895 -1.75452e-10 30 -0.00870618 10
