255.512 116.782 3.01552 0.0150657 3.15435e-05 0 -0.00201658 0
256.012 116.79 3.01556 0.0150922 2.80283e-05 0.500022 0.000951536 0.165816
256.512 116.797 3.01572 0.0151131 2.36477e-05 1.00004 0.000747058 0.331623
257.012 116.805 3.01586 0.0151249 1.88401e-05 1.50005 0.000521003 0.497421
257.512 116.813 3.01595 0.0151282 1.3992e-05 2.00007 0.000263687 0.663212
258.012 116.82 3.01599 0.0151239 9.41599e-06 2.50007 -2.75063e-05 0.828998
258.512 116.828 3.01598 0.015113 5.34449e-06 3.00008 -0.000358078 0.994782
259.012 116.835 3.01591 0.0150967 1.92973e-06 3.50008 -0.000737075 1.16057
259.512 116.843 3.01578 0.0150759 -7.51428e-07 4.00008 -0.00116428 1.32636
260.012 116.85 3.01557 0.0150519 -2.68816e-06 4.50008 -0.00164538 1.49216
260.512 116.858 3.01527 0.0150257 -3.92342e-06 5.00008 -0.0021892 1.65797
261.012 116.865 3.01487 0.0149984 -4.54003e-06 5.50007 -0.00279459 1.8238
261.512 116.873 3.01437 0.014971 -4.64633e-06 6.00007 -0.00346862 1.98965
262.012 116.88 3.01375 0.0149444 -4.36286e-06 6.50007 -0.00422028 2.15554
262.511 116.888 3.013 0.0149195 -3.8107e-06 7.00006 -0.00504818 2.32147
263.011 116.895 3.01211 0.0148972 -3.10222e-06 7.50006 -0.00596113 2.48744
263.511 116.903 3.01104 0.0148782 -2.33449e-06 8.00006 -0.00696785 2.65346
264.011 116.91 3.00981 0.0148632 -1.58525e-06 8.50006 -0.00806644 2.81955
264.511 116.918 3.00839 0.0148531 -9.11327e-07 9.00006 -0.00926699 2.98571
265.011 116.925 3.00675 0.0148484 -3.49097e-07 9.50006 -0.0105769 3.15196
265.511 116.932 3.00489 0.0148499 8.35818e-08 10.0001 -0.0119931 3.3183
266.011 116.94 3.00278 0.0148582 3.84341e-07 10.5001 -0.0135259 3.48475
266.511 116.947 3.00039 0.014874 5.62721e-07 11.0001 -0.0151803 3.65133
267.011 116.955 2.99773 0.0148981 6.36458e-07 11.5001 -0.0169513 3.81804
267.511 116.962 2.99476 0.0149311 6.2797e-07 12.0001 -0.0188475 3.98491
268.011 116.97 2.99144 0.0149737 5.61305e-07 12.5001 -0.0208714 4.15197
268.511 116.977 2.98779 0.0150264 4.59732e-07 13.0001 -0.023015 4.31921
269.011 116.985 2.98376 0.0150893 3.43958e-07 13.5001 -0.0252832 4.48666
269.511 116.992 2.97931 0.0151617 2.3086e-07 14.0001 -0.0276755 4.65437
270.011 117 2.97447 0.0152417 1.32491e-07 14.5001 -0.0301798 4.82232
270.511 117.007 2.96919 0.0153258 5.53916e-08 15.0001 -0.0327948 4.99056
271.01 117.015 2.96342 0.0154096 7.95707e-10 15.5001 -0.0355167 5.15913
271.51 117.023 2.9572 0.0154886 -3.38179e-08 16.0001 -0.0383279 5.32802
272.01 117.031 2.95049 0.0155596 -5.24804e-08 16.5001 -0.0412183 5.49728
272.51 117.038 2.94323 0.0156204 -5.91123e-08 17.0001 -0.0441785 5.66696
273.01 117.046 2.93546 0.0156704 -5.71167e-08 17.5001 -0.047184 5.83707
273.51 117.054 2.92717 0.0157097 -4.95224e-08 18.0001 -0.050216 6.00762
274.01 117.062 2.91832 0.0157389 -3.90638e-08 18.5001 -0.0532503 6.1787
274.51 117.07 2.90892 0.0157586 -2.80566e-08 19.0001 -0.0562563 6.35031
275.01 117.078 2.89899 0.0157695 -1.82261e-08 19.5001 -0.0592036 6.52248
275.51 117.085 2.88853 0.0157724 -1.06434e-08 20.0001 -0.0620549 6.69525
276.01 117.093 2.87752 0.0157681 -5.77208e-09 20.5001 -0.0647565 6.8687
276.51 117.101 2.86602 0.0157573 -3.56233e-09 21.0001 -0.067269 7.04281
277.01 117.109 2.85407 0.0157408 -3.60766e-09 21.5001 -0.0695397 7.21761
277.51 117.117 2.84169 0.0157193 -5.28102e-09 22.0001 -0.071501 7.39317
278.01 117.125 2.82893 0.0156935 -7.8795e-09 22.5001 -0.0730655 7.56954
278.51 117.133 2.81589 0.0156642 -1.07326e-08 23.0001 -0.0741748 7.74669
279.01 117.141 2.80263 0.0156321 -1.32807e-08 23.5001 -0.0747445 7.92467
279.509 117.148 2.78926 0.0155981 -1.51214e-08 24.0001 -0.0746809 8.10348
280.009 117.156 2.77591 0.0155628 -1.60247e-08 24.5001 -0.0738349 8.28318
280.509 117.164 2.76273 0.0155269 -1.593e-08 25.0001 -0.0721163 8.46374
281.009 117.172 2.74989 0.0154914 -1.49172e-08 25.5001 -0.0694081 8.64515
281.509 117.179 2.73757 0.0154568 -1.31702e-08 26.0001 -0.0655748 8.82738
282.009 117.187 2.72601 0.0154239 -1.09407e-08 26.5001 -0.0604704 9.0104
282.509 117.195 2.71547 0.0153935 -8.50436e-09 27.0001 -0.0539117 9.19418
283.009 117.203 2.70629 0.0153664 -6.12356e-09 27.5001 -0.0457052 9.37864
283.509 117.21 2.69876 0.0153432 -4.02076e-09 28.0001 -0.0357246 9.56367
284.009 117.218 2.69322 0.0153248 -2.35163e-09 28.5001 -0.0237953 9.74914
284.509 117.226 2.69 0.0153118 -1.18075e-09 29.0001 -0.0112596 9.93492
285.009 117.233 2.6893 0.0153047 -4.78387e-10 29.5001 -0.00870619 10
285.509 117.241 2.6893 0.0153047 -1.11492e-10 30.0001 -0.00870619 10
