178.618 116.289 1.18593 -0.309088 0.0920145 0 0.0472096 0
179.152 116.118 1.15139 -0.258016 0.0876027 0.560712 -0.0468116 0.479733
179.697 115.975 1.14861 -0.207675 0.0841736 1.12367 0.0345716 0.970681
180.258 115.856 1.18564 -0.15669 0.0829787 1.6977 0.11376 1.46389
180.831 115.766 1.25385 -0.11008 0.0733117 2.27729 0.167255 1.93988
181.378 115.705 1.33077 -0.0755887 0.0572127 2.82827 0.188693 2.36651
181.829 115.671 1.39205 -0.0497161 0.0479424 3.28011 0.176995 2.69845
182.438 115.641 1.46492 -0.0288704 0.0243061 3.88946 0.169353 3.12485
182.891 115.628 1.51813 -0.0185151 0.0258203 4.34325 0.182562 3.42915
183.471 115.617 1.59197 -0.000138653 0.0303194 4.92351 0.215314 3.80265
183.991 115.617 1.66619 0.0163689 0.0319763 5.44354 0.24958 4.12194
184.511 115.625 1.74738 0.0369434 0.0292471 5.96338 0.28293 4.42665
184.908 115.64 1.81302 0.0434437 0.0264176 6.36068 0.304589 4.64983
185.42 115.662 1.90025 0.0511191 0.020488 6.87351 0.325842 4.92617
186.049 115.694 2.00802 0.0640455 0.0124076 7.50319 0.341679 5.24842
186.554 115.727 2.09328 0.0689413 0.00757013 8.00936 0.348092 5.49544
187.057 115.762 2.17548 0.0714687 0.00332232 8.5126 0.348815 5.73108
187.556 115.797 2.25392 0.0719865 -0.000241775 9.0134 0.34438 5.95718
188.054 115.833 2.32795 0.0708826 -0.00306893 9.51228 0.33452 6.17496
188.55 115.868 2.39688 0.0685507 -0.00514966 10.0097 0.319154 6.38556
189.045 115.902 2.46018 0.0653679 -0.00651625 10.5063 0.299275 6.59002
189.54 115.935 2.51753 0.0616756 -0.00723633 11.0023 0.275941 6.78929
190.035 115.965 2.5688 0.0577658 -0.00740328 11.4983 0.249892 6.98424
190.53 115.994 2.61392 0.053996 -0.00712536 11.9943 0.221803 7.17562
191.024 116.021 2.6528 0.0505566 -0.00651536 12.4885 0.193108 7.36323
191.513 116.045 2.68567 0.0470965 -0.00568191 12.9785 0.165246 7.54677
192.005 116.069 2.7134 0.0440014 -0.00472314 13.4708 0.138749 7.72911
192.499 116.09 2.7364 0.0413055 -0.00372273 13.9652 0.114147 7.91057
192.995 116.111 2.75499 0.0390138 -0.00274798 14.4617 0.0917507 8.09135
193.493 116.13 2.76963 0.0371105 -0.00184962 14.9598 0.0715918 8.27165
193.992 116.149 2.78084 0.0355663 -0.00106273 15.4594 0.0534497 8.45164
194.492 116.167 2.78898 0.0343411 -0.000408441 15.9601 0.0370826 8.63141
194.994 116.184 2.79433 0.0333849 0.000104275 16.4616 0.0221933 8.81104
195.495 116.201 2.79708 0.0326405 0.000476645 16.9636 0.00849828 8.99059
195.997 116.217 2.79741 0.0320483 0.000718121 17.4658 -0.00433082 9.17013
196.499 116.233 2.79551 0.0315519 0.000844265 17.9681 -0.0165949 9.34974
197.001 116.249 2.79146 0.031103 0.000874618 18.4703 -0.0284996 9.5295
197.503 116.265 2.78532 0.0306637 0.000830686 18.9723 -0.040196 9.7095
198.004 116.28 2.77702 0.0302073 0.000734171 19.4739 -0.0517656 9.88986
198.505 116.295 2.76659 0.0297177 0.000605489 19.9752 -0.0632256 10.0707
199.006 116.31 2.75407 0.0291881 0.00046263 20.4762 -0.0745306 10.2522
199.507 116.325 2.73949 0.0286192 0.000320383 20.9768 -0.0855797 10.4344
200.007 116.339 2.72285 0.0280175 0.000189929 21.4771 -0.0962277 10.6176
200.507 116.353 2.70422 0.0273935 7.87895e-05 21.9772 -0.10629 10.8019
201.006 116.367 2.6836 0.0267596 -8.93482e-06 22.4771 -0.115513 10.9874
201.506 116.38 2.6612 0.0261289 -7.2092e-05 22.9769 -0.123675 11.1745
202.005 116.393 2.6372 0.0255137 -0.000111871 23.4766 -0.130519 11.3631
202.505 116.406 2.61183 0.0249252 -0.000131131 23.9763 -0.135765 11.5535
203.005 116.418 2.58538 0.0243722 -0.000133743 24.4761 -0.139112 11.7458
203.504 116.43 2.55821 0.0238617 -0.000124005 24.9758 -0.140235 11.9401
204.004 116.442 2.53077 0.0233983 -0.000106156 25.4756 -0.138812 12.1365
204.503 116.454 2.50359 0.0229847 -8.40187e-05 25.9754 -0.134671 12.3351
205.003 116.466 2.47722 0.022622 -6.07711e-05 26.4753 -0.12773 12.5358
205.503 116.477 2.45227 0.0223102 -3.88273e-05 26.9752 -0.117895 12.7387
206.003 116.488 2.4294 0.0220482 -1.98225e-05 27.4752 -0.10506 12.9435
206.503 116.499 2.40929 0.0218347 -4.66916e-06 27.9752 -0.0891692 13.1502
207.003 116.51 2.39262 0.021668 6.3334e-06 28.4752 -0.0705856 13.3585
207.503 116.521 2.37995 0.0215466 1.33628e-05 28.9753 -0.0499344 13.5681
208.003 116.532 2.37172 0.0214693 1.6928e-05 29.4753 -0.0278722 13.7786
208.502 116.542 2.36798 0.0214328 1.77308e-05 29.9754 -0.0094892 13.9896
209.002 116.553 2.36786 0.0214328 1.64419e-05 30.4754 -0.0088746 14
