276.013 117.432 nan -0.0586942 2.54231e-10 0 nan 0
276.514 117.402 nan -0.0549792 -0.000653158 0.501372 nan 0
277.014 117.375 nan -0.0507237 -0.000579211 1.00261 nan 0
277.515 117.349 nan -0.0467217 -0.000511721 1.5037 nan 0
278.015 117.326 nan -0.0429732 -0.000450316 2.00466 nan 0
278.515 117.304 nan -0.0394779 -0.00039462 2.50551 nan 0
279.016 117.285 nan -0.0362355 -0.000344252 3.00627 nan 0
279.516 117.266 nan -0.0332457 -0.00029883 3.50693 nan 0
280.016 117.25 nan -0.0305079 -0.000257977 4.00752 nan 0
280.517 117.235 nan -0.0280212 -0.00022133 4.50805 nan 0
281.017 117.221 nan -0.0257832 -0.000188585 5.00851 nan 0
281.517 117.208 nan -0.0237891 -0.000159542 5.50894 nan 0
282.017 117.196 nan -0.0220284 -0.000134162 6.00932 nan 0
282.518 117.185 nan -0.0204836 -0.000112508 6.50967 nan 0
283.018 117.174 nan -0.0191307 -9.45671e-05 7.00999 nan 0
283.518 117.165 nan -0.0179427 -8.00406e-05 7.51028 nan 0
284.018 117.156 nan -0.0168952 -6.82957e-05 8.01056 nan 0
284.519 117.147 nan -0.0159703 -5.8545e-05 8.51082 nan 0
285.019 117.139 nan -0.0151573 -5.00967e-05 9.01106 nan 0
285.519 117.132 nan -0.0144507 -4.2487e-05 9.5113 nan 0
286.019 117.125 nan -0.013848 -3.54583e-05 10.0115 nan 0
286.519 117.118 nan -0.0133479 -2.88736e-05 10.5117 nan 0
287.019 117.111 nan -0.0129495 -2.26472e-05 11.0119 nan 0
287.52 117.105 nan -0.0126518 -1.67102e-05 11.5121 nan 0
288.02 117.098 nan -0.0124541 -1.09991e-05 12.0123 nan 0
288.52 117.092 nan -0.0123502 -5.45272e-06 12.5125 nan 0
289.02 117.086 0 -0.0123502 -1.75779e-06 13.0127 0 0
