171.608 131.239 2.05613 -1.55822 0.00173199 0 -0.127223 6.73812e-11
171.614 130.737 2.02932 -1.55507 0.00495453 0.502112 -0.114035 0.245887
171.622 130.233 1.99772 -1.54993 0.00877474 1.00605 -0.138743 0.496031
171.632 129.727 1.95952 -1.54266 0.0131956 1.51209 -0.158537 0.751811
171.647 129.219 1.9159 -1.53294 0.018165 2.02049 -0.173625 1.01408
171.666 128.708 1.86753 -1.52051 0.0236092 2.53147 -0.183774 1.28417
171.692 128.195 1.81542 -1.50513 0.0294358 3.0452 -0.189008 1.56318
171.726 127.68 1.76064 -1.48664 0.0355355 3.5618 -0.189464 1.85211
171.769 127.162 1.70435 -1.46489 0.0417859 4.08134 -0.185291 2.15201
171.825 126.643 1.64782 -1.43984 0.0480553 4.60379 -0.176824 2.46375
171.893 126.122 1.59237 -1.41151 0.0542083 5.12909 -0.164566 2.78799
171.977 125.6 1.53942 -1.38 0.0601127 5.65711 -0.14914 3.12532
172.078 125.08 1.49025 -1.34548 0.065648 6.18763 -0.131415 3.47566
172.197 124.56 1.446 -1.30818 0.0707146 6.7204 -0.112354 3.83871
172.336 124.044 1.4075 -1.26838 0.0752433 7.25514 -0.0929998 4.21362
172.495 123.532 1.37524 -1.22641 0.0792021 7.79152 -0.0744226 4.59926
172.677 123.026 1.34925 -1.18257 0.0826006 8.32924 -0.0576484 4.99417
172.881 122.527 1.329 -1.13716 0.0854893 8.86803 -0.0434998 5.39665
173.108 122.037 1.31357 -1.09035 0.0879538 9.40764 -0.0326241 5.80516
173.354 121.565 1.30186 -1.04315 0.0901047 9.94056 -0.0254048 6.21277
173.622 121.105 1.29232 -0.995048 0.0920629 10.473 -0.0216319 6.62331
173.911 120.659 1.28363 -0.946107 0.0939437 11.0049 -0.0208718 7.03628
174.222 120.228 1.27471 -0.896337 0.0958394 11.536 -0.0223911 7.45146
174.553 119.814 1.26481 -0.845717 0.0978031 12.0662 -0.0251484 7.86897
174.904 119.418 1.25365 -0.794222 0.0998346 12.5953 -0.0278801 8.28914
175.274 119.041 1.24149 -0.741831 0.101872 13.1234 -0.0292211 8.7124
175.663 118.685 1.2292 -0.688559 0.103788 13.6504 -0.0278826 9.13905
176.069 118.351 1.21814 -0.627717 0.105398 14.1765 -0.0229303 9.56902
176.602 117.964 1.20868 -0.565033 0.106725 14.8346 -0.0108635 10.1117
177.062 117.672 1.20688 -0.50819 0.106575 15.3798 0.00329754 10.5633
177.538 117.407 1.21207 -0.451846 0.105367 15.9247 0.02021 11.014
178.027 117.17 1.22524 -0.396682 0.103 16.4686 0.0388864 11.4606
178.528 116.96 1.24653 -0.343397 0.0994802 17.0112 0.0584675 11.8999
179.037 116.778 1.27628 -0.292624 0.0949239 17.5518 0.0818969 12.3287
179.553 116.623 1.31724 -0.244426 0.0895456 18.0903 0.116037 12.7443
180.074 116.492 1.36968 -0.196379 0.0885151 18.6281 0.142754 13.1449
180.602 116.387 1.42664 -0.150478 0.0826808 19.1657 0.150724 13.5295
181.129 116.308 1.47996 -0.11874 0.0680531 19.6989 0.135463 13.8963
181.54 116.259 1.5129 -0.0835303 0.058484 20.113 0.101133 14.1728
182.17 116.206 1.54566 -0.0641018 0.0395301 20.7454 0.0628956 14.586
182.572 116.18 1.5608 -0.0492565 0.0233036 21.1476 0.0558657 14.8449
183.188 116.15 1.58352 -0.0364426 0.0289566 21.7647 0.0621192 15.2375
183.699 116.131 1.60519 -0.0267597 0.0322362 22.2763 0.0731444 15.5585
184.108 116.12 1.62469 -0.00973899 0.0324596 22.6857 0.0804578 15.812
184.64 116.115 1.65175 0.00415589 0.0292821 23.2173 0.0855608 16.1365
185.153 116.117 1.67828 0.0151239 0.0230884 23.7301 0.0861014 16.4445
185.657 116.125 1.70354 0.0231408 0.0173733 24.2348 0.0825988 16.7429
186.156 116.136 1.7266 0.0284804 0.012018 24.7332 0.0756304 17.0335
186.649 116.15 1.74675 0.0314578 0.00717456 25.2264 0.0656751 17.3175
187.138 116.166 1.76333 0.0351509 0.00295985 25.7156 0.0527234 17.5962
187.749 116.187 1.77836 0.0317936 -0.00201433 26.3273 0.0345017 17.9415
188.247 116.203 1.78592 0.0294956 -0.00439009 26.8259 0.0193589 18.2213
188.745 116.218 1.78933 0.0263211 -0.00603138 27.3237 0.00507892 18.4997
189.242 116.231 1.78908 0.0226313 -0.0069959 27.8209 -0.00604095 18.7776
189.739 116.242 1.78641 0.018743 -0.00736937 28.3179 -0.0122605 19.0555
190.236 116.251 1.78278 0.0149179 -0.00725552 28.8147 -0.0131624 19.3339
190.732 116.259 1.77949 0.011358 -0.00676587 29.3117 -0.00982857 19.6129
191.23 116.264 1.77758 0.00820631 -0.00601082 29.809 -0.00343919 19.8925
191.727 116.268 1.77731 0.00555133 -0.00509263 30.3066 -0.00155826 20
192.225 116.271 1.77731 0.00343171 -0.00410072 30.8047 -0.00155826 20
192.724 116.273 1.77731 0.00343171 -0.00310858 31.3032 -0.00155826 20
