264.276 249.999 3.01555 -3.12902 7.93028e-17 0 -0.00161753 0
263.776 249.992 3.01562 -3.129 -7.71598e-10 0.5 0.00105666 0.165806
263.276 249.986 3.0158 -3.12898 2.0298e-10 1 0.000791687 0.331603
262.776 249.98 3.01594 -3.12897 3.72837e-10 1.5 0.000516045 0.497392
262.276 249.974 3.01602 -3.12897 1.51651e-10 2 0.000221844 0.663174
261.776 249.967 3.01606 -3.12897 -1.52783e-10 2.5 -9.52179e-05 0.828954
261.276 249.961 3.01604 -3.12898 -3.27496e-10 3 -0.000441298 0.994732
260.776 249.955 3.01595 -3.12899 -2.43054e-10 3.5 -0.00082615 1.16051
260.276 249.948 3.0158 -3.12901 1.57837e-10 4 -0.00125223 1.3263
259.776 249.942 3.01558 -3.12903 8.71387e-10 4.5 -0.00172666 1.4921
259.276 249.936 3.01527 -3.12905 1.84397e-09 5 -0.00225986 1.65791
258.776 249.929 3.01486 -3.12907 2.98359e-09 5.5 -0.00285265 1.82375
258.276 249.923 3.01436 -3.12909 4.17084e-09 6 -0.0035133 1.9896
257.776 249.917 3.01373 -3.12912 5.27033e-09 6.5 -0.00425197 2.15549
257.276 249.911 3.01297 -3.12914 6.14182e-09 7 -0.00506805 2.32142
256.776 249.904 3.01208 -3.12916 6.65162e-09 7.5 -0.0059709 2.48739
256.277 249.898 3.01101 -3.12918 6.68359e-09 8 -0.00696955 2.65342
255.777 249.892 3.00978 -3.12919 6.15051e-09 8.5 -0.00806203 2.81951
255.277 249.886 3.00836 -3.12921 5.00548e-09 9 -0.00925843 2.98567
254.777 249.88 3.00672 -3.12921 3.25294e-09 9.5 -0.0105659 3.15192
254.277 249.873 3.00486 -3.12922 9.60025e-10 10 -0.011981 3.31826
253.777 249.867 3.00275 -3.12921 -1.73217e-09 10.5 -0.0135137 3.48471
253.277 249.861 3.00037 -3.1292 -4.59733e-09 11 -0.0151688 3.65129
252.777 249.855 2.99771 -3.12918 -7.31216e-09 11.5 -0.0169409 3.81801
252.277 249.849 2.99474 -3.12916 -9.4441e-09 12 -0.0188385 3.98488
251.777 249.842 2.99143 -3.12912 -1.04376e-08 12.5 -0.0208637 4.15194
251.277 249.836 2.98777 -3.12907 -9.60831e-09 13 -0.0230084 4.31918
250.777 249.83 2.98374 -3.12902 -6.19311e-09 13.5 -0.0252775 4.48664
250.277 249.824 2.9793 -3.12896 4.28502e-10 14 -0.0276705 4.65434
249.777 249.817 2.97446 -3.12888 1.02448e-08 14.5 -0.0301753 4.82229
249.277 249.811 2.96917 -3.12881 2.20528e-08 15 -0.0327905 4.99053
248.777 249.805 2.96341 -3.12873 3.34518e-08 15.5 -0.0355125 5.1591
248.277 249.798 2.95719 -3.12866 4.17763e-08 16 -0.0383237 5.328
247.777 249.792 2.95048 -3.1286 4.53951e-08 16.5 -0.0412141 5.49725
247.277 249.785 2.94322 -3.12855 4.42384e-08 17 -0.0441742 5.66694
246.777 249.779 2.93545 -3.12851 3.93103e-08 17.5 -0.0471797 5.83704
246.277 249.772 2.92717 -3.12848 3.19003e-08 18 -0.0502117 6.0076
245.777 249.766 2.91831 -3.12845 2.3125e-08 18.5 -0.053246 6.17868
245.277 249.759 2.90891 -3.12844 1.38379e-08 19 -0.0562522 6.35029
244.777 249.752 2.89898 -3.12844 4.68228e-09 19.5 -0.0591996 6.52246
244.277 249.746 2.88852 -3.12844 -3.8582e-09 20 -0.0620511 6.69523
243.778 249.739 2.87751 -3.12845 -1.1425e-08 20.5 -0.0647531 6.86867
243.278 249.733 2.86602 -3.12847 -1.77676e-08 21 -0.0672658 7.04278
242.778 249.726 2.85407 -3.12849 -2.27394e-08 21.5 -0.0695369 7.21759
242.278 249.72 2.84169 -3.12851 -2.62769e-08 22 -0.0714984 7.39315
241.778 249.713 2.82893 -3.12855 -2.83954e-08 22.5 -0.0730633 7.56951
241.278 249.707 2.81588 -3.12858 -2.91689e-08 23 -0.0741729 7.74667
240.778 249.7 2.80263 -3.12861 -2.87323e-08 23.5 -0.0747429 7.92465
240.278 249.694 2.78926 -3.12865 -2.72558e-08 24 -0.0746797 8.10346
239.778 249.687 2.77591 -3.12869 -2.49453e-08 24.5 -0.0738339 8.28316
239.278 249.681 2.76273 -3.12873 -2.20225e-08 25 -0.0721156 8.46372
238.778 249.674 2.74989 -3.12877 -1.87205e-08 25.5 -0.0694078 8.64513
238.278 249.668 2.73757 -3.12881 -1.52657e-08 26 -0.0655747 8.82736
237.778 249.661 2.72601 -3.12884 -1.18755e-08 26.5 -0.0604706 9.01038
237.278 249.655 2.71547 -3.12887 -8.73827e-09 27 -0.0539121 9.19416
236.778 249.649 2.70629 -3.1289 -6.00712e-09 27.5 -0.0457059 9.37862
236.278 249.642 2.69875 -3.12893 -3.79038e-09 28 -0.0357256 9.56365
235.778 249.636 2.69322 -3.12895 -2.13504e-09 28.5 -0.0237966 9.74912
235.278 249.63 2.69 -3.12896 -1.02271e-09 29 -0.0112604 9.9349
234.778 249.623 2.6893 -3.12897 -3.54945e-10 29.5 -0.00870618 10
234.278 249.617 2.6893 -3.12897 -5.79739e-11 30 -0.00870618 10
