276.264 117.365 0.0129059 -0.058917 4.56772e-09 0 0.0140763 8.41078e-07
276.765 117.335 0.734784 -0.0583878 -9.62957e-05 0.50138 0.400171 1.37735
277.265 117.306 0.920528 -0.0578183 -8.35143e-05 1.00274 0.226325 1.97681
277.766 117.277 1.00686 -0.0573306 -7.09956e-05 1.50408 0.112204 2.4945
278.266 117.249 1.0418 -0.0569253 -5.8639e-05 2.0054 0.0361284 2.98241
278.767 117.22 1.0469 -0.056602 -4.64797e-05 2.50671 -0.010513 3.46157
279.267 117.192 1.03541 -0.0563582 -3.48197e-05 3.00801 -0.0339293 3.94262
279.768 117.163 1.01697 -0.0561877 -2.41572e-05 3.50929 -0.0389968 4.43101
280.268 117.135 0.999313 -0.0560819 -1.4876e-05 4.01057 -0.0304929 4.92842
280.769 117.107 0.997153 -0.0560293 -6.97841e-06 4.51185 -0.0294678 5
281.269 117.079 0 -0.0560293 -2.22207e-06 5.01313 0 5
