287.774 250.295 3.01529 -3.12903 1.1743e-16 0 -0.00225963 0
287.274 250.288 3.01536 -3.12901 -1.60326e-09 0.5 0.001278 0.165821
286.774 250.282 3.01557 -3.12899 -2.77133e-10 1 0.000997241 0.331632
286.274 250.276 3.01574 -3.12898 1.56185e-10 1.5 0.000706193 0.497433
285.774 250.27 3.01585 -3.12898 1.22868e-10 2 0.000397071 0.663225
285.274 250.263 3.01592 -3.12898 -5.76815e-11 2.5 6.55763e-05 0.829013
284.774 250.257 3.01592 -3.12899 -1.61606e-10 3 -0.000294392 0.994799
284.274 250.251 3.01586 -3.129 -4.93318e-11 3.5 -0.000692513 1.16059
283.774 250.244 3.01573 -3.12901 3.45699e-10 4 -0.00113128 1.32638
283.274 250.238 3.01553 -3.12903 1.02816e-09 4.5 -0.00161775 1.49218
282.774 250.232 3.01523 -3.12905 1.95233e-09 5 -0.00216232 1.658
282.274 250.226 3.01484 -3.12907 3.03307e-09 5.5 -0.00276587 1.82383
281.775 250.219 3.01435 -3.1291 4.15723e-09 6 -0.0034366 1.98969
281.275 250.213 3.01373 -3.12912 5.19483e-09 6.5 -0.00418469 2.15558
280.775 250.207 3.01299 -3.12914 6.01031e-09 7 -0.00500958 2.3215
280.275 250.201 3.0121 -3.12916 6.47378e-09 7.5 -0.00592058 2.48747
279.775 250.194 3.01105 -3.12918 6.47223e-09 8 -0.00692677 2.6535
279.275 250.188 3.00982 -3.12919 5.9209e-09 8.5 -0.00802621 2.81959
278.775 250.182 3.0084 -3.1292 4.7743e-09 9 -0.00922897 2.98575
278.275 250.176 3.00677 -3.12921 3.03769e-09 9.5 -0.0105423 3.15199
277.775 250.17 3.00492 -3.12921 7.78224e-10 10 -0.0119626 3.31833
277.275 250.163 3.00281 -3.12921 -1.86376e-09 10.5 -0.0135001 3.48478
276.775 250.157 3.00043 -3.1292 -4.6634e-09 11 -0.0151595 3.65136
276.275 250.151 2.99777 -3.12918 -7.29976e-09 11.5 -0.0169354 3.81807
275.775 250.145 2.9948 -3.12915 -9.34347e-09 12 -0.0188363 3.98494
275.275 250.139 2.99148 -3.12912 -1.02429e-08 12.5 -0.0208645 4.15199
274.775 250.132 2.98783 -3.12907 -9.3193e-09 13 -0.0230118 4.31923
274.275 250.126 2.9838 -3.12902 -5.81711e-09 13.5 -0.0252831 4.48668
273.775 250.12 2.97936 -3.12895 8.73827e-10 14 -0.027678 4.65438
273.275 250.113 2.97451 -3.12888 1.073e-08 14.5 -0.0301844 4.82234
272.775 250.107 2.96923 -3.12881 2.25406e-08 15 -0.0328008 4.99057
272.275 250.101 2.96347 -3.12873 3.39016e-08 15.5 -0.0355238 5.15914
271.775 250.094 2.95724 -3.12866 4.21589e-08 16 -0.0383358 5.32803
271.275 250.088 2.95053 -3.1286 4.56947e-08 16.5 -0.0412267 5.49728
270.775 250.081 2.94327 -3.12855 4.44524e-08 17 -0.0441871 5.66697
270.275 250.075 2.9355 -3.1285 3.94446e-08 17.5 -0.0471928 5.83707
269.775 250.068 2.92721 -3.12847 3.19647e-08 18 -0.0502247 6.00762
269.275 250.062 2.91835 -3.12845 2.31302e-08 18.5 -0.0532589 6.1787
268.776 250.055 2.90895 -3.12844 1.3794e-08 19 -0.0562648 6.35031
268.276 250.049 2.89902 -3.12843 4.59758e-09 19.5 -0.0592118 6.52247
267.776 250.042 2.88856 -3.12844 -3.97451e-09 20 -0.0620628 6.69524
267.276 250.035 2.87754 -3.12845 -1.15647e-08 20.5 -0.0647642 6.86869
266.776 250.029 2.86605 -3.12846 -1.79261e-08 21 -0.0672763 7.04279
266.276 250.022 2.85409 -3.12849 -2.29102e-08 21.5 -0.0695466 7.2176
265.776 250.016 2.84172 -3.12851 -2.64552e-08 22 -0.0715074 7.39316
265.276 250.009 2.82896 -3.12854 -2.85752e-08 22.5 -0.0730715 7.56952
264.776 250.003 2.81591 -3.12858 -2.93486e-08 23 -0.0741803 7.74667
264.276 249.996 2.80265 -3.12861 -2.8907e-08 23.5 -0.0747496 7.92465
263.776 249.99 2.78929 -3.12865 -2.74241e-08 24 -0.0746855 8.10346
263.276 249.983 2.77593 -3.12869 -2.51042e-08 24.5 -0.073839 8.28316
262.776 249.977 2.76275 -3.12873 -2.21712e-08 25 -0.0721199 8.46372
262.276 249.97 2.74991 -3.12877 -1.88576e-08 25.5 -0.0694114 8.64512
261.776 249.964 2.73759 -3.1288 -1.53928e-08 26 -0.0655777 8.82735
261.276 249.957 2.72603 -3.12884 -1.19924e-08 26.5 -0.0604731 9.01038
260.776 249.951 2.71549 -3.12887 -8.84675e-09 27 -0.0539141 9.19415
260.276 249.945 2.70631 -3.1289 -6.10989e-09 27.5 -0.0457075 9.37861
259.776 249.938 2.69877 -3.12892 -3.88825e-09 28 -0.035727 9.56364
259.276 249.932 2.69324 -3.12894 -2.22963e-09 28.5 -0.0237979 9.74911
258.776 249.926 2.69001 -3.12896 -1.11182e-09 29 -0.011261 9.93488
258.276 249.919 2.68932 -3.12897 -4.31578e-10 29.5 -0.00870625 10
257.776 249.913 2.68932 -3.12897 -1.19375e-10 30 -0.00870625 10
