170.147 239.566 1.18109 -1.71714 0.0688999 0 0.00491031 1.50711e-06
170.069 239.038 1.19058 -1.68647 0.0579296 0.533834 0.0531174 0.451022
170.018 238.601 1.2185 -1.65643 0.0524866 0.973667 0.0981318 0.816623
169.966 237.991 1.27716 -1.62963 0.0420302 1.58597 0.136271 1.30797
169.935 237.476 1.33429 -1.61373 0.0319765 2.10123 0.154089 1.70279
169.916 237.028 1.38852 -1.59764 0.0321279 2.54947 0.175835 2.03208
169.9 236.447 1.46711 -1.57853 0.0314791 3.13148 0.21039 2.44003
169.896 235.932 1.54445 -1.56287 0.0294821 3.64579 0.24253 2.78186
169.901 235.419 1.6278 -1.5486 0.0261541 4.1588 0.272377 3.10555
169.912 234.908 1.71506 -1.53641 0.0216744 4.66998 0.297219 3.41146
169.929 234.4 1.80387 -1.52677 0.0165141 5.17885 0.315965 3.70084
169.952 233.894 1.89229 -1.51975 0.0115809 5.68531 0.32838 3.97477
169.977 233.39 1.97878 -1.51519 0.00698909 6.1895 0.334711 4.23525
170.005 232.889 2.06217 -1.51287 0.0028946 6.69164 0.335202 4.48385
170.034 232.389 2.14146 -1.51247 -0.000555806 7.19203 0.330044 4.72189
170.063 231.891 2.21592 -1.51361 -0.00327234 7.69104 0.319583 4.95085
170.092 231.394 2.28505 -1.51591 -0.00522786 8.18903 0.303942 5.17215
170.119 230.897 2.34825 -1.51896 -0.0064536 8.68639 0.283229 5.38685
170.145 230.401 2.40511 -1.52241 -0.00702742 9.18343 0.258522 5.59599
170.169 229.905 2.45528 -1.52562 -0.00705803 9.67963 0.230844 5.80016
170.191 229.421 2.49775 -1.52914 -0.00666863 10.1649 0.201608 5.99607
170.211 228.933 2.53393 -1.53244 -0.00598279 10.6525 0.170861 6.18981
170.23 228.444 2.56387 -1.53542 -0.00511404 11.1425 0.139925 6.382
170.247 227.952 2.58775 -1.53803 -0.00415961 11.6349 0.109871 6.57312
170.264 227.457 2.60595 -1.54026 -0.0031977 12.1296 0.0813238 6.76358
170.279 226.961 2.61887 -1.54213 -0.00228743 12.6263 0.0545611 6.95369
170.293 226.463 2.62687 -1.54367 -0.00147023 13.1248 0.0296209 7.1437
170.307 225.963 2.63031 -1.54496 -0.000772141 13.6246 0.00638709 7.33383
170.319 225.462 2.62948 -1.54607 -0.000206233 14.1255 -0.0153611 7.52426
170.332 224.961 2.62463 -1.54705 0.000225066 14.6271 -0.0358723 7.71515
170.344 224.459 2.61593 -1.54797 0.000527739 15.129 -0.0553976 7.9067
170.355 223.957 2.6035 -1.54888 0.000714037 15.6312 -0.0741513 8.09908
170.366 223.455 2.58738 -1.54979 0.000800401 16.1333 -0.0922735 8.29252
170.377 222.953 2.56769 -1.55072 0.000805642 16.6352 -0.10985 8.48723
170.387 222.452 2.54445 -1.55166 0.000749483 17.1368 -0.126853 8.68347
170.396 221.95 2.51771 -1.55262 0.000651326 17.6381 -0.143157 8.88151
170.406 221.449 2.48751 -1.5536 0.000529132 18.1391 -0.158535 9.08168
170.414 220.949 2.45395 -1.5546 0.000398465 18.6398 -0.172656 9.28429
170.422 220.449 2.41721 -1.55563 0.000271834 19.1402 -0.185087 9.4897
170.43 219.949 2.37753 -1.55666 0.000158395 19.6403 -0.195295 9.69828
170.437 219.449 2.33526 -1.55769 6.39806e-05 20.1403 -0.202568 9.91048
170.443 218.949 2.29103 -1.55871 -8.59437e-06 20.6401 -0.206229 10.1266
170.45 218.449 2.24555 -1.55971 -5.90506e-05 21.1399 -0.206172 10.347
170.455 217.949 2.19952 -1.56067 -8.90512e-05 21.6397 -0.202835 10.5718
170.46 217.45 2.15361 -1.56158 -0.000101581 22.1394 -0.196684 10.8013
170.465 216.95 2.10848 -1.56245 -0.000100359 22.6392 -0.188102 11.036
170.469 216.45 2.06463 -1.56326 -8.93288e-05 23.139 -0.177755 11.2755
170.473 215.95 2.02256 -1.56401 -7.22552e-05 23.6389 -0.166149 11.5201
170.476 215.45 1.98262 -1.5647 -5.24375e-05 24.1388 -0.153873 11.7698
170.479 214.95 1.94501 -1.56532 -3.25362e-05 24.6388 -0.141559 12.0244
170.482 214.45 1.90983 -1.56589 -1.45014e-05 25.1388 -0.129676 12.2839
170.484 213.95 1.87712 -1.56639 4.16808e-07 25.6388 -0.118239 12.548
170.487 213.45 1.84685 -1.56683 1.15969e-05 26.1388 -0.107098 12.8166
170.488 212.95 1.81913 -1.56722 1.89351e-05 26.6389 -0.096051 13.0894
170.49 212.45 1.79412 -1.56755 2.27153e-05 27.139 -0.0848087 13.3663
170.492 211.95 1.77197 -1.56782 2.34777e-05 27.6391 -0.0730193 13.6468
170.493 211.45 1.75303 -1.56804 2.18966e-05 28.1391 -0.0602598 13.9306
170.495 210.95 1.73774 -1.5682 1.86796e-05 28.6392 -0.0461172 14.2171
170.496 210.45 1.72661 -1.56831 1.44895e-05 29.1393 -0.0307146 14.5059
170.497 209.95 1.72003 -1.56836 9.89272e-06 29.6393 -0.0144857 14.7961
170.499 209.45 1.71811 -1.56836 5.85071e-06 30.1394 -0.00571116 15
