171.614 130.737 2.02933 -1.55527 0.00492638 0 -0.114035 0
171.622 130.233 2.00426 -1.54987 0.00879273 0.503932 -0.107926 0.249927
171.632 129.727 1.97332 -1.54212 0.0132098 1.00997 -0.135478 0.504233
171.647 129.219 1.93508 -1.53198 0.0181745 1.51838 -0.157061 0.7644
171.667 128.709 1.8909 -1.51917 0.0236138 2.02936 -0.172953 1.03146
171.693 128.195 1.84182 -1.50346 0.0294359 2.54309 -0.183158 1.3066
171.728 127.68 1.78894 -1.48467 0.0355322 3.05967 -0.187692 1.59115
171.773 127.162 1.73359 -1.46267 0.0417812 3.57916 -0.186859 1.88613
171.829 126.643 1.67714 -1.43741 0.0480517 4.10154 -0.181044 2.19244
171.899 126.123 1.62102 -1.40892 0.0542089 4.62672 -0.170751 2.51098
171.984 125.602 1.56674 -1.37727 0.0601207 5.15456 -0.156705 2.84229
172.086 125.081 1.51564 -1.34265 0.0656668 5.68483 -0.139842 3.18641
172.206 124.563 1.46907 -1.30529 0.0707473 6.21728 -0.121156 3.54337
172.347 124.047 1.42792 -1.26548 0.0752923 6.7516 -0.101793 3.91235
172.508 123.536 1.39285 -1.22351 0.0792692 7.28748 -0.0829168 4.29245
172.691 123.031 1.36399 -1.17973 0.0826868 7.82461 -0.0656101 4.6823
172.896 122.533 1.34092 -1.13441 0.0855948 8.3627 -0.0508208 5.08031
173.123 122.045 1.32281 -1.08768 0.0880784 8.90152 -0.0392197 5.48498
173.371 121.574 1.30867 -1.04063 0.0902477 9.43365 -0.0312798 5.8895
173.639 121.115 1.29692 -0.992729 0.0922239 9.96513 -0.0268129 6.29749
173.929 120.671 1.28628 -0.944026 0.0941226 10.4959 -0.0254195 6.70848
174.24 120.242 1.27562 -0.894532 0.0960362 11.0259 -0.0263578 7.1222
174.571 119.829 1.26421 -0.84423 0.0980181 11.5549 -0.0285607 7.53871
174.922 119.435 1.25174 -0.79309 0.100068 12.0827 -0.0307381 7.95827
175.291 119.059 1.23851 -0.741072 0.102124 12.6094 -0.0314982 8.38126
175.679 118.704 1.22538 -0.688142 0.104058 13.135 -0.0295189 8.8079
176.084 118.371 1.21379 -0.627605 0.105681 13.6596 -0.0237448 9.23814
176.616 117.986 1.2042 -0.565116 0.107019 14.3161 -0.0104209 9.78147
177.075 117.695 1.20289 -0.508467 0.106869 14.8598 0.00510713 10.2334
177.55 117.43 1.20928 -0.452286 0.105652 15.4032 0.0237786 10.6842
178.038 117.193 1.2245 -0.397257 0.10327 15.9457 0.0447459 11.1303
178.537 116.984 1.24896 -0.344076 0.0997283 16.4868 0.06726 11.5681
179.044 116.802 1.28299 -0.29338 0.0951454 17.0262 0.0947302 11.9945
179.559 116.646 1.32979 -0.245237 0.0897384 17.5634 0.133692 12.4062
180.079 116.516 1.38938 -0.197229 0.0887049 18.1 0.165128 12.8012
180.605 116.411 1.45471 -0.151362 0.0828351 18.6365 0.178436 13.1785
181.131 116.331 1.51765 -0.11991 0.0681478 19.1687 0.169151 13.5365
181.542 116.281 1.55975 -0.0843086 0.0585474 19.5821 0.141036 13.8051
182.171 116.228 1.6085 -0.0653507 0.0395532 20.2138 0.109022 14.2037
182.572 116.202 1.63489 -0.0500961 0.023289 20.6159 0.105689 14.4515
183.189 116.171 1.67606 -0.0374894 0.0289821 21.2327 0.117682 14.8242
183.699 116.152 1.71399 -0.0281065 0.0322626 21.744 0.134068 15.1259
184.108 116.14 1.74719 -0.0108058 0.0324831 22.1531 0.146263 15.3623
184.64 116.134 1.79285 0.00301925 0.0292944 22.6845 0.157057 15.6626
185.152 116.136 1.83799 0.0139375 0.0230914 23.197 0.161951 15.9449
185.657 116.143 1.88187 0.0219067 0.0173726 23.7015 0.160328 16.2162
186.155 116.154 1.92279 0.0271994 0.0120144 24.1998 0.151123 16.4781
186.648 116.167 1.95933 0.030131 0.00716971 24.693 0.135922 16.7321
187.137 116.182 1.9906 0.0340593 0.00295497 25.1822 0.115798 16.9798
187.748 116.203 2.02168 0.030421 -0.00201767 25.7938 0.0878106 17.2845
188.247 116.218 2.0404 0.0280838 -0.00439205 26.2925 0.065099 17.53
188.744 116.232 2.05365 0.0248701 -0.00603189 26.7903 0.0441104 17.7732
189.241 116.244 2.06209 0.0211411 -0.00699506 27.2876 0.0259793 18.0148
189.738 116.255 2.06653 0.0172134 -0.00736737 27.7846 0.0118044 18.2555
190.235 116.263 2.06816 0.0133488 -0.00725258 28.2815 0.00210527 18.4958
190.732 116.27 2.06804 0.00974917 -0.00676225 28.7785 -0.00225824 18.7362
191.229 116.275 2.06748 0.00655753 -0.00600673 29.2758 -0.00199139 18.9767
191.727 116.278 2.06743 0.00386217 -0.00508829 29.7735 -0.00190379 19
192.225 116.28 2.06743 0.00170401 -0.0040963 30.2716 -0.00190379 19
192.724 116.281 2.06743 8.28826e-05 -0.00310469 30.7701 -0.00190379 19
193.223 116.281 2.06743 8.28826e-05 -0.00217051 31.2691 -0.00190379 19
