429.257 252.563 1.70606 3.10383 -7.2706e-13 0 1.31134 0
428.756 252.582 1.98577 3.11076 -0.000798018 0.500635 0.803984 0.268921
428.256 252.597 2.16324 3.11878 -0.000631361 1.00111 0.688709 0.510129
427.756 252.609 2.3092 3.12643 -0.000482381 1.50142 0.620141 0.73354
427.256 252.616 2.43331 3.13372 -0.000350331 2.00161 0.557896 0.944352
426.756 252.62 2.5397 3.14063 -0.000234432 2.50172 0.500822 1.1454
426.256 252.621 2.63144 -3.13602 -0.000133879 3.00176 0.448196 1.33875
425.756 252.618 2.7108 -3.12984 -4.78491e-05 3.50178 0.399504 1.52592
425.256 252.612 2.77959 -3.12404 2.44938e-05 4.00178 0.354319 1.70809
424.756 252.603 2.83882 -3.11861 8.39948e-05 4.50178 0.312416 1.88601
424.256 252.592 2.88978 -3.11354 0.000131504 5.00181 0.273452 2.06049
423.756 252.578 2.93362 -3.10884 0.000167871 5.50187 0.237084 2.23221
423.256 252.561 2.9711 -3.10451 0.000193945 6.00197 0.203088 2.40165
422.756 252.543 3.00224 -3.10054 0.000210571 6.50212 0.171505 2.56902
422.257 252.522 3.02821 -3.09693 0.000218587 7.00232 0.14193 2.73489
421.757 252.5 3.04947 -3.09369 0.000218824 7.50258 0.114208 2.89954
421.257 252.476 3.06584 -3.09081 0.000212104 8.00289 0.0884339 3.06311
420.757 252.45 3.0783 -3.08829 0.000199238 8.50326 0.0642452 3.22597
420.258 252.424 3.08694 -3.08612 0.000181031 9.00367 0.041611 3.38829
419.758 252.396 3.09186 -3.08432 0.000158274 9.50413 0.0205079 3.55027
419.258 252.367 3.09365 -3.08287 0.000131751 10.0046 0.000707204 3.71208
418.759 252.338 3.09222 -3.08177 0.000102235 10.5052 -0.0177338 3.8739
418.259 252.308 3.08792 -3.08103 7.04898e-05 11.0057 -0.0349565 4.03588
417.759 252.278 3.08103 -3.08064 3.72757e-05 11.5063 -0.0510591 4.19814
417.26 252.247 3.0714 -3.08061 3.35886e-06 12.0069 -0.0659463 4.36088
416.76 252.217 3.05952 -3.08092 -3.04381e-05 12.5075 -0.079807 4.52416
416.26 252.186 3.0454 -3.08158 -6.31081e-05 13.008 -0.0926145 4.68813
415.761 252.156 3.02911 -3.08257 -9.3242e-05 13.5086 -0.104338 4.85296
415.261 252.127 3.01095 -3.08386 -0.000118881 14.0091 -0.115066 5.01867
414.761 252.098 2.99096 -3.0854 -0.000137802 14.5097 -0.124725 5.18544
414.262 252.07 2.96925 -3.08712 -0.000148412 15.0101 -0.133271 5.3534
413.762 252.043 2.94608 -3.08895 -0.000150723 15.5106 -0.140733 5.52258
413.262 252.016 2.92155 -3.09082 -0.000146489 16.011 -0.147036 5.69311
412.763 251.991 2.89578 -3.09267 -0.000138293 16.5113 -0.152058 5.86517
412.263 251.966 2.86904 -3.09448 -0.000128395 17.0117 -0.155824 6.03875
411.763 251.943 2.84152 -3.09624 -0.000118178 17.512 -0.158317 6.21394
411.263 251.92 2.81339 -3.09793 -0.000108267 18.0122 -0.159599 6.39086
410.764 251.898 2.78483 -3.09957 -9.88662e-05 18.5125 -0.159783 6.56961
410.264 251.877 2.75604 -3.10114 -9.00182e-05 19.0127 -0.159025 6.75017
409.764 251.857 2.72717 -3.10265 -8.17209e-05 19.5129 -0.157423 6.93261
409.264 251.838 2.69835 -3.10409 -7.39617e-05 20.0131 -0.155067 7.11697
408.764 251.819 2.66972 -3.10547 -6.67253e-05 20.5132 -0.15204 7.30329
408.265 251.801 2.64143 -3.10679 -5.99952e-05 21.0134 -0.148408 7.49164
407.765 251.783 2.61357 -3.10803 -5.37538e-05 21.5135 -0.14425 7.68201
407.265 251.767 2.58627 -3.10921 -4.79823e-05 22.0136 -0.139624 7.87438
406.765 251.75 2.55962 -3.11032 -4.26607e-05 22.5137 -0.134571 8.06876
406.265 251.735 2.53373 -3.11136 -3.77682e-05 23.0138 -0.129118 8.26514
405.765 251.72 2.50869 -3.11233 -3.32826e-05 23.5138 -0.123279 8.4635
405.266 251.705 2.48462 -3.11323 -2.91808e-05 24.0139 -0.117053 8.6638
404.766 251.691 2.46161 -3.11406 -2.54386e-05 24.514 -0.110422 8.86601
404.266 251.677 2.43979 -3.11482 -2.20305e-05 25.014 -0.10335 9.07006
403.766 251.664 2.41929 -3.1155 -1.89302e-05 25.5141 -0.095788 9.27589
403.266 251.651 2.40024 -3.11612 -1.61103e-05 26.0141 -0.0876657 9.4834
402.766 251.638 2.3828 -3.11665 -1.35422e-05 26.5142 -0.0788983 9.69249
402.266 251.625 2.36717 -3.11712 -1.11964e-05 27.0142 -0.0693786 9.90304
401.766 251.613 2.35359 -3.1175 -9.04219e-06 27.5142 -0.0589756 10.1149
401.267 251.601 2.34225 -3.11781 -7.04787e-06 28.0143 -0.0475717 10.3279
400.767 251.589 2.33341 -3.11805 -5.18068e-06 28.5143 -0.0350265 10.5418
400.267 251.578 2.32736 -3.1182 -3.40677e-06 29.0143 -0.0211925 10.7564
399.767 251.566 2.32427 -3.11829 -1.69126e-06 29.5144 -0.00863067 10.9714
399.267 251.554 2.324 -3.11829 -5.44821e-07 30.0144 -0.00760421 11
