169.926 234.416 1.62846 -1.53243 0.0164458 0 0.39274 0
169.946 233.91 1.67781 -1.52807 0.0114648 0.506536 0.068983 0.304828
169.967 233.406 1.69885 -1.52647 0.00686508 1.01079 0.0700241 0.603503
169.989 232.904 1.71827 -1.52699 0.002773 1.51297 0.0607051 0.897383
170.011 232.404 1.73355 -1.52931 -0.000664058 2.01336 0.0438349 1.18723
170.032 231.906 1.74313 -1.53303 -0.0033574 2.51231 0.0225026 1.47416
170.051 231.408 1.74633 -1.53776 -0.00528227 3.01018 -0.000420895 1.75943
170.067 230.911 1.74313 -1.54311 -0.00647295 3.50735 -0.0223064 2.0443
170.081 230.415 1.73407 -1.54873 -0.00701042 4.00413 -0.0411647 2.32996
170.092 229.918 1.72007 -1.55433 -0.00700614 4.50082 -0.056333 2.61749
170.1 229.421 1.70208 -1.55987 -0.00658541 4.99764 -0.06754 2.90778
170.105 228.931 1.68144 -1.56486 -0.00587313 5.48806 -0.0745537 3.19763
170.108 228.441 1.65908 -1.56925 -0.00498351 5.97773 -0.0775046 3.4908
170.109 227.949 1.636 -1.57313 -0.00401388 6.46987 -0.0765493 3.78952
170.108 227.455 1.61335 -1.57647 -0.00304216 6.96434 -0.0718541 4.09388
170.105 226.958 1.59228 -1.57933 -0.00212687 7.46093 -0.0636687 4.40374
170.101 226.46 1.57398 -1.58173 -0.00130873 7.95931 -0.052323 4.71863
170.095 225.96 1.5595 -1.58375 -0.000612986 8.45917 -0.0382393 5.03776
170.089 225.459 1.54977 -1.58544 -5.19271e-05 8.96014 -0.0218482 5.36009
170.082 224.957 1.54558 -1.58689 0.000372665 9.4619 -0.00359879 5.68439
170.074 224.455 1.54757 -1.58814 0.000667248 9.96414 0.0160772 6.00925
170.065 223.953 1.55615 -1.58926 0.000844454 10.4666 0.0367448 6.33313
170.056 223.45 1.57137 -1.5903 0.000921188 10.9691 0.0579658 6.65458
170.046 222.948 1.59315 -1.5913 0.000916866 11.4714 0.0793406 6.97218
170.035 222.446 1.62123 -1.59227 0.000851795 11.9735 0.100482 7.28471
170.025 221.944 1.65515 -1.59325 0.000745694 12.4753 0.12101 7.59113
170.013 221.443 1.69434 -1.59422 0.000616363 12.9768 0.140552 7.89064
170.002 220.942 1.73809 -1.59518 0.000478572 13.4779 0.158745 8.1827
169.989 220.441 1.78562 -1.5961 0.00034346 13.9788 0.175232 8.46701
169.977 219.941 1.83611 -1.59693 0.000218893 14.4794 0.18967 8.74351
169.964 219.441 1.88873 -1.59764 0.000110727 14.9799 0.201739 9.01233
169.95 218.94 1.94269 -1.59821 2.3787e-05 15.4802 0.211022 9.27348
169.937 218.44 1.99712 -1.59865 -3.86825e-05 15.9804 0.217234 9.52744
169.923 217.94 2.05122 -1.59901 -7.64535e-05 16.4807 0.22003 9.77458
169.909 217.44 2.10415 -1.59932 -9.26682e-05 16.9809 0.21908 10.0154
169.894 216.94 2.15507 -1.5996 -9.24921e-05 17.4811 0.214174 10.2502
169.88 216.44 2.20336 -1.59986 -8.13347e-05 17.9814 0.205957 10.4798
169.865 215.94 2.24849 -1.60012 -6.38318e-05 18.4817 0.194926 10.7046
169.851 215.44 2.28997 -1.60036 -4.36224e-05 18.9821 0.181438 10.925
169.836 214.94 2.32761 -1.60059 -2.34355e-05 19.4826 0.16592 11.1417
169.821 214.439 2.36123 -1.60081 -5.19327e-06 19.9831 0.148834 11.3552
169.806 213.939 2.39069 -1.60103 9.90405e-06 20.4836 0.130698 11.5658
169.791 213.439 2.41598 -1.60123 2.12832e-05 20.9842 0.111962 11.7741
169.776 212.938 2.43714 -1.60143 2.88788e-05 21.4847 0.093015 11.9804
169.76 212.438 2.45426 -1.60162 3.30007e-05 21.9853 0.0742079 12.185
169.745 211.938 2.46749 -1.6018 3.42009e-05 22.4859 0.0558634 12.3884
169.729 211.437 2.47702 -1.60197 3.31525e-05 22.9865 0.0382887 12.5909
169.714 210.937 2.48308 -1.60214 3.05496e-05 23.4871 0.021783 12.7927
169.698 210.437 2.48593 -1.60231 2.70324e-05 23.9877 0.00664632 12.9942
169.682 209.936 2.48589 -1.60246 2.31374e-05 24.4883 -0.00681579 13.1955
169.666 209.436 2.48334 -1.60261 1.92725e-05 24.9889 -0.0182865 13.397
169.65 208.936 2.4787 -1.60274 1.57117e-05 25.4895 -0.0274338 13.5987
169.634 208.435 2.47246 -1.60287 1.26051e-05 25.9901 -0.0339004 13.8009
169.618 207.935 2.4652 -1.60298 9.99914e-06 26.4907 -0.0373068 14.0037
169.602 207.435 2.45756 -1.60309 7.86186e-06 26.9913 -0.0373319 14.2071
169.586 206.934 2.45026 -1.60317 6.10958e-06 27.4918 -0.0338612 14.4111
169.57 206.434 2.44401 -1.60324 4.63129e-06 27.9924 -0.0268277 14.6157
169.554 205.934 2.43956 -1.6033 3.30896e-06 28.493 -0.0161621 14.8207
169.537 205.433 2.43748 -1.60334 2.03279e-06 28.9936 -0.00780166 15
169.521 204.933 2.43748 -1.60336 7.1107e-07 29.4942 -0.00780166 15
169.505 204.433 2.43748 -1.60336 -1.06627e-07 29.9948 -0.00780166 15
