363.768 251.252 3.01525 -3.12926 1.516e-15 0 -0.00216213 0
363.268 251.246 3.01533 -3.12923 -2.25295e-08 0.5 0.0013008 0.165822
362.768 251.239 3.01555 -3.12919 -1.51985e-08 1 0.00101838 0.331635
362.268 251.233 3.01572 -3.12916 -1.00044e-08 1.5 0.000725713 0.497437
361.768 251.227 3.01584 -3.12914 -6.36303e-09 2 0.000415038 0.66323
361.268 251.221 3.0159 -3.12913 -3.80634e-09 2.5 8.20468e-05 0.829019
360.768 251.214 3.01591 -3.12912 -1.97105e-09 3 -0.000279355 0.994806
360.268 251.208 3.01585 -3.12912 -5.87606e-10 3.5 -0.000678842 1.16059
359.768 251.202 3.01573 -3.12912 5.31312e-10 4 -0.00111891 1.32639
359.268 251.196 3.01552 -3.12913 1.50177e-09 4.5 -0.00160661 1.49219
358.768 251.19 3.01523 -3.12914 2.38023e-09 5 -0.00215235 1.658
358.268 251.183 3.01484 -3.12915 3.17426e-09 5.5 -0.002757 1.82384
357.768 251.177 3.01435 -3.12916 3.85421e-09 6 -0.00342876 1.9897
357.269 251.171 3.01373 -3.12917 4.36425e-09 6.5 -0.00417782 2.15559
356.769 251.165 3.01299 -3.12918 4.63369e-09 7 -0.00500362 2.32151
356.269 251.158 3.0121 -3.1292 4.5882e-09 7.5 -0.00591545 2.48748
355.769 251.152 3.01105 -3.12921 4.16109e-09 8 -0.00692243 2.65351
355.269 251.146 3.00983 -3.12921 3.30442e-09 8.5 -0.00802259 2.81959
354.769 251.14 3.00841 -3.12922 2.00057e-09 9 -0.009226 2.98575
354.269 251.134 3.00678 -3.12922 2.73153e-10 9.5 -0.0105399 3.152
353.769 251.127 3.00492 -3.12921 -1.8015e-09 10 -0.0119608 3.31834
353.269 251.121 3.00282 -3.1292 -4.08317e-09 10.5 -0.0134988 3.48479
352.769 251.115 3.00044 -3.12919 -6.35635e-09 11 -0.0151586 3.65137
352.269 251.109 2.99778 -3.12917 -8.31879e-09 11.5 -0.0169349 3.81808
351.769 251.103 2.9948 -3.12914 -9.56928e-09 12 -0.0188362 3.98495
351.269 251.096 2.99149 -3.1291 -9.59495e-09 12.5 -0.0208646 4.152
350.769 251.09 2.98784 -3.12905 -7.76914e-09 13 -0.0230122 4.31924
350.269 251.084 2.98381 -3.12899 -3.40769e-09 13.5 -0.0252837 4.48669
349.769 251.078 2.97936 -3.12893 4.00601e-09 14 -0.0276788 4.65439
349.269 251.071 2.97452 -3.12886 1.43446e-08 14.5 -0.0301853 4.82234
348.769 251.065 2.96923 -3.12878 2.632e-08 15 -0.0328019 4.99058
348.269 251.059 2.96347 -3.12871 3.752e-08 15.5 -0.035525 5.15914
347.769 251.052 2.95724 -3.12864 4.5361e-08 16 -0.038337 5.32803
347.269 251.046 2.95053 -3.12857 4.83363e-08 16.5 -0.041228 5.49729
346.769 251.039 2.94327 -3.12852 4.64905e-08 17 -0.0441885 5.66697
346.269 251.033 2.9355 -3.12848 4.09012e-08 17.5 -0.0471941 5.83707
345.769 251.026 2.92721 -3.12845 3.28915e-08 18 -0.0502261 6.00762
345.269 251.019 2.91836 -3.12843 2.35879e-08 18.5 -0.0532602 6.1787
344.77 251.013 2.90896 -3.12842 1.38427e-08 19 -0.0562661 6.35031
344.27 251.006 2.89902 -3.12841 4.29375e-09 19.5 -0.059213 6.52248
343.77 251 2.88856 -3.12842 -4.57861e-09 20 -0.062064 6.69524
343.27 250.993 2.87755 -3.12843 -1.2421e-08 20.5 -0.0647653 6.86869
342.77 250.987 2.86605 -3.12844 -1.89905e-08 21 -0.0672773 7.04279
342.27 250.98 2.8541 -3.12847 -2.41421e-08 21.5 -0.0695476 7.2176
341.77 250.973 2.84172 -3.12849 -2.78175e-08 22 -0.0715083 7.39316
341.27 250.967 2.82896 -3.12852 -3.00338e-08 22.5 -0.0730723 7.56952
340.77 250.96 2.81591 -3.12856 -3.08731e-08 23 -0.0741811 7.74667
340.27 250.954 2.80265 -3.12859 -3.04668e-08 23.5 -0.0747502 7.92465
339.77 250.947 2.78929 -3.12863 -2.89933e-08 24 -0.0746861 8.10346
339.27 250.941 2.77594 -3.12867 -2.66581e-08 24.5 -0.0738395 8.28316
338.77 250.934 2.76276 -3.12871 -2.36867e-08 25 -0.0721204 8.46372
338.27 250.928 2.74991 -3.12875 -2.03127e-08 25.5 -0.0694118 8.64512
337.77 250.921 2.73759 -3.12879 -1.67668e-08 26 -0.065578 8.82735
337.27 250.915 2.72603 -3.12882 -1.32643e-08 26.5 -0.0604733 9.01038
336.77 250.909 2.71549 -3.12885 -9.99847e-09 27 -0.0539143 9.19415
336.27 250.902 2.70631 -3.12888 -7.12092e-09 27.5 -0.0457077 9.37861
335.77 250.896 2.69878 -3.12891 -4.73877e-09 28 -0.0357271 9.56364
335.27 250.89 2.69324 -3.12893 -2.89931e-09 28.5 -0.023798 9.74911
334.77 250.883 2.69002 -3.12894 -1.57951e-09 29 -0.0112611 9.93488
334.27 250.877 2.68932 -3.12895 -6.75116e-10 29.5 -0.00870626 10
333.77 250.871 2.68932 -3.12895 -1.99257e-10 30 -0.00870626 10
