171.53 135.723 2.49683 -1.54426 -0.00382677 0 -0.216234 0
171.543 135.225 2.47394 -1.54716 -0.0045017 0.497756 -0.0882248 0.200434
171.555 134.728 2.45441 -1.55044 -0.00501657 0.995232 -0.108165 0.402287
171.565 134.23 2.43052 -1.55384 -0.00531858 1.49253 -0.129295 0.605865
171.574 133.733 2.40194 -1.55724 -0.00532497 1.9898 -0.15096 0.811643
171.581 133.236 2.36845 -1.56043 -0.00495194 2.48721 -0.172249 1.02017
171.586 132.738 2.32998 -1.56319 -0.00411973 2.985 -0.192332 1.23204
171.589 132.24 2.28659 -1.56525 -0.00275782 3.48342 -0.210665 1.44794
171.592 131.74 2.23844 -1.56633 -0.000809996 3.98275 -0.22655 1.66858
171.594 131.24 2.18587 -1.56611 0.00176136 4.48331 -0.239086 1.89473
171.597 130.738 2.12923 -1.56426 0.0049721 4.9854 -0.247383 2.12751
171.6 130.234 2.06927 -1.56045 0.00881451 5.48936 -0.252189 2.36756
171.605 129.728 2.00646 -1.55437 0.0132569 5.99549 -0.253578 2.61585
171.614 129.219 1.94136 -1.5457 0.0182442 6.50409 -0.251445 2.87355
171.627 128.708 1.87469 -1.53418 0.0236998 7.01542 -0.245816 3.14157
171.645 128.194 1.80725 -1.51958 0.0295277 7.5297 -0.2367 3.42089
171.672 127.677 1.73997 -1.50173 0.0356151 8.04713 -0.224193 3.71263
171.708 127.158 1.67392 -1.48049 0.0418366 8.56781 -0.208529 4.01775
171.755 126.636 1.61028 -1.45584 0.0480579 9.09181 -0.190088 4.33699
171.816 126.112 1.55025 -1.42778 0.0541425 9.61911 -0.16941 4.67076
171.891 125.587 1.49506 -1.39642 0.0599582 10.1496 -0.147155 5.01929
171.984 125.062 1.44583 -1.36194 0.0653864 10.6832 -0.124121 5.38233
172.095 124.537 1.40344 -1.32456 0.0703308 11.2197 -0.101213 5.7591
172.226 124.014 1.36837 -1.28458 0.0747268 11.7587 -0.0793508 6.14823
172.379 123.495 1.34071 -1.24232 0.0785475 12.3 -0.0594288 6.54804
172.554 122.98 1.32005 -1.19808 0.0818074 12.8433 -0.0422408 6.95657
172.753 122.473 1.30549 -1.15217 0.0845606 13.3882 -0.0283954 7.37182
172.975 121.974 1.2958 -1.10493 0.0868951 13.9346 -0.018311 7.79198
173.218 121.49 1.28954 -1.05696 0.0889217 14.4755 -0.0121839 8.21048
173.484 121.02 1.28506 -1.00803 0.0907601 15.0158 -0.00968304 8.63026
173.772 120.563 1.28095 -0.958146 0.0925231 15.5561 -0.0102709 9.05137
174.082 120.121 1.27606 -0.907329 0.0943001 16.0962 -0.0131813 9.47375
174.415 119.696 1.26961 -0.855562 0.0961419 16.6359 -0.0174004 9.89767
174.768 119.289 1.26125 -0.802824 0.098048 17.175 -0.0217327 10.3237
175.142 118.901 1.25118 -0.749117 0.0999583 17.7136 -0.0249298 10.7524
175.536 118.535 1.24011 -0.694502 0.101752 18.2516 -0.0258844 11.1843
175.949 118.191 1.22919 -0.631556 0.103252 18.789 -0.0237625 11.6196
176.489 117.796 1.218 -0.568586 0.104484 19.4582 -0.0163147 12.1667
176.959 117.496 1.21257 -0.510577 0.10431 20.0153 -0.00702765 12.6252
177.445 117.224 1.2118 -0.453134 0.103133 20.5719 0.0038617 13.0845
177.944 116.981 1.21617 -0.396949 0.100855 21.1276 0.0151237 13.5424
178.455 116.767 1.22544 -0.342713 0.0974782 21.6815 0.0256886 13.9963
178.974 116.581 1.23936 -0.291048 0.0931071 22.233 0.0377729 14.444
179.5 116.424 1.26045 -0.241984 0.0879405 22.7817 0.0590988 14.8832
180.032 116.293 1.28929 -0.193119 0.0869437 23.3295 0.0715611 15.3131
180.569 116.188 1.31826 -0.146439 0.0813601 23.8769 0.0631898 15.7328
181.105 116.109 1.33782 -0.112496 0.0672172 24.4187 0.0274365 16.1404
181.524 116.061 1.33916 -0.0788854 0.057919 24.8401 -0.0184417 16.455
182.159 116.011 1.31913 -0.0559579 0.0393247 25.4768 -0.0587601 16.9334
182.563 115.988 1.29966 -0.0433579 0.023435 25.882 -0.065301 17.2428
183.181 115.962 1.26921 -0.0286738 0.0287378 26.5008 -0.0589227 17.7247
183.695 115.947 1.24733 -0.0162202 0.0320084 27.0151 -0.0476636 18.1335
184.108 115.94 1.23345 -0.00103781 0.0322591 27.4279 -0.0351469 18.4664
184.642 115.94 1.22298 0.0137396 0.0291929 27.9621 -0.0110746 18.9016
185.157 115.947 1.22204 0.0254042 0.0230883 28.4768 -0.00781708 19
185.663 115.959 1.22204 0.0340714 0.0174084 28.983 -0.00781708 19
186.162 115.977 1.22204 0.0400229 0.0120791 29.4824 -0.00781708 19
186.656 115.996 1.22204 0.0435676 0.00724646 29.9762 -0.00781708 19
187.144 116.018 1.22204 0.0451857 0.00303051 30.4655 -0.00781708 19
187.755 116.045 1.22204 0.0445057 -0.00196178 31.0765 -0.00781708 19
188.253 116.067 1.22204 0.0445057 -0.00435305 31.5749 -0.00781708 19
