192.749 115.975 2.06897 0.0201566 -0.00314377 0 0.666063 2.3875e-09
193.246 115.985 2.23271 0.0247676 -0.00213677 0.497027 0.689474 0.230752
193.744 115.998 2.37241 0.0306171 -0.00122421 0.995704 0.603002 0.447128
194.244 116.013 2.48834 0.0364398 -0.000446702 1.49575 0.525116 0.652764
194.745 116.031 2.58498 0.0422487 0.000182952 1.99687 0.454219 0.850222
195.245 116.052 2.66536 0.0478968 0.000662293 2.49751 0.389207 1.04086
195.745 116.076 2.732 0.0533169 0.000997353 2.99813 0.328932 1.22634
196.245 116.103 2.78675 0.0584672 0.00120077 3.49894 0.27253 1.40784
196.745 116.132 2.83052 0.0632969 0.00128991 3.9999 0.219484 1.58613
197.245 116.164 2.86451 0.0677647 0.00128512 4.50095 0.169208 1.76201
197.745 116.198 2.88979 0.0718395 0.00120794 5.00205 0.121252 1.93613
198.245 116.234 2.90697 0.0755003 0.0010797 5.50318 0.0753392 2.10902
198.745 116.272 2.91604 0.0787352 0.000920126 6.00432 0.0313766 2.2811
199.245 116.311 2.91767 0.0815407 0.000746429 6.50548 -0.0108456 2.45288
199.744 116.352 2.91238 0.08392 0.000572617 7.00664 -0.0514639 2.62476
200.244 116.394 2.9003 0.0858819 0.000409233 7.50781 -0.0905019 2.79715
200.743 116.437 2.88116 0.0874405 0.000263516 8.00899 -0.127852 2.97053
201.242 116.481 2.85564 0.0886178 0.000140014 8.51019 -0.163615 3.14524
201.741 116.525 2.82382 0.0894477 4.15001e-05 9.0114 -0.197718 3.32168
202.241 116.57 2.78574 0.0899814 -3.03803e-05 9.51264 -0.230059 3.50029
202.74 116.615 2.7411 0.0902859 -7.54138e-05 10.0139 -0.260383 3.68172
203.239 116.66 2.69035 0.0904349 -9.58205e-05 10.5152 -0.28863 3.8663
203.738 116.705 2.6335 0.0904948 -9.64902e-05 11.0164 -0.314586 4.0546
204.238 116.751 2.57061 0.0905138 -8.39952e-05 11.5177 -0.338081 4.24723
204.737 116.796 2.50168 0.0905205 -6.47175e-05 12.019 -0.359035 4.44486
205.236 116.841 2.42675 0.0905281 -4.3593e-05 12.5203 -0.377328 4.64828
205.735 116.886 2.34582 0.090541 -2.38366e-05 13.0217 -0.392749 4.85833
206.235 116.932 2.25896 0.0905593 -7.24758e-06 13.523 -0.404979 5.076
206.734 116.977 2.16625 0.0905816 5.37334e-06 14.0243 -0.413702 5.30241
207.233 117.023 2.06754 0.090606 1.39011e-05 14.5257 -0.418495 5.53944
207.732 117.068 1.96333 0.0906309 1.86616e-05 15.027 -0.4192 5.78805
208.232 117.113 1.85362 0.0906546 2.02613e-05 15.5283 -0.414907 6.05091
208.731 117.159 1.7391 0.0906762 1.94474e-05 16.0297 -0.404956 6.32998
209.23 117.204 1.62054 0.0906948 1.69941e-05 16.531 -0.388537 6.62849
209.73 117.249 1.49931 0.0907102 1.36184e-05 17.0323 -0.36455 6.95007
210.229 117.295 1.37772 0.090722 9.92323e-06 17.5337 -0.331555 7.29852
210.728 117.34 1.25963 0.0907306 6.36831e-06 18.035 -0.288095 7.67927
211.227 117.386 1.15073 0.0907362 3.26342e-06 18.5363 -0.233312 8.09578
211.727 117.431 1.05969 0.090739 7.78872e-07 19.0377 -0.166871 8.55061
212.226 117.477 0.999594 0.0907396 -1.03224e-06 19.539 -0.103714 9
212.725 117.522 0 0.0907396 -2.15398e-06 20.0403 0 9
