170.244 240.087 1.1888 -1.75568 0.0791532 0 0.102385 7.18916e-07
170.145 239.557 1.18109 -1.71591 0.0689021 0.539319 0.00491046 0.454972
170.068 239.029 1.19741 -1.68507 0.0579492 1.07305 0.0642202 0.904636
170.019 238.6 1.22662 -1.65565 0.0525062 1.50471 0.0973812 1.26101
169.966 237.982 1.28199 -1.62841 0.0420474 2.125 0.122043 1.75594
169.936 237.468 1.33245 -1.61251 0.0319792 2.64012 0.135519 2.15013
169.918 237.028 1.37933 -1.597 0.0321314 3.08028 0.154275 2.47492
169.903 236.439 1.45009 -1.57754 0.0314843 3.6698 0.186323 2.89202
169.899 235.924 1.51993 -1.56192 0.0294887 4.18456 0.216268 3.23875
169.904 235.411 1.59582 -1.54773 0.0261614 4.69751 0.24421 3.5682
169.916 234.9 1.67592 -1.53563 0.0216817 5.20862 0.267766 3.8808
169.933 234.392 1.75817 -1.52608 0.0165203 5.71742 0.286833 4.17719
169.956 233.886 1.84124 -1.51914 0.0115854 6.22382 0.303115 4.45858
169.982 233.382 1.92418 -1.51468 0.00699193 6.72796 0.315708 4.72643
170.01 232.881 2.00597 -1.51245 0.00289599 7.23006 0.323638 4.98201
170.039 232.382 2.08544 -1.51213 -0.000555652 7.73043 0.325134 5.22657
170.069 231.883 2.16127 -1.51336 -0.00327315 8.22942 0.319222 5.46153
170.097 231.386 2.23237 -1.51573 -0.00522937 8.72742 0.306502 5.68829
170.125 230.89 2.29769 -1.51887 -0.00645557 9.22478 0.287269 5.90786
170.15 230.393 2.35636 -1.5221 -0.00702963 9.72184 0.261612 6.12136
170.174 229.906 2.40686 -1.52562 -0.0070603 10.21 0.230152 6.32628
170.196 229.421 2.44947 -1.52922 -0.00667085 10.6953 0.195266 6.52611
170.216 228.934 2.48455 -1.5326 -0.00598487 11.1829 0.158903 6.72371
170.235 228.444 2.51223 -1.53567 -0.00511591 11.6729 0.122666 6.9198
170.252 227.952 2.53279 -1.53837 -0.00416123 12.1654 0.0876234 7.11498
170.268 227.457 2.54665 -1.54069 -0.00319906 12.6601 0.0543887 7.30973
170.283 226.961 2.55424 -1.54265 -0.00228851 13.1568 0.0232307 7.50446
170.297 226.463 2.55595 -1.5443 -0.00147105 13.6553 -0.00582231 7.69951
170.311 225.963 2.55212 -1.54569 -0.00077267 14.1551 -0.0328756 7.89518
170.323 225.462 2.54314 -1.54691 -0.00020636 14.656 -0.0581622 8.09175
170.335 224.961 2.52927 -1.54799 0.000225561 15.1575 -0.0819021 8.28949
170.347 224.459 2.51072 -1.54901 0.000529077 15.6595 -0.104292 8.48865
170.358 223.957 2.48763 -1.54997 0.000716238 16.1616 -0.125471 8.68954
170.368 223.455 2.46014 -1.55091 0.000803211 16.6637 -0.145472 8.89246
170.378 222.953 2.42836 -1.55183 0.000808676 17.1657 -0.164223 9.09777
170.388 222.452 2.39236 -1.55274 0.00075243 17.6673 -0.181491 9.30587
170.397 221.95 2.35232 -1.55367 0.000654027 18.1686 -0.196905 9.51719
170.405 221.449 2.30852 -1.55462 0.000531544 18.6696 -0.20994 9.73218
170.413 220.949 2.26137 -1.55558 0.000400595 19.1702 -0.2199 9.95129
170.421 220.449 2.21145 -1.55656 0.000273701 19.6706 -0.226006 10.175
170.428 219.948 2.15945 -1.55755 0.000160014 20.1708 -0.228119 10.4038
170.435 219.449 2.1061 -1.55854 6.53638e-05 20.6708 -0.226466 10.6383
170.441 218.949 2.05219 -1.55952 -7.44001e-06 21.1706 -0.221635 10.8787
170.446 218.449 1.9984 -1.56047 -5.81204e-05 21.6704 -0.213917 11.1255
170.452 217.949 1.94544 -1.56139 -8.83418e-05 22.1701 -0.203748 11.3789
170.456 217.45 1.89396 -1.56226 -0.00010109 22.6699 -0.191538 11.6393
170.461 216.95 1.84453 -1.56308 -0.000100082 23.1697 -0.177761 11.9067
170.464 216.45 1.7978 -1.56384 -8.92618e-05 23.6695 -0.162827 12.1812
170.468 215.95 1.75417 -1.56454 -7.23922e-05 24.1694 -0.147235 12.4628
170.471 215.45 1.714 -1.56518 -5.27708e-05 24.6693 -0.131455 12.7511
170.474 214.95 1.67754 -1.56576 -3.30565e-05 25.1692 -0.115946 13.046
170.476 214.45 1.64488 -1.56627 -1.51976e-05 25.6692 -0.101158 13.3471
170.479 213.95 1.61598 -1.56673 -4.42823e-07 26.1693 -0.0875122 13.6538
170.481 213.45 1.59061 -1.56712 1.05877e-05 26.6693 -0.0753899 13.9658
170.482 212.95 1.56842 -1.56745 1.77911e-05 27.1694 -0.0649595 14.2824
170.484 212.45 1.54909 -1.56773 2.14524e-05 27.6695 -0.0554785 14.6032
170.486 211.95 1.53267 -1.56794 2.21122e-05 28.1695 -0.0457359 14.9279
170.487 211.45 1.51948 -1.56811 2.04458e-05 28.6696 -0.0345257 15.2556
170.488 210.95 1.51017 -1.56821 1.71612e-05 29.1697 -0.0214489 15.5858
170.49 210.45 1.50547 -1.56827 1.29217e-05 29.6698 -0.00690862 15.9175
170.491 209.95 1.50497 -1.56827 8.81331e-06 30.1698 -0.00495048 16
