190.781 115.93 1.68166e-07 0.0257478 -0.00680054 0 7.25881e-09 0
191.27 115.943 1.21699 0.0206199 -0.00603873 0.489137 1.59811 1.13989
191.761 115.953 1.70445 0.0156484 -0.00510189 0.979854 1.31906 1.47428
192.254 115.961 2.02473 0.0113335 -0.00409181 1.47284 1.11411 1.7379
192.749 115.966 2.26235 0.00767586 -0.00308404 1.96796 0.947127 1.96858
193.246 115.97 2.44719 0.00464619 -0.00213706 2.465 0.804924 2.17953
193.745 115.973 2.59389 0.00219362 -0.0012928 2.96369 0.680848 2.3772
194.245 115.974 2.7115 0.000253469 -0.000577953 3.46373 0.570678 2.56552
194.746 115.974 2.80596 -0.00124584 -5.84893e-06 3.96479 0.4716 2.74703
195.248 115.973 2.88135 -0.00237683 0.00042146 4.46657 0.381687 2.92346
195.75 115.972 2.9404 -0.00320818 0.000710979 4.96879 0.299671 3.096
196.252 115.97 2.98439 -0.00380118 0.000876564 5.47121 0.224953 3.26545
196.755 115.968 3.01625 -0.00420737 0.000936771 5.97363 0.156028 3.43286
197.257 115.966 3.03721 -0.00446727 0.00091283 6.47588 0.0922429 3.59879
197.759 115.964 3.04715 -0.00461018 0.000826817 6.97787 0.0335501 3.76373
198.261 115.962 3.04819 -0.00465501 0.000700065 7.47953 -0.0211016 3.9283
198.762 115.959 3.04071 -0.00461228 0.000551911 7.98082 -0.0719579 4.09291
199.263 115.957 3.02465 -0.00448763 0.000398825 8.48176 -0.119088 4.25808
199.763 115.955 3.00126 -0.00428688 0.000253916 8.98238 -0.163113 4.42419
200.264 115.953 2.9706 -0.0040212 0.000126749 9.48272 -0.204134 4.59169
200.764 115.951 2.93257 -0.00370951 2.33216e-05 9.98283 -0.242205 4.76116
201.264 115.949 2.88791 -0.00337552 -5.38136e-05 10.4828 -0.277707 4.93291
201.764 115.947 2.83668 -0.00304109 -0.000105146 10.9826 -0.31074 5.10743
202.263 115.946 2.77856 -0.0027207 -0.000133411 11.4824 -0.341273 5.28544
202.763 115.944 2.71377 -0.00242035 -0.000142646 11.9822 -0.369454 5.46746
203.263 115.943 2.64236 -0.00214012 -0.000137389 12.4819 -0.39535 5.65408
203.763 115.942 2.56417 -0.00187769 -0.00012213 12.9818 -0.418928 5.84605
204.263 115.941 2.47899 -0.00163071 -0.000100972 13.4816 -0.440101 6.04426
204.763 115.94 2.3866 -0.00139782 -7.74028e-05 13.9816 -0.458816 6.24973
205.263 115.94 2.28666 -0.00117881 -5.41758e-05 14.4816 -0.475146 6.46366
205.763 115.939 2.17875 -0.000974381 -3.32601e-05 14.9816 -0.489136 6.68746
206.263 115.939 2.06194 -0.000785774 -1.58728e-05 15.4817 -0.500638 6.92336
206.763 115.938 1.93551 -0.000614501 -2.56795e-06 15.9818 -0.509501 7.17357
207.263 115.938 1.7981 -0.000462065 6.63706e-06 16.4819 -0.515662 7.44152
207.763 115.938 1.64787 -0.000329776 1.21183e-05 16.982 -0.519142 7.73173
208.263 115.937 1.48177 -0.000218635 1.45027e-05 17.4821 -0.519635 8.0514
208.763 115.937 1.29516 -0.000129275 1.45394e-05 17.9823 -0.516716 8.41134
209.263 115.937 1.07854 -6.19541e-05 1.29929e-05 18.4824 -0.510198 8.83307
209.764 115.937 0.875105 -1.65936e-05 1.05641e-05 18.9825 -0.334849 9.34979
210.264 115.937 0.666822 8.23939e-06 7.83779e-06 19.4826 -0.275864 10
210.764 115.937 0 8.23939e-06 5.02929e-06 19.9827 0 10
