169.983 233.045 2.03655 -1.52947 0.00473538 0 0.2358 0
170.004 232.556 2.03503 -1.53529 0.0009888 0.48855 -0.209917 0.238942
170.021 232.072 1.97259 -1.54361 -0.00201533 0.97337 -0.260312 0.480735
170.034 231.59 1.91092 -1.55267 -0.00425429 1.45586 -0.236849 0.729309
170.043 231.108 1.85283 -1.56207 -0.00573625 1.93729 -0.217558 0.985144
170.047 230.627 1.79775 -1.57144 -0.00652385 2.41878 -0.20037 1.24906
170.046 230.144 1.7454 -1.58049 -0.00671876 2.90126 -0.184037 1.52141
170.042 229.66 1.69583 -1.58899 -0.00644425 3.38543 -0.168112 1.80279
170.033 229.174 1.64926 -1.59678 -0.00582919 3.87178 -0.15223 2.09366
170.02 228.685 1.60594 -1.59302 -0.00499553 4.36061 -0.136192 2.39407
170.006 228.067 1.55667 -1.60981 -0.00356322 4.97942 -0.115615 2.7856
169.987 227.568 1.52195 -1.61513 -0.00260352 5.47825 -0.0986227 3.10974
169.965 227.069 1.4921 -1.61961 -0.00171321 5.97766 -0.0817924 3.44127
169.94 226.57 1.46721 -1.62329 -0.00093164 6.47763 -0.0655243 3.77926
169.914 226.07 1.44737 -1.62624 -0.000282418 6.97812 -0.0501525 4.1228
169.886 225.57 1.43243 -1.62853 0.000223985 7.47906 -0.0359804 4.47081
169.858 225.069 1.42207 -1.63021 0.000587686 7.98038 -0.0232501 4.82214
169.828 224.569 1.41586 -1.63137 0.000817054 8.482 -0.0121377 5.17574
169.797 224.068 1.41327 -1.63205 0.000926564 8.98384 -0.0027328 5.53057
169.767 223.567 1.41371 -1.63232 0.000934835 9.48582 0.00496521 5.88576
169.736 223.066 1.41659 -1.6322 0.000862805 9.98786 0.0110054 6.24057
169.705 222.564 1.42132 -1.63173 0.000732087 10.4899 0.0155449 6.59443
169.674 222.063 1.4274 -1.63093 0.000563522 10.9919 0.0187246 6.94688
169.644 221.562 1.43435 -1.65468 0.000376007 11.4938 0.0207954 7.29768
169.613 221.186 1.43995 -1.62838 0.00025292 11.8715 0.0217516 7.56047
169.584 220.685 1.44765 -1.62666 6.78525e-05 12.3735 0.0224519 7.9082
169.556 220.184 1.45546 -1.62461 -0.000101107 12.8752 0.0226592 8.25379
169.529 219.683 1.46324 -1.62224 -0.000245136 13.3765 0.0226069 8.59734
169.503 219.183 1.47094 -1.61959 -0.000357607 13.8776 0.0225008 8.93887
169.479 218.683 1.47858 -1.61671 -0.000434224 14.3785 0.0225352 9.2785
169.456 218.182 1.48624 -1.61367 -0.000474113 14.8792 0.0228809 9.61626
169.434 217.682 1.49405 -1.61056 -0.000480851 15.3797 0.0236797 9.95218
169.414 217.182 1.50217 -1.59681 -0.000461872 15.8802 0.0250213 10.2863
169.398 216.557 1.51303 -1.60443 -0.000419025 16.5056 0.027541 10.7012
169.381 216.057 1.52256 -1.6015 -0.000372047 17.0062 0.0302411 11.0309
169.366 215.557 1.53298 -1.59869 -0.000323514 17.5067 0.0334962 11.3585
169.352 215.056 1.54447 -1.59598 -0.000276888 18.0071 0.0372259 11.6838
169.339 214.556 1.55713 -1.5934 -0.000234206 18.5075 0.0413185 12.0065
169.328 214.056 1.57104 -1.59092 -0.000196569 19.0079 0.0456267 12.3264
169.318 213.556 1.58619 -1.58857 -0.000164416 19.5082 0.049969 12.6434
169.309 213.055 1.60254 -1.58633 -0.000137693 20.0085 0.0541407 12.9572
169.301 212.555 1.61994 -1.58422 -0.00011599 20.5088 0.0579088 13.2677
169.294 212.055 1.63822 -1.58222 -9.86675e-05 21.009 0.0610138 13.5748
169.289 211.555 1.65709 -1.58034 -8.49722e-05 21.5092 0.0631715 13.8784
169.284 211.055 1.67622 -1.57858 -7.41294e-05 22.0094 0.0640744 14.1785
169.28 210.555 1.69517 -1.57694 -6.54165e-05 22.5096 0.0633929 14.4752
169.277 210.054 1.71343 -1.57542 -5.82101e-05 23.0097 0.0607767 14.7686
169.275 209.554 1.73042 -1.57401 -5.20112e-05 23.5098 0.055858 15.0591
169.273 209.054 1.74548 -1.57272 -4.64514e-05 24.0099 0.0485396 15.3468
169.272 208.554 1.75806 -1.57154 -4.12845e-05 24.51 0.0392733 15.6322
169.272 208.054 1.76772 -1.57048 -3.63682e-05 25.0101 0.0285352 15.9159
169.272 207.554 1.77416 -1.56953 -3.16406e-05 25.5101 0.0168 16.1982
169.272 207.054 1.77719 -1.56869 -2.70949e-05 26.0102 0.00506608 16.4798
169.274 206.554 1.77709 -1.56796 -2.27557e-05 26.5102 -0.00536942 16.7611
169.275 206.054 1.77441 -1.56733 -1.86597e-05 27.0103 -0.013228 17.0427
169.277 205.554 1.77003 -1.56682 -1.48395e-05 27.5103 -0.0171972 17.3248
169.279 205.054 1.76522 -1.5664 -1.13144e-05 28.0104 -0.0159121 17.6077
169.281 204.554 1.76169 -1.5661 -8.08434e-06 28.5104 -0.00786917 17.8913
169.283 204.054 1.76096 -1.56589 -5.12848e-06 29.0104 -0.0054904 18
169.286 203.554 1.76096 -1.56579 -2.40701e-06 29.5105 -0.0054904 18
169.288 203.054 1.76096 -1.56579 -6.08991e-07 30.0105 -0.0054904 18
