182.418 115.639 1.33964 -0.0323169 0.0241575 0 0.142684 0
182.89 115.624 1.33533 -0.0206919 0.0258289 0.472288 -0.0201261 0.352389
183.452 115.612 1.33925 -0.00389416 0.0303209 1.03394 0.0412802 0.77306
183.972 115.61 1.36767 0.0147642 0.0319502 1.55398 0.107202 1.15788
184.381 115.616 1.40715 0.025048 0.0311663 1.96354 0.159805 1.45335
184.908 115.629 1.47667 0.039491 0.0263344 2.49006 0.219672 1.81903
185.42 115.65 1.55921 0.0505779 0.020412 3.00313 0.266673 2.15726
185.925 115.675 1.64903 0.0587203 0.0149408 3.50796 0.302744 2.47219
186.422 115.704 1.74199 0.0602369 0.00986102 4.0058 0.329044 2.7659
187.039 115.742 1.85874 0.0670039 0.00327475 4.62402 0.348737 3.10953
187.538 115.775 1.95144 0.0675883 -0.000277715 5.12486 0.355687 3.37234
188.036 115.809 2.04056 0.0665899 -0.0030931 5.62372 0.356641 3.6223
188.532 115.842 2.12525 0.0644027 -0.00516262 6.12113 0.352196 3.86104
189.028 115.874 2.2051 0.0614041 -0.00651909 6.61757 0.343012 4.09042
189.523 115.904 2.27947 0.0579361 -0.0072305 7.11348 0.329027 4.31155
190.018 115.933 2.34806 0.0542912 -0.00739039 7.60925 0.311377 4.52573
190.513 115.96 2.41084 0.0507047 -0.00710704 8.10515 0.291108 4.73409
191.009 115.985 2.46782 0.0473518 -0.00649311 8.60141 0.268911 4.93749
191.505 116.009 2.51907 0.0443505 -0.00565707 9.09817 0.245516 5.13669
192.002 116.031 2.56482 0.0417666 -0.00469688 9.5955 0.222111 5.33231
192.499 116.051 2.60545 0.0396904 -0.00369609 10.0934 0.199729 5.52491
192.996 116.071 2.64133 0.0379496 -0.00272201 10.5904 0.178963 5.71435
193.493 116.09 2.67313 0.0365777 -0.00182541 11.0885 0.159929 5.90181
193.993 116.108 2.70119 0.0355482 -0.00104137 11.588 0.142658 6.08766
194.493 116.126 2.726 0.034796 -0.000390758 12.0887 0.126926 6.27212
194.994 116.144 2.7479 0.0343077 0.000117878 12.5902 0.112439 6.45532
195.494 116.161 2.76708 0.0339075 0.000486224 13.0907 0.0989442 6.63683
195.995 116.178 2.78379 0.0335663 0.000724077 13.5911 0.0861132 6.81715
196.495 116.194 2.79816 0.0332414 0.000847214 14.0917 0.0736536 6.99649
196.995 116.211 2.81015 0.0328972 0.000875287 14.5922 0.0613309 7.17496
197.495 116.228 2.81993 0.0325121 0.000829817 15.0927 0.0489566 7.35275
197.996 116.244 2.82751 0.0320756 0.000732394 15.5932 0.036413 7.52997
198.496 116.26 2.83288 0.0315841 0.00060323 16.0936 0.023643 7.70677
198.996 116.276 2.83588 0.0310385 0.000460108 16.5939 0.010622 7.88327
199.496 116.291 2.83655 0.0304426 0.00031768 17.0941 -0.00260591 8.05963
199.996 116.306 2.83491 0.029804 0.000187071 17.5943 -0.0159676 8.236
200.495 116.321 2.83096 0.0291328 7.57985e-05 18.0944 -0.0293707 8.41251
200.995 116.336 2.82459 0.028441 -1.2026e-05 18.5944 -0.0427028 8.58933
201.495 116.35 2.8158 0.0277415 -7.52408e-05 19.0944 -0.0558325 8.76662
201.995 116.364 2.80472 0.0270465 -0.000115029 19.5944 -0.0686385 8.94452
202.495 116.378 2.79137 0.0263668 -0.00013425 20.0944 -0.0809993 9.12319
202.994 116.391 2.77581 0.0257113 -0.000136779 20.5943 -0.0927917 9.30276
203.494 116.404 2.758 0.025087 -0.000126918 21.0943 -0.103846 9.48346
203.994 116.416 2.73814 0.0244983 -0.000108916 21.5942 -0.114058 9.6654
204.494 116.428 2.71637 0.023948 -8.66056e-05 22.0942 -0.123298 9.84872
204.994 116.44 2.69282 0.0234373 -6.3173e-05 22.5942 -0.131419 10.0336
205.494 116.452 2.66766 0.022966 -4.10421e-05 23.0942 -0.138254 10.2201
205.993 116.464 2.64111 0.0225333 -2.18561e-05 23.5942 -0.143613 10.4084
206.493 116.475 2.61342 0.0221378 -6.53562e-06 24.0942 -0.147271 10.5987
206.993 116.486 2.5849 0.0217778 4.61357e-06 24.5942 -0.148938 10.7911
207.493 116.497 2.55595 0.0214519 1.1763e-05 25.0942 -0.148362 10.9856
207.993 116.507 2.52704 0.0211589 1.54162e-05 25.5942 -0.145253 11.1824
208.493 116.518 2.49868 0.0208978 1.62698e-05 26.0942 -0.139484 11.3814
208.993 116.528 2.47143 0.0206681 1.50934e-05 26.5942 -0.130968 11.5826
209.493 116.539 2.44591 0.0204697 1.26343e-05 27.0942 -0.1196 11.786
209.993 116.549 2.42276 0.0203027 9.55006e-06 27.5943 -0.105255 11.9914
210.492 116.559 2.40268 0.0201676 6.36844e-06 28.0943 -0.0879084 12.1986
210.992 116.569 2.3864 0.0200649 3.47097e-06 28.5943 -0.0679813 12.4075
211.492 116.579 2.37443 0.0199954 1.09632e-06 29.0943 -0.0461504 12.6176
211.992 116.589 2.36715 0.019958 -6.42685e-07 29.5943 -0.0230862 12.8285
212.492 116.599 2.36447 0.019958 -1.78433e-06 30.0943 -0.0089652 13
