276.265 117.32 0.0112717 -0.0584361 4.63586e-09 0 -0.00425435 0
276.765 117.29 0.910257 -0.053813 -0.000802583 0.501363 0.71558 1.25124
277.266 117.264 1.20604 -0.0484246 -0.000714871 1.00256 0.543728 1.72213
277.766 117.239 1.39132 -0.0432361 -0.000633583 1.50358 0.420814 2.10695
278.267 117.218 1.51876 -0.0382475 -0.000558495 2.00444 0.325077 2.45029
278.767 117.198 1.61004 -0.0334586 -0.000489382 2.50515 0.247346 2.76997
279.267 117.182 1.6754 -0.0288692 -0.000426009 3.00575 0.183273 3.07442
279.768 117.167 1.72133 -0.0244791 -0.000368138 3.50624 0.130056 3.36887
280.268 117.155 1.75222 -0.0202877 -0.000315528 4.00663 0.0857668 3.6568
280.768 117.145 1.77122 -0.0162947 -0.000267937 4.50695 0.0490058 3.94066
281.268 117.137 1.78067 -0.0124996 -0.000225118 5.0072 0.0187099 4.22223
281.768 117.13 1.78241 -0.00890187 -0.000186826 5.50739 -0.00596501 4.50291
282.269 117.126 1.77784 -0.0055009 -0.000152814 6.00754 -0.0256276 4.7838
282.769 117.123 1.76834 -0.00229607 -0.000122837 6.50765 -0.0409772 5.06581
283.269 117.122 1.75499 0.000713286 -9.66475e-05 7.00773 -0.0525528 5.34963
283.769 117.122 1.7387 0.00352786 -7.40027e-05 7.50778 -0.0608229 5.63586
284.269 117.124 1.72028 0.00614837 -5.46594e-05 8.00781 -0.0662173 5.92495
284.769 117.127 1.70045 0.00857556 -3.83766e-05 8.50783 -0.0691351 6.21728
285.269 117.132 1.67984 0.0108102 -2.49156e-05 9.00785 -0.0699491 6.51311
285.769 117.137 1.65899 0.012853 -1.40399e-05 9.50785 -0.0690074 6.81262
286.269 117.143 1.6384 0.0147049 -5.51562e-06 10.0079 -0.0666334 7.11591
286.769 117.151 1.61845 0.0163665 8.88315e-07 10.5079 -0.0631241 7.42298
287.269 117.159 1.5995 0.0178388 5.4002e-06 11.0079 -0.0587488 7.73377
287.769 117.168 1.58181 0.0191225 8.24545e-06 11.5079 -0.0537467 8.04813
288.268 117.177 1.56559 0.0202185 9.64705e-06 12.0079 -0.0483259 8.36588
288.768 117.188 1.55098 0.0211281 9.82785e-06 12.5079 -0.0426622 8.68677
289.268 117.198 1.53809 0.0218537 9.01832e-06 13.0079 -0.0368994 9.01053
289.768 117.209 1.52701 0.0224005 7.47396e-06 13.5079 -0.0311526 9.33683
290.268 117.22 1.5177 0.0227793 5.49641e-06 14.0079 -0.0255039 9.66531
290.768 117.232 1.51018 0.0230092 3.43063e-06 14.5079 -0.0200075 9.99561
291.268 117.243 1.50444 0.0231181 1.60579e-06 15.0079 -0.0146983 10.3274
291.768 117.255 1.50041 0.0231385 2.36306e-07 15.5079 -0.00958288 10.6602
292.268 117.266 1.49802 0.0231017 -6.39427e-07 16.008 -0.00465513 10.9938
292.767 117.278 1.49728 0.0230318 -1.12504e-06 16.508 9.60716e-05 11.3277
293.267 117.289 1.49808 0.0229439 -1.37083e-06 17.008 0.00469448 11.6615
293.767 117.301 1.50038 0.022846 -1.49638e-06 17.508 0.00916067 11.9951
294.267 117.312 1.50417 0.0227416 -1.56824e-06 18.008 0.0135067 12.3279
294.767 117.324 1.50936 0.0226325 -1.61423e-06 18.508 0.0177409 12.6598
295.267 117.335 1.5159 0.0225197 -1.64354e-06 19.008 0.0218561 12.9904
295.767 117.346 1.52375 0.022404 -1.6589e-06 19.5081 0.0258247 13.3194
296.267 117.357 1.53283 0.0222862 -1.66139e-06 20.0081 0.0296025 13.6466
296.767 117.369 1.54303 0.0221671 -1.65178e-06 20.5081 0.0331235 13.9718
297.266 117.38 1.55424 0.0220475 -1.63083e-06 21.0081 0.0362966 14.2947
297.766 117.391 1.56632 0.021928 -1.59931e-06 21.5081 0.038996 14.6151
298.266 117.402 1.57907 0.0218095 -1.55795e-06 22.0081 0.0410801 14.9331
298.766 117.412 1.59225 0.0216928 -1.50751e-06 22.5081 0.0423809 15.2484
299.266 117.423 1.60558 0.0215786 -1.44871e-06 23.0081 0.0427012 15.5611
299.766 117.434 1.61871 0.0214677 -1.38223e-06 23.5081 0.0418179 15.8713
300.266 117.445 1.63126 0.0213608 -1.30872e-06 24.0082 0.0394816 16.179
300.766 117.456 1.64274 0.0212586 -1.22875e-06 24.5082 0.035417 16.4844
301.266 117.466 1.65262 0.0211621 -1.14285e-06 25.0082 0.0293218 16.7878
301.765 117.477 1.66025 0.0210718 -1.05145e-06 25.5082 0.0208778 17.0897
302.265 117.487 1.665 0.0209886 -9.54881e-07 26.0082 0.0105232 17.3903
302.765 117.498 1.66656 0.0209132 -8.53393e-07 26.5082 -2.50545e-05 17.6905
303.265 117.508 1.66516 0.0208463 -7.47112e-07 27.0082 -0.00893934 17.9906
303.765 117.519 1.66156 0.0207888 -6.3604e-07 27.5082 -0.0143761 18.2911
304.265 117.529 1.65707 0.0207413 -5.20041e-07 28.0082 -0.0144394 18.5925
304.765 117.539 1.65362 0.0207047 -3.9884e-07 28.5082 -0.0071695 18.8946
305.265 117.55 1.65297 0.0206795 -2.72002e-07 29.0082 -0.0051268 19
305.765 117.56 1.65297 0.020666 -1.38922e-07 29.5082 -0.0051268 19
306.265 117.57 1.65297 0.020666 -4.53588e-08 30.0082 -0.0051268 19
