306.773 250.534 3.01529 -3.12903 1.22279e-16 0 -0.00225987 0
306.273 250.528 3.01536 -3.12901 -1.69861e-09 0.5 0.00127794 0.165821
305.773 250.522 3.01557 -3.12899 -3.43422e-10 1 0.00099719 0.331632
305.273 250.515 3.01574 -3.12898 1.16715e-10 1.5 0.000706146 0.497433
304.773 250.509 3.01585 -3.12898 1.07799e-10 2 0.000397028 0.663225
304.273 250.503 3.01592 -3.12898 -5.10432e-11 2.5 6.55362e-05 0.829013
303.773 250.496 3.01592 -3.12899 -1.36094e-10 3 -0.000294429 0.994799
303.273 250.49 3.01586 -3.129 -7.90806e-12 3.5 -0.000692547 1.16059
302.773 250.484 3.01573 -3.12901 3.99959e-10 4 -0.00113131 1.32638
302.273 250.477 3.01553 -3.12903 1.0922e-09 4.5 -0.00161778 1.49218
301.773 250.471 3.01523 -3.12905 2.023e-09 5 -0.00216235 1.658
301.273 250.465 3.01484 -3.12907 3.10728e-09 5.5 -0.00276589 1.82383
300.773 250.459 3.01435 -3.1291 4.23194e-09 6 -0.00343661 1.98969
300.273 250.452 3.01373 -3.12912 5.26709e-09 6.5 -0.00418471 2.15558
299.773 250.446 3.01299 -3.12914 6.07729e-09 7 -0.00500959 2.3215
299.273 250.44 3.0121 -3.12916 6.53283e-09 7.5 -0.00592059 2.48747
298.773 250.434 3.01105 -3.12918 6.52093e-09 8 -0.00692678 2.6535
298.273 250.428 3.00982 -3.1292 5.95697e-09 8.5 -0.00802622 2.81959
297.773 250.421 3.0084 -3.12921 4.79583e-09 9 -0.00922898 2.98575
297.273 250.415 3.00677 -3.12921 3.04304e-09 9.5 -0.0105423 3.15199
296.773 250.409 3.00492 -3.12921 7.66063e-10 10 -0.0119627 3.31833
296.273 250.403 3.00281 -3.12921 -1.89433e-09 10.5 -0.0135001 3.48478
295.773 250.397 3.00043 -3.1292 -4.71289e-09 11 -0.0151595 3.65136
295.273 250.39 2.99777 -3.12918 -7.3683e-09 11.5 -0.0169354 3.81807
294.773 250.384 2.9948 -3.12915 -9.43055e-09 12 -0.0188363 3.98494
294.273 250.378 2.99148 -3.12912 -1.03476e-08 12.5 -0.0208645 4.15199
293.774 250.372 2.98783 -3.12907 -9.43962e-09 13 -0.0230118 4.31923
293.274 250.365 2.9838 -3.12902 -5.95001e-09 13.5 -0.0252831 4.48668
292.774 250.359 2.97936 -3.12895 7.33366e-10 14 -0.027678 4.65438
292.274 250.353 2.97451 -3.12888 1.05893e-08 14.5 -0.0301844 4.82234
291.774 250.346 2.96923 -3.12881 2.24086e-08 15 -0.0328008 4.99057
291.274 250.34 2.96347 -3.12873 3.37873e-08 15.5 -0.0355238 5.15914
290.774 250.334 2.95724 -3.12866 4.20688e-08 16 -0.0383358 5.32803
290.274 250.327 2.95053 -3.1286 4.56318e-08 16.5 -0.0412267 5.49728
289.774 250.321 2.94327 -3.12855 4.44159e-08 17 -0.0441871 5.66697
289.274 250.314 2.9355 -3.1285 3.94317e-08 17.5 -0.0471928 5.83707
288.774 250.308 2.92721 -3.12847 3.19713e-08 18 -0.0502247 6.00762
288.274 250.301 2.91835 -3.12845 2.31522e-08 18.5 -0.0532589 6.1787
287.774 250.295 2.90895 -3.12844 1.38278e-08 19 -0.0562648 6.35031
287.274 250.288 2.89902 -3.12843 4.63987e-09 19.5 -0.0592118 6.52247
286.774 250.281 2.88856 -3.12844 -3.92664e-09 20 -0.0620628 6.69524
286.274 250.275 2.87754 -3.12845 -1.15137e-08 20.5 -0.0647642 6.86869
285.774 250.268 2.86605 -3.12846 -1.7874e-08 21 -0.0672763 7.04279
285.274 250.262 2.85409 -3.12849 -2.28586e-08 21.5 -0.0695466 7.2176
284.774 250.255 2.84172 -3.12851 -2.64055e-08 22 -0.0715074 7.39316
284.274 250.249 2.82896 -3.12854 -2.85283e-08 22.5 -0.0730715 7.56952
283.774 250.242 2.81591 -3.12858 -2.93053e-08 23 -0.0741803 7.74667
283.274 250.236 2.80265 -3.12861 -2.88679e-08 23.5 -0.0747496 7.92465
282.774 250.229 2.78929 -3.12865 -2.73893e-08 24 -0.0746855 8.10346
282.275 250.223 2.77593 -3.12869 -2.50738e-08 24.5 -0.073839 8.28316
281.775 250.216 2.76275 -3.12873 -2.21452e-08 25 -0.0721199 8.46372
281.275 250.21 2.74991 -3.12877 -1.88358e-08 25.5 -0.0694114 8.64512
280.775 250.203 2.73759 -3.1288 -1.53749e-08 26 -0.0655777 8.82735
280.275 250.197 2.72603 -3.12884 -1.1978e-08 26.5 -0.0604731 9.01038
279.775 250.19 2.71549 -3.12887 -8.83543e-09 27 -0.0539141 9.19415
279.275 250.184 2.70631 -3.1289 -6.10121e-09 27.5 -0.0457075 9.37861
278.775 250.178 2.69877 -3.12893 -3.88185e-09 28 -0.035727 9.56364
278.275 250.171 2.69324 -3.12894 -2.22512e-09 28.5 -0.0237979 9.74911
277.775 250.165 2.69001 -3.12896 -1.10894e-09 29 -0.011261 9.93488
277.275 250.159 2.68932 -3.12897 -4.30162e-10 29.5 -0.00870625 10
276.775 250.152 2.68932 -3.12897 -1.18922e-10 30 -0.00870625 10
