171.691 128.2 1.89591 -1.50881 0.029452 0 -0.122132 1.43025e-11
171.723 127.685 1.86405 -1.4931 0.0354893 0.516579 -0.125226 0.274807
171.763 127.167 1.82551 -1.47447 0.0417913 1.03613 -0.146973 0.556385
171.814 126.646 1.78086 -1.45234 0.0480985 1.55872 -0.15989 0.846147
171.876 126.124 1.73212 -1.42674 0.0542705 2.08433 -0.164797 1.14537
171.952 125.601 1.68125 -1.39777 0.0601704 2.61293 -0.162701 1.4551
172.043 125.078 1.63016 -1.36561 0.0656744 3.14442 -0.1548 1.77611
172.152 124.555 1.5806 -1.3305 0.0706816 3.67863 -0.142405 2.1089
172.28 124.033 1.53416 -1.29273 0.075123 4.21537 -0.126944 2.45371
172.428 123.515 1.4919 -1.25261 0.0789692 4.75443 -0.109978 2.81005
172.597 123.001 1.45467 -1.21047 0.0822339 5.29558 -0.0929415 3.17752
172.788 122.493 1.42263 -1.1666 0.0849719 5.83861 -0.0771547 3.55513
173.003 121.992 1.3955 -1.12137 0.0872731 6.38336 -0.0636409 3.94185
173.239 121.502 1.37266 -1.07523 0.0892504 6.92705 -0.0531293 4.33476
173.495 121.028 1.35316 -1.02824 0.0910259 7.46662 -0.0458463 4.73073
173.774 120.565 1.3357 -0.980244 0.0927131 8.00671 -0.0414719 5.13249
174.075 120.116 1.3193 -0.931252 0.0944008 8.54719 -0.0394172 5.53966
174.398 119.682 1.3032 -0.88124 0.0961376 9.08798 -0.0387685 5.95209
174.742 119.265 1.28708 -0.830175 0.0979189 9.62905 -0.0383784 6.36986
175.108 118.865 1.27107 -0.778053 0.09968 10.1704 -0.0370157 6.79312
175.493 118.485 1.25586 -0.724927 0.101296 10.7122 -0.0335029 7.222
175.899 118.125 1.24262 -0.657552 0.102589 11.2546 -0.0269593 7.6562
176.43 117.715 1.23127 -0.601091 0.103556 11.9255 -0.0139424 8.19888
176.896 117.396 1.22813 -0.544309 0.103131 12.4894 0.000532073 8.65765
177.379 117.104 1.23217 -0.488065 0.101706 13.054 0.0174956 9.11688
177.877 116.839 1.2444 -0.433057 0.0992043 13.6186 0.0363404 9.57307
178.389 116.603 1.26522 -0.379976 0.095646 14.1823 0.0566189 10.0226
178.911 116.394 1.2951 -0.329431 0.09115 14.7443 0.0813253 10.4619
179.44 116.213 1.33726 -0.281189 0.0859226 15.3039 0.118093 10.8876
179.978 116.058 1.39265 -0.232992 0.0851731 15.8636 0.149207 11.2979
180.523 115.929 1.45453 -0.187332 0.078938 16.4239 0.162884 11.6916
181.068 115.825 1.51462 -0.164576 0.0647373 16.9781 0.155236 12.0648
181.498 115.754 1.55505 -0.114581 0.0554958 17.4147 0.126009 12.3491
182.136 115.681 1.59825 -0.111677 0.0375967 18.0562 0.0930925 12.7557
182.547 115.634 1.62173 -0.0806033 0.0205618 18.4703 0.0911127 13.0129
183.165 115.584 1.65845 -0.0732492 0.0289801 19.0903 0.105439 13.3911
183.684 115.546 1.69396 -0.0709484 0.031885 19.6109 0.123555 13.7017
184.107 115.516 1.72638 -0.0439633 0.0318635 20.0348 0.137172 13.9496
184.648 115.493 1.77088 -0.0310001 0.0282447 20.576 0.149483 14.2591
185.169 115.476 1.81537 -0.0203372 0.0220428 21.097 0.156064 14.5497
185.68 115.466 1.85907 -0.0125396 0.0165294 21.6081 0.157294 14.828
186.183 115.46 1.90078 -0.00737601 0.0112958 22.1114 0.153429 15.0957
186.679 115.456 1.93936 -0.00452118 0.00655758 22.6078 0.144651 15.3541
187.17 115.454 1.97414 -0.00361869 0.00243571 23.0987 0.13163 15.605
187.657 115.452 2.00423 0.0063663 -0.000983336 23.5852 0.114454 15.8495
188.275 115.456 2.03517 -0.00539747 -0.00470387 24.204 0.0862988 16.1558
188.772 115.453 2.05299 -0.00848066 -0.00626502 24.7004 0.0590201 16.3986
189.267 115.449 2.06366 -0.0120742 -0.00715102 25.1956 0.0308517 16.6391
189.762 115.443 2.06786 -0.0158658 -0.00745 25.6901 0.00424539 16.8784
190.256 115.435 2.06605 -0.0195995 -0.00726877 26.1846 -0.0188414 17.1176
190.75 115.426 2.05924 -0.0230792 -0.00672179 26.6792 -0.0368666 17.3574
191.246 115.414 2.04885 -0.0261683 -0.00592161 27.1744 -0.048958 17.5984
191.741 115.401 2.03622 -0.028784 -0.0049715 27.6702 -0.053867 17.8412
192.238 115.387 2.02318 -0.0308904 -0.00396077 28.1669 -0.0516421 18.0858
192.735 115.372 2.0114 -0.0324893 -0.00296224 28.6644 -0.0433331 18.3325
193.233 115.355 2.00213 -0.0336113 -0.00203165 29.1627 -0.0306437 18.5809
193.732 115.339 1.99644 -0.0343074 -0.0012083 29.6618 -0.0147652 18.8306
194.231 115.321 1.99469 -0.034641 -0.000516527 30.1617 -0.00630464 19
194.731 115.304 1.99469 -0.0346816 3.23368e-05 30.6621 -0.00630464 19
195.232 115.287 1.99469 -0.0345001 0.000437826 31.1629 -0.00630464 19
195.733 115.269 1.99469 -0.0345001 0.000708672 31.6641 -0.00630464 19
