251.013 116.714 3.01652 0.0151991 -5.33477e-05 0 -0.00430049 0
251.51 116.722 3.01637 0.0151785 -2.95316e-05 0.497791 0.000267582 0.165028
252.009 116.729 3.01642 0.0151614 -9.61006e-06 0.996652 -2.26606e-05 0.33041
252.509 116.737 3.01642 0.0151465 6.32937e-06 1.49641 -0.000281518 0.496088
253.009 116.745 3.01638 0.0151325 1.83707e-05 1.99689 -0.000523568 0.662005
253.51 116.752 3.0163 0.0151183 2.67427e-05 2.49789 -0.000766222 0.828102
254.012 116.76 3.01617 0.0151029 3.17903e-05 2.99926 -0.00102285 0.994324
254.512 116.767 3.016 0.0150854 3.3945e-05 3.50004 -0.00131 1.16036
255.012 116.775 3.01578 0.0150659 3.36955e-05 4.00007 -0.00163725 1.32616
255.512 116.782 3.0155 0.0150439 3.15587e-05 4.50009 -0.0020168 1.49197
256.012 116.79 3.01514 0.0150195 2.80525e-05 5.00011 -0.00246372 1.65779
256.512 116.797 3.01471 0.014993 2.3671e-05 5.50013 -0.00298079 1.82364
257.012 116.805 3.01419 0.0149649 1.88626e-05 6.00015 -0.0035781 1.98951
257.512 116.812 3.01355 0.014936 1.40136e-05 6.50016 -0.00426695 2.15541
258.012 116.82 3.0128 0.0149072 9.43607e-06 7.00017 -0.00504532 2.32135
258.512 116.827 3.01191 0.0148793 5.3623e-06 7.50017 -0.00592225 2.48733
259.012 116.835 3.01086 0.0148536 1.9442e-06 8.00017 -0.00690546 2.65337
259.512 116.842 3.00964 0.0148311 -7.4152e-07 8.50017 -0.0079905 2.81947
260.012 116.85 3.00823 0.014813 -2.6841e-06 9.00017 -0.00918615 2.98564
260.512 116.857 3.0066 0.0148002 -3.92643e-06 9.50017 -0.0104976 3.15189
261.012 116.864 3.00475 0.014794 -4.55113e-06 10.0002 -0.0119196 3.31824
261.512 116.872 3.00265 0.0147953 -4.6662e-06 10.5002 -0.0134607 3.4847
262.012 116.879 3.00028 0.014805 -4.3917e-06 11.0002 -0.0151246 3.65128
262.511 116.887 2.99762 0.0148241 -3.84809e-06 11.5002 -0.0169049 3.818
263.011 116.894 2.99466 0.0148533 -3.147e-06 12.0002 -0.0188096 3.98488
263.511 116.901 2.99135 0.0148933 -2.38457e-06 12.5002 -0.0208405 4.15194
264.011 116.909 2.9877 0.0149448 -1.63749e-06 13.0002 -0.0229894 4.31918
264.511 116.916 2.98367 0.0150076 -9.61377e-07 13.5001 -0.0252611 4.48664
265.011 116.924 2.97923 0.0150812 -3.91392e-07 14.0001 -0.0276555 4.65435
265.511 116.931 2.97439 0.0151631 5.51746e-08 14.5001 -0.0301607 4.82231
266.011 116.939 2.96911 0.0152499 3.7506e-07 15.0001 -0.0327755 4.99055
266.511 116.947 2.96335 0.0153369 5.75079e-07 15.5002 -0.0354967 5.15912
267.011 116.954 2.95713 0.0154193 6.69236e-07 16.0002 -0.038307 5.32802
267.511 116.962 2.95042 0.0154936 6.76764e-07 16.5002 -0.0411965 5.49728
268.011 116.97 2.94317 0.0155578 6.20015e-07 17.0002 -0.0441559 5.66697
268.511 116.978 2.9354 0.0156109 5.21796e-07 17.5002 -0.0471609 5.83708
269.011 116.985 2.92712 0.0156532 4.02838e-07 18.0002 -0.0501928 6.00764
269.511 116.993 2.91827 0.0156851 2.80128e-07 18.5002 -0.0532274 6.17872
270.011 117.001 2.90887 0.0157074 1.6624e-07 19.0002 -0.0562343 6.35033
270.511 117.009 2.89894 0.0157208 6.9363e-08 19.5002 -0.0591826 6.52251
271.01 117.017 2.88849 0.015726 -6.25268e-09 20.0002 -0.0620352 6.69528
271.51 117.025 2.87748 0.0157239 -5.95909e-08 20.5002 -0.0647384 6.86872
272.01 117.032 2.86599 0.0157151 -9.20675e-08 21.0002 -0.0672525 7.04284
272.51 117.04 2.85404 0.0157005 -1.06696e-07 21.5002 -0.0695249 7.21765
273.01 117.048 2.84166 0.0156807 -1.07353e-07 22.0002 -0.0714878 7.39321
273.51 117.056 2.82891 0.0156566 -9.8138e-08 22.5002 -0.0730538 7.56957
274.01 117.064 2.81586 0.0156288 -8.28998e-08 23.0002 -0.0741646 7.74673
274.51 117.072 2.80261 0.0155983 -6.49342e-08 23.5002 -0.0747356 7.92471
275.01 117.079 2.78924 0.0155656 -4.68041e-08 24.0002 -0.0746732 8.10352
275.51 117.087 2.77589 0.0155315 -3.03002e-08 24.5002 -0.0738282 8.28322
276.01 117.095 2.76271 0.0154968 -1.65009e-08 25.0002 -0.0721105 8.46379
276.51 117.103 2.74987 0.0154623 -5.87054e-09 25.5002 -0.069403 8.64519
277.01 117.11 2.73755 0.0154286 1.58264e-09 26.0002 -0.0655703 8.82743
277.51 117.118 2.72599 0.0153965 6.17022e-09 26.5002 -0.0604663 9.01045
278.01 117.126 2.71546 0.0153668 8.37867e-09 27.0002 -0.053908 9.19423
278.51 117.134 2.70628 0.0153403 8.76108e-09 27.5002 -0.0457016 9.37869
279.01 117.141 2.69874 0.0153176 7.85848e-09 28.0002 -0.035721 9.56372
279.509 117.149 2.69321 0.0152995 6.1537e-09 28.5002 -0.0237914 9.74919
280.009 117.157 2.68998 0.0152868 4.05625e-09 29.0002 -0.0112574 9.93497
280.509 117.164 2.68929 0.0152798 1.90521e-09 29.5002 -0.00870613 10
281.009 117.172 2.68929 0.0152798 1.01901e-10 30.0002 -0.00870613 10
