169.953 237.779 1.32181 -1.62397 0.0317075 0 0.232566 0
169.929 237.335 1.32855 -1.60693 0.0319975 0.44456 -0.0375103 0.333754
169.908 236.75 1.3204 -1.58615 0.0319976 1.03031 0.000783306 0.776474
169.9 236.235 1.32711 -1.56865 0.0306992 1.54508 0.0332431 1.16566
169.901 235.721 1.34555 -1.54954 0.0280478 2.0589 0.0620723 1.55042
169.91 235.327 1.3665 -1.54038 0.0262503 2.45336 0.0814367 1.84141
169.926 234.802 1.40125 -1.52697 0.0217965 2.97871 0.100355 2.22122
169.948 234.29 1.43945 -1.51649 0.0166536 3.49128 0.110074 2.58218
169.975 233.787 1.47795 -1.50874 0.0117237 3.99488 0.111853 2.92741
170.006 233.291 1.51441 -1.50345 0.00713222 4.4913 0.107024 3.25916
170.039 232.802 1.54719 -1.50626 0.00303181 4.98196 0.0966519 3.57965
170.079 232.186 1.58159 -1.50043 -0.00188995 5.59932 0.0769396 3.97412
170.114 231.688 1.60288 -1.50119 -0.00424101 6.09807 0.0586854 4.28727
170.149 231.191 1.61814 -1.50299 -0.00584205 6.59603 0.0398908 4.59639
170.182 230.695 1.62755 -1.50546 -0.00674788 7.09355 0.0216535 4.90287
170.215 230.199 1.63154 -1.50827 -0.00705263 7.59092 0.00482595 5.20801
170.246 229.702 1.6307 -1.51116 -0.00687338 8.08838 -0.00996314 5.51292
170.276 229.205 1.62571 -1.51393 -0.0063346 8.58608 -0.0222711 5.81854
170.304 228.708 1.61733 -1.51647 -0.00555574 9.08413 -0.0318709 6.12564
170.331 228.21 1.60635 -1.51869 -0.00464285 9.58257 -0.0387129 6.43485
170.357 227.712 1.59356 -1.52056 -0.00368406 10.0814 -0.042895 6.74662
170.382 227.214 1.57974 -1.5221 -0.00274829 10.5806 -0.0446407 7.06125
170.406 226.715 1.56557 -1.52335 -0.00188591 11.0802 -0.0442653 7.37889
170.43 226.215 1.55167 -1.52436 -0.0011307 11.58 -0.0421462 7.69957
170.453 225.716 1.53858 -1.52519 -0.000502199 12.0801 -0.038675 8.02326
170.476 225.216 1.52665 -1.52592 -8.12113e-06 12.5803 -0.0343026 8.34968
170.498 224.716 1.51616 -1.5266 0.000353358 13.0807 -0.0294278 8.67857
170.521 224.216 1.50724 -1.52728 0.000591536 13.5811 -0.0244185 9.00963
170.542 223.716 1.49994 -1.52802 0.000721252 14.0815 -0.0195967 9.3425
170.564 223.217 1.49413 -1.52883 0.000760958 14.582 -0.0152131 9.67681
170.585 222.717 1.48967 -1.52971 0.000730765 15.0824 -0.0114643 10.0123
170.605 222.217 1.48634 -1.53066 0.000650644 15.5828 -0.00848316 10.3485
170.625 221.717 1.48387 -1.53166 0.000539114 16.0831 -0.00631792 10.6855
170.645 221.217 1.48198 -1.5327 0.000412456 16.5834 -0.00499734 11.0228
170.664 220.717 1.4804 -1.53376 0.000284263 17.0836 -0.00448258 11.3605
170.682 220.217 1.47887 -1.53485 0.000165117 17.5837 -0.00469719 11.6986
170.7 219.717 1.47714 -1.53594 6.24212e-05 18.0839 -0.00556782 12.0369
170.718 219.218 1.47503 -1.53704 -1.95315e-05 18.584 -0.00696233 12.3757
170.735 218.718 1.47238 -1.53811 -7.92199e-05 19.084 -0.00876262 12.715
170.751 218.218 1.46905 -1.53917 -0.000117373 19.5841 -0.0108366 13.055
170.767 217.718 1.46498 -1.54019 -0.000136363 20.0841 -0.0130423 13.3959
170.782 217.218 1.46014 -1.54117 -0.000139592 20.5841 -0.0152366 13.7377
170.797 216.719 1.45456 -1.5421 -0.000130942 21.0841 -0.0172686 14.0808
170.811 216.219 1.44831 -1.54297 -0.00011431 21.5841 -0.0189728 14.4253
170.825 215.719 1.44152 -1.54379 -9.32677e-05 22.0842 -0.0201721 14.7713
170.839 215.219 1.4344 -1.54455 -7.08225e-05 22.5842 -0.0206684 15.1191
170.852 214.719 1.42722 -1.54526 -4.93008e-05 23.0842 -0.0202291 15.4685
170.865 214.219 1.42037 -1.5459 -3.03155e-05 23.5842 -0.0186067 15.8197
170.877 213.72 1.4143 -1.5465 -1.48092e-05 24.0842 -0.0155436 16.1725
170.889 213.22 1.40949 -1.54704 -3.14579e-06 24.5842 -0.0116407 16.5267
170.901 212.72 1.40597 -1.54752 4.767e-06 25.0843 -0.00835407 16.8819
170.913 212.22 1.40329 -1.54796 9.34578e-06 25.5843 -0.00712307 17.2379
170.924 211.72 1.40061 -1.54835 1.12033e-05 26.0843 -0.00827238 17.5946
170.935 211.22 1.39711 -1.54869 1.10359e-05 26.5843 -0.0115283 17.952
170.946 210.72 1.39216 -1.54898 9.533e-06 27.0843 -0.016274 18.3105
170.957 210.22 1.38545 -1.54923 7.31203e-06 27.5843 -0.0207163 18.6705
170.968 209.721 1.37753 -1.54943 4.87808e-06 28.0843 -0.0224828 19.0324
170.979 209.221 1.36972 -1.54957 2.60615e-06 28.5843 -0.0195614 19.3964
170.989 208.721 1.36399 -1.54967 7.41517e-07 29.0843 -0.0109604 19.7623
171 208.221 1.36224 -1.54973 -5.86617e-07 29.5843 -0.00436099 20
171.011 207.721 1.36224 -1.54973 -1.49232e-06 30.0843 -0.00436099 20
