177.13 247.718 1.54014 -2.78282 0.0808554 0 -0.0714013 5.48153e-09
176.629 247.53 1.52453 -2.73839 0.0833727 0.535148 -0.0441536 0.349374
176.136 247.319 1.50757 -2.69281 0.0854478 1.07138 -0.0514875 0.70299
175.652 247.086 1.48809 -2.64623 0.0872176 1.60839 -0.0568773 1.06152
175.179 246.831 1.46656 -2.59874 0.0888357 2.1459 -0.0613954 1.42532
174.719 246.553 1.4431 -2.55037 0.0904521 2.68367 -0.0655491 1.79489
174.272 246.253 1.41772 -2.50106 0.0921946 3.22146 -0.0693732 2.17087
173.841 245.932 1.39053 -2.45072 0.0941498 3.75914 -0.0724688 2.55378
173.427 245.59 1.36185 -2.39921 0.0963456 4.2966 -0.0740661 2.94431
173.031 245.226 1.33241 -2.33942 0.0987362 4.83384 -0.0730735 3.34312
172.571 244.75 1.29722 -2.27866 0.102382 5.49597 -0.0654026 3.84684
172.209 244.328 1.2713 -2.22103 0.10452 6.05207 -0.0535043 4.27998
171.872 243.884 1.25123 -2.16228 0.106073 6.6094 -0.0365829 4.72208
171.56 243.421 1.23954 -2.10292 0.106713 7.16752 -0.0149382 5.17053
171.277 242.94 1.23839 -2.04372 0.106133 7.72574 0.0103633 5.62143
171.023 242.444 1.24912 -1.98558 0.104099 8.2832 0.0376664 6.06999
170.799 241.935 1.2719 -1.92952 0.100496 8.8389 0.0662367 6.51124
170.605 241.418 1.30692 -1.87622 0.0955316 9.39146 0.0969404 6.9401
170.44 240.892 1.3529 -1.82559 0.0908083 9.94214 0.123993 7.35446
170.302 240.363 1.40599 -1.77894 0.0836497 10.4895 0.142038 7.75145
170.19 239.832 1.46216 -1.73765 0.0741367 11.0318 0.154549 8.12972
170.101 239.303 1.51915 -1.70795 0.0633822 11.5686 0.160335 8.48994
170.045 238.904 1.56032 -1.67663 0.0578575 11.9715 0.153067 8.7515
169.981 238.292 1.61678 -1.64711 0.0470413 12.5862 0.141458 9.13839
169.938 237.735 1.66541 -1.63182 0.0314875 13.1453 0.146084 9.47914
169.913 237.334 1.70138 -1.61515 0.0319545 13.5466 0.156255 9.71755
169.887 236.731 1.75964 -1.59735 0.0319182 14.1506 0.178295 10.0667
169.872 236.191 1.81691 -1.58178 0.0305703 14.6913 0.200548 10.3691
169.867 235.676 1.87561 -1.56774 0.0278603 15.2054 0.220596 10.6476
169.868 235.164 1.93721 -1.55536 0.0238899 15.718 0.237104 10.9166
169.876 234.653 2.00031 -1.54524 0.0189418 16.2285 0.248787 11.1759
169.889 234.146 2.06341 -1.53765 0.0138377 16.7365 0.255247 11.426
169.906 233.64 2.12525 -1.53251 0.00907416 17.2421 0.256286 11.6674
169.925 233.137 2.18475 -1.52963 0.00472455 17.7454 0.251976 11.901
169.946 232.637 2.24071 -1.52874 0.000957308 18.2466 0.241759 12.1274
169.967 232.137 2.29223 -1.52948 -0.00210972 18.7462 0.225137 12.3478
169.987 231.64 2.3384 -1.53146 -0.00441998 19.2444 0.203065 12.5629
170.007 231.143 2.37853 -1.53429 -0.00597847 19.7417 0.17669 12.7738
170.025 230.646 2.41219 -1.53761 -0.00684306 20.2385 0.147014 12.9811
170.041 230.15 2.43909 -1.54108 -0.00711025 20.735 0.114808 13.1858
170.056 229.66 2.45883 -1.54443 -0.0068986 21.2254 0.0820596 13.386
170.069 229.174 2.47191 -1.54749 -0.00633327 21.7113 0.0505605 13.583
170.08 228.686 2.47896 -1.55018 -0.00553372 22.1996 0.0212014 13.7803
170.09 228.195 2.48051 -1.55244 -0.00460549 22.6904 -0.00516612 13.9781
170.099 227.702 2.47717 -1.55423 -0.00363591 23.1836 -0.0280414 14.1771
170.108 227.207 2.46959 -1.55556 -0.00269296 23.6791 -0.047185 14.3774
170.115 226.709 2.45848 -1.55648 -0.00182606 24.1765 -0.062528 14.5792
170.122 226.21 2.44454 -1.55702 -0.00106811 24.6756 -0.0740934 14.7828
170.129 225.71 2.42848 -1.55724 -0.000437916 25.1759 -0.0819244 14.9881
170.136 225.209 2.41104 -1.55722 5.73713e-05 25.6771 -0.0861637 15.1952
170.143 224.707 2.39291 -1.55703 0.000419887 26.1789 -0.0870221 15.4041
170.15 224.205 2.3748 -1.55671 0.000658942 26.681 -0.0846289 15.6148
170.157 223.703 2.35739 -1.55633 0.000789065 27.1832 -0.0790978 15.8271
170.164 223.201 2.34137 -1.55592 0.000828208 27.6853 -0.0704384 16.0408
170.172 222.699 2.32745 -1.55554 0.000796089 28.1872 -0.0587596 16.2558
170.179 222.198 2.31624 -1.55519 0.000712688 28.6887 -0.0446185 16.4718
170.187 221.696 2.30823 -1.5549 0.00059695 29.1899 -0.0286807 16.6886
170.195 221.196 2.30382 -1.55468 0.000465736 29.6908 -0.0118464 16.9058
170.203 220.695 2.30287 -1.55452 0.000333076 30.1914 -0.00806561 17
170.211 220.195 2.30287 -1.55441 0.000209751 30.6917 -0.00806561 17
170.219 219.695 2.30287 -1.55441 0.000103187 31.1917 -0.00806561 17
