235.778 249.64 3.01553 -3.12902 3.61944e-11 0 -0.00148907 0
235.278 249.633 3.01562 -3.129 -7.21679e-10 0.5 0.00106686 0.165806
234.778 249.627 3.0158 -3.12898 2.5921e-10 1 0.000801479 0.331604
234.278 249.621 3.01594 -3.12897 4.27415e-10 1.5 0.000525442 0.497392
233.778 249.614 3.01602 -3.12897 1.90323e-10 2 0.000230859 0.663175
233.278 249.608 3.01606 -3.12897 -1.47876e-10 2.5 -8.65727e-05 0.828954
232.778 249.602 3.01604 -3.12898 -3.78625e-10 3 -0.000433013 0.994733
232.278 249.595 3.01596 -3.12899 -3.71568e-10 3.5 -0.000818214 1.16051
231.778 249.589 3.01581 -3.12901 -6.48547e-11 4 -0.00124464 1.3263
231.279 249.583 3.01559 -3.12903 5.49543e-10 4.5 -0.0017194 1.4921
230.779 249.577 3.01528 -3.12905 1.43983e-09 5 -0.00225294 1.65791
230.279 249.57 3.01487 -3.12907 2.54091e-09 5.5 -0.00284607 1.82374
229.779 249.564 3.01437 -3.12909 3.76771e-09 6 -0.00350706 1.9896
229.279 249.558 3.01374 -3.12912 5.0216e-09 6.5 -0.00424608 2.15549
228.779 249.552 3.01299 -3.12914 6.19446e-09 7 -0.00506252 2.32142
228.279 249.545 3.01209 -3.12916 7.17099e-09 7.5 -0.00596575 2.48739
227.779 249.539 3.01103 -3.12918 7.82171e-09 8 -0.00696481 2.65341
227.279 249.533 3.0098 -3.12919 8.01446e-09 8.5 -0.00805772 2.8195
226.779 249.527 3.00838 -3.12921 7.60211e-09 9 -0.0092546 2.98566
226.279 249.521 3.00674 -3.12921 6.43424e-09 9.5 -0.0105626 3.15191
225.779 249.514 3.00488 -3.12922 4.37276e-09 10 -0.0119782 3.31825
225.279 249.508 3.00277 -3.12921 1.31187e-09 10.5 -0.0135116 3.4847
224.779 249.502 3.00039 -3.1292 -2.77538e-09 11 -0.0151673 3.65128
224.279 249.496 2.99773 -3.12918 -7.77646e-09 11.5 -0.0169402 3.818
223.779 249.49 2.99476 -3.12916 -1.33664e-08 12 -0.0188386 3.98487
223.279 249.483 2.99144 -3.12912 -1.89131e-08 12.5 -0.0208648 4.15192
222.779 249.477 2.98779 -3.12907 -2.33887e-08 13 -0.0230106 4.31916
222.279 249.471 2.98376 -3.12902 -2.53626e-08 13.5 -0.0252808 4.48662
221.779 249.465 2.97932 -3.12896 -2.31742e-08 14 -0.0276751 4.65432
221.279 249.458 2.97447 -3.12888 -1.54446e-08 14.5 -0.0301814 4.82228
220.779 249.452 2.96919 -3.12881 -1.72851e-09 15 -0.0327981 4.99052
220.279 249.446 2.96343 -3.12873 1.72881e-08 15.5 -0.0355218 5.15908
219.779 249.439 2.9572 -3.12866 4.04431e-08 16 -0.0383348 5.32798
219.279 249.433 2.95049 -3.1286 6.6986e-08 16.5 -0.0412271 5.49723
218.779 249.426 2.94323 -3.12855 9.66416e-08 17 -0.0441893 5.66692
218.28 249.42 2.93546 -3.12851 1.28636e-07 17.5 -0.0471969 5.83702
217.78 249.413 2.92717 -3.12848 1.60447e-07 18 -0.050231 6.00758
217.28 249.406 2.91831 -3.12845 1.87084e-07 18.5 -0.0532677 6.17866
216.78 249.4 2.90891 -3.12844 2.00971e-07 19 -0.0562763 6.35027
216.28 249.393 2.89897 -3.12844 1.92416e-07 19.5 -0.0592263 6.52244
215.78 249.387 2.88851 -3.12844 1.50582e-07 20 -0.0620807 6.69521
215.28 249.38 2.87749 -3.12845 6.50343e-08 20.5 -0.0647859 6.86866
214.78 249.374 2.86599 -3.12847 -7.21134e-08 21 -0.0673024 7.04277
214.28 249.367 2.85403 -3.12849 -2.63574e-07 21.5 -0.0695777 7.21758
213.78 249.361 2.84165 -3.12851 -5.03947e-07 22 -0.0715444 7.39314
213.28 249.354 2.82888 -3.12855 -7.76871e-07 22.5 -0.0731152 7.5695
212.78 249.347 2.81582 -3.12858 -1.05272e-06 23 -0.0742317 7.74666
212.28 249.341 2.80256 -3.12862 -1.28749e-06 23.5 -0.0748093 7.92464
211.78 249.334 2.78918 -3.12866 -1.42347e-06 24 -0.074754 8.10346
211.28 249.328 2.77581 -3.12869 -1.3925e-06 24.5 -0.0739161 8.28317
210.78 249.322 2.76262 -3.12873 -1.12214e-06 25 -0.0722047 8.46374
210.28 249.315 2.74975 -3.12877 -5.45211e-07 25.5 -0.0695017 8.64515
209.78 249.309 2.73742 -3.12881 3.87536e-07 26 -0.0656706 8.82739
209.28 249.302 2.72584 -3.12884 1.69218e-06 26.5 -0.0605641 9.01042
208.78 249.296 2.71529 -3.12887 3.33511e-06 27 -0.0539981 9.19421
208.28 249.29 2.70609 -3.1289 5.21708e-06 27.5 -0.0457782 9.37869
207.78 249.283 2.69854 -3.12892 7.16046e-06 28 -0.0357785 9.56373
207.28 249.277 2.693 -3.12894 8.9026e-06 28.5 -0.0238258 9.74922
206.78 249.271 2.68977 -3.12894 1.00986e-05 29 -0.0112712 9.93501
206.281 249.264 2.68908 -3.12895 1.03368e-05 29.5 -0.00871764 10
205.781 249.258 2.68908 -3.12895 9.16905e-06 30 -0.00871764 10
