171.596 132.239 2.12237 -1.5593 -0.00276134 0 -0.181849 0
171.602 131.74 2.08642 -1.55918 -0.000804749 0.499377 -0.149073 0.237438
171.608 131.239 2.04863 -1.55775 0.00174905 0.99997 -0.163352 0.479494
171.614 130.737 2.00672 -1.5548 0.00494029 1.50209 -0.175008 0.727107
171.622 130.233 1.96112 -1.55001 0.00876276 2.00602 -0.183964 0.981067
171.633 129.727 1.91221 -1.54305 0.0131867 2.51206 -0.190042 1.24238
171.647 129.219 1.86056 -1.53362 0.0181596 3.02045 -0.193167 1.5118
171.666 128.708 1.80669 -1.52146 0.0236075 3.53143 -0.193151 1.79046
171.691 128.195 1.75132 -1.50632 0.0294374 4.04516 -0.189927 2.07928
171.725 127.68 1.69528 -1.48803 0.0355396 4.56177 -0.183526 2.37908
171.768 127.162 1.63951 -1.46647 0.0417912 5.08132 -0.174065 2.69068
171.822 126.642 1.58504 -1.44159 0.0480601 5.60382 -0.161744 3.01484
171.89 126.121 1.53299 -1.4134 0.0542104 6.12921 -0.146945 3.35198
171.972 125.6 1.48439 -1.382 0.0601096 6.65734 -0.130222 3.70204
172.072 125.078 1.44043 -1.34757 0.0656372 7.18802 -0.11219 4.06514
172.19 124.559 1.40183 -1.31034 0.0706939 7.72102 -0.0936546 4.44034
172.328 124.042 1.36919 -1.27059 0.0752106 8.25604 -0.0754516 4.82664
172.487 123.529 1.34273 -1.22864 0.079156 8.79277 -0.0584504 5.22263
172.667 123.022 1.32223 -1.18481 0.0825402 9.33092 -0.0434614 5.62665
172.87 122.522 1.30702 -1.13938 0.0854141 9.8702 -0.0311992 6.037
173.096 122.032 1.29606 -1.09256 0.0878638 10.4104 -0.022145 6.45212
173.342 121.558 1.28817 -1.0453 0.0899999 10.9439 -0.0165957 6.86512
173.609 121.097 1.28185 -0.997124 0.0919435 11.4771 -0.0143225 7.28006
173.898 120.649 1.27586 -0.94808 0.0938095 12.0098 -0.0148781 7.69656
174.208 120.217 1.26913 -0.898182 0.0956902 12.5418 -0.0175521 8.11459
174.539 119.802 1.26098 -0.847411 0.0976381 13.0729 -0.0212912 8.53439
174.89 119.404 1.25122 -0.795736 0.0996533 13.603 -0.0248512 8.95642
175.261 119.026 1.24015 -0.743149 0.101674 14.1322 -0.0269096 9.38117
175.649 118.669 1.22867 -0.689692 0.103573 14.6604 -0.0262196 9.80905
176.056 118.334 1.21819 -0.628495 0.105167 15.1876 -0.0218149 10.2401
176.59 117.946 1.20913 -0.565822 0.106481 15.8471 -0.0104347 10.7837
177.051 117.653 1.20739 -0.508814 0.106325 16.3935 0.00318254 11.2361
177.528 117.387 1.21242 -0.452312 0.105116 16.9397 0.0195429 11.6878
178.018 117.149 1.22518 -0.397012 0.102757 17.4849 0.0376321 12.1354
178.52 116.938 1.24588 -0.343619 0.099251 18.0287 0.0565616 12.5758
179.03 116.756 1.27465 -0.292763 0.0947136 18.5706 0.0791231 13.0061
179.547 116.6 1.3145 -0.244493 0.0893575 19.1102 0.112556 13.4232
180.07 116.47 1.36565 -0.196381 0.0883321 19.6492 0.138515 13.8256
180.598 116.364 1.42113 -0.150424 0.0825195 20.1879 0.145726 14.2124
181.126 116.284 1.47268 -0.118588 0.0679431 20.7221 0.129332 14.5814
181.538 116.235 1.50414 -0.0833908 0.058403 21.137 0.0948208 14.86
182.169 116.183 1.53441 -0.0638109 0.039493 21.77 0.0561232 15.2762
182.571 116.157 1.54789 -0.0490131 0.023292 22.1724 0.0488358 15.5374
183.187 116.127 1.56798 -0.0360805 0.0289351 22.7899 0.0547935 15.9337
183.699 116.108 1.58746 -0.0262184 0.0322103 23.3018 0.0654379 16.2583
184.108 116.097 1.60518 -0.00925827 0.032434 23.7115 0.0723964 16.515
184.64 116.093 1.62991 0.00472141 0.0292631 24.2435 0.0772973 16.8438
185.153 116.095 1.65426 0.0157676 0.023078 24.7565 0.0779532 17.1563
185.658 116.103 1.6775 0.0238639 0.0173683 25.2614 0.0749376 17.4593
186.157 116.115 1.6988 0.0292844 0.0120166 25.7599 0.0688927 17.7546
186.65 116.129 1.71751 0.0323437 0.00717528 26.2532 0.0602947 18.0434
187.139 116.145 1.73309 0.0359205 0.00296136 26.7424 0.0492773 18.3269
187.75 116.167 1.74785 0.0328139 -0.00201351 27.3541 0.0347458 18.6782
188.248 116.183 1.75614 0.0305953 -0.00439018 27.8527 0.0237127 18.9628
188.746 116.199 1.76146 0.0275009 -0.00603255 28.3505 0.0142125 19.2458
189.243 116.212 1.76439 0.023892 -0.00699814 28.8476 0.0068109 19.5277
189.739 116.224 1.76557 0.0200852 -0.00737257 29.3445 0.00194375 19.8092
190.236 116.234 1.76578 0.0163421 -0.0072595 29.8412 0.000472413 20
190.733 116.242 1.76578 0.012865 -0.00677046 30.3382 0.000472413 20
191.23 116.249 1.76578 0.0097944 -0.00601583 30.8354 0.000472413 20
191.728 116.254 1.76578 0.0097944 -0.00509751 31.3329 0.000472413 20
