297.273 250.414 3.01529 -3.12903 2.25707e-14 0 -0.00225964 0
296.773 250.408 3.01536 -3.12901 -1.65503e-09 0.5 0.00127799 0.165821
296.273 250.402 3.01557 -3.12899 -3.10662e-10 1 0.00099724 0.331632
295.773 250.396 3.01574 -3.12898 1.37844e-10 1.5 0.000706192 0.497433
295.273 250.389 3.01585 -3.12898 1.16885e-10 2 0.000397071 0.663225
294.773 250.383 3.01592 -3.12898 -5.38159e-11 2.5 6.55757e-05 0.829013
294.274 250.377 3.01592 -3.12899 -1.50174e-10 3 -0.000294393 0.994799
293.774 250.37 3.01586 -3.129 -3.23797e-11 3.5 -0.000692514 1.16059
293.274 250.364 3.01573 -3.12901 3.66328e-10 4 -0.00113128 1.32638
292.774 250.358 3.01553 -3.12903 1.05091e-09 4.5 -0.00161775 1.49218
292.274 250.352 3.01523 -3.12905 1.97576e-09 5 -0.00216232 1.658
291.774 250.345 3.01484 -3.12907 3.05602e-09 5.5 -0.00276587 1.82383
291.274 250.339 3.01435 -3.1291 4.17867e-09 6 -0.0034366 1.98969
290.774 250.333 3.01373 -3.12912 5.21389e-09 6.5 -0.00418469 2.15558
290.274 250.326 3.01299 -3.12914 6.02636e-09 7 -0.00500958 2.3215
289.774 250.32 3.0121 -3.12916 6.48628e-09 7.5 -0.00592058 2.48747
289.274 250.314 3.01105 -3.12918 6.48084e-09 8 -0.00692677 2.6535
288.774 250.308 3.00982 -3.12919 5.92531e-09 8.5 -0.00802621 2.81959
288.274 250.302 3.0084 -3.12921 4.77439e-09 9 -0.00922897 2.98575
287.774 250.295 3.00677 -3.12921 3.03347e-09 9.5 -0.0105423 3.15199
287.274 250.289 3.00492 -3.12921 7.69799e-10 10 -0.0119626 3.31833
286.774 250.283 3.00281 -3.12921 -1.87624e-09 10.5 -0.0135001 3.48478
286.274 250.277 3.00043 -3.1292 -4.67967e-09 11 -0.0151595 3.65136
285.774 250.271 2.99777 -3.12918 -7.31951e-09 11.5 -0.0169354 3.81807
285.274 250.264 2.9948 -3.12915 -9.36626e-09 12 -0.0188363 3.98494
284.774 250.258 2.99148 -3.12912 -1.02683e-08 12.5 -0.0208645 4.15199
284.274 250.252 2.98783 -3.12907 -9.34675e-09 13 -0.0230118 4.31923
283.774 250.246 2.9838 -3.12902 -5.84588e-09 13.5 -0.0252831 4.48668
283.274 250.239 2.97936 -3.12895 8.44687e-10 14 -0.027678 4.65438
282.774 250.233 2.97451 -3.12888 1.07019e-08 14.5 -0.0301844 4.82234
282.274 250.227 2.96923 -3.12881 2.25151e-08 15 -0.0328008 4.99057
281.774 250.22 2.96347 -3.12873 3.38802e-08 15.5 -0.0355238 5.15914
281.275 250.214 2.95724 -3.12866 4.21428e-08 16 -0.0383358 5.32803
280.775 250.208 2.95053 -3.1286 4.56844e-08 16.5 -0.0412267 5.49728
280.275 250.201 2.94327 -3.12855 4.44475e-08 17 -0.0441871 5.66697
279.775 250.194 2.9355 -3.1285 3.94444e-08 17.5 -0.0471928 5.83707
279.275 250.188 2.92721 -3.12847 3.19684e-08 18 -0.0502247 6.00762
278.775 250.181 2.91835 -3.12845 2.31368e-08 18.5 -0.0532589 6.1787
278.275 250.175 2.90895 -3.12844 1.38027e-08 19 -0.0562648 6.35031
277.775 250.168 2.89902 -3.12843 4.60772e-09 19.5 -0.0592118 6.52247
277.275 250.162 2.88856 -3.12844 -3.96356e-09 20 -0.0620628 6.69524
276.775 250.155 2.87754 -3.12845 -1.15535e-08 20.5 -0.0647642 6.86869
276.275 250.149 2.86605 -3.12846 -1.79151e-08 21 -0.0672763 7.04279
275.775 250.142 2.85409 -3.12849 -2.28996e-08 21.5 -0.0695466 7.2176
275.275 250.135 2.84172 -3.12851 -2.64454e-08 22 -0.0715074 7.39316
274.775 250.129 2.82896 -3.12854 -2.85664e-08 22.5 -0.0730715 7.56952
274.275 250.122 2.81591 -3.12858 -2.93408e-08 23 -0.0741803 7.74667
273.775 250.116 2.80265 -3.12861 -2.89004e-08 23.5 -0.0747496 7.92465
273.275 250.109 2.78929 -3.12865 -2.74185e-08 24 -0.0746855 8.10346
272.775 250.103 2.77593 -3.12869 -2.50997e-08 24.5 -0.073839 8.28316
272.275 250.096 2.76275 -3.12873 -2.21678e-08 25 -0.0721199 8.46372
271.775 250.09 2.74991 -3.12877 -1.88551e-08 25.5 -0.0694114 8.64512
271.275 250.084 2.73759 -3.1288 -1.53911e-08 26 -0.0655777 8.82735
270.775 250.077 2.72603 -3.12884 -1.19914e-08 26.5 -0.0604731 9.01038
270.275 250.071 2.71549 -3.12887 -8.84629e-09 27 -0.0539141 9.19415
269.776 250.064 2.70631 -3.1289 -6.10981e-09 27.5 -0.0457075 9.37861
269.276 250.058 2.69877 -3.12892 -3.88842e-09 28 -0.035727 9.56364
268.776 250.052 2.69324 -3.12894 -2.22991e-09 28.5 -0.0237979 9.74911
268.276 250.045 2.69001 -3.12896 -1.11207e-09 29 -0.011261 9.93488
267.776 250.039 2.68932 -3.12897 -4.31753e-10 29.5 -0.00870625 10
267.276 250.033 2.68932 -3.12897 -1.19427e-10 30 -0.00870625 10
