212.28 249.344 3.00874 -3.12902 -1.25904e-06 0 -0.00623003 0
211.78 249.337 3.00966 -3.129 -1.39722e-06 0.499999 0.0102238 0.166165
211.28 249.331 3.01133 -3.12898 -1.36736e-06 0.999998 0.00954381 0.332249
210.78 249.325 3.01289 -3.12897 -1.09953e-06 1.5 0.00886571 0.498247
210.28 249.318 3.01433 -3.12897 -5.25938e-07 2 0.00818495 0.664156
209.78 249.312 3.01566 -3.12897 4.03194e-07 2.5 0.00749682 0.829992
209.28 249.306 3.01687 -3.12898 1.70436e-06 3 0.00679636 0.995761
208.78 249.299 3.01795 -3.12899 3.34428e-06 3.5 0.00607571 1.16146
208.28 249.293 3.01892 -3.12901 5.22392e-06 4 0.0053305 1.32711
207.78 249.287 3.01977 -3.12902 7.16577e-06 4.5 0.00455345 1.49271
207.28 249.281 3.02047 -3.12904 8.90715e-06 5.00001 0.00373307 1.65827
206.78 249.274 3.02104 -3.12906 1.0103e-05 5.50001 0.00286447 1.82379
206.28 249.268 3.02146 -3.12907 1.03415e-05 6.00002 0.00193599 1.98928
205.781 249.262 3.02171 -3.12909 9.17383e-06 6.50003 0.000931792 2.15476
205.281 249.255 3.02179 -3.12911 6.16216e-06 7.00004 -0.000154289 2.32023
204.781 249.249 3.02169 -3.12913 9.4235e-07 7.50004 -0.00134018 2.4857
204.281 249.243 3.02137 -3.12916 -6.69852e-06 8.00004 -0.00264438 2.65117
203.781 249.237 3.02083 -3.12918 -1.67359e-05 8.50003 -0.00407289 2.81667
203.281 249.231 3.02004 -3.12921 -2.88205e-05 9.00001 -0.00564883 2.9822
202.781 249.224 3.01897 -3.12923 -4.21996e-05 9.49998 -0.00738622 3.14778
202.281 249.218 3.01761 -3.12926 -5.56613e-05 9.99994 -0.00928585 3.31342
201.781 249.212 3.01591 -3.12929 -6.75133e-05 10.4999 -0.0113685 3.47914
201.281 249.206 3.01385 -3.12932 -7.56127e-05 10.9998 -0.013632 3.64497
200.781 249.2 3.01141 -3.12934 -7.7458e-05 11.4998 -0.0160646 3.81091
200.281 249.194 3.00853 -3.12935 -7.03543e-05 11.9997 -0.0186709 3.97701
199.781 249.187 3.0052 -3.12934 -5.16547e-05 12.4997 -0.0214253 4.14328
199.281 249.181 3.00141 -3.1293 -1.9076e-05 12.9997 -0.0242989 4.30975
198.781 249.175 2.99712 -3.12923 2.89226e-05 13.4996 -0.0272708 4.47644
198.281 249.169 2.99231 -3.12912 9.27207e-05 13.9996 -0.0303 4.6434
197.781 249.163 2.98701 -3.12896 0.000171109 14.4997 -0.0333508 4.81065
197.281 249.156 2.98117 -3.12876 0.000260891 14.9997 -0.0363909 4.97823
196.781 249.15 2.9748 -3.1285 0.000356573 15.4999 -0.0393947 5.14619
196.281 249.144 2.96793 -3.12821 0.00045018 16.0002 -0.0423527 5.31454
195.781 249.137 2.96054 -3.12788 0.00053126 16.5005 -0.04527 5.48332
195.28 249.13 2.95263 -3.12754 0.00058712 17.0009 -0.0481852 5.65258
194.78 249.123 2.94421 -3.12719 0.000603322 17.5013 -0.0511639 5.8223
194.28 249.116 2.93525 -3.12688 0.000564467 18.0018 -0.0543021 5.99254
193.779 249.108 2.92567 -3.12664 0.000455258 18.5023 -0.0577649 6.16334
193.279 249.101 2.91544 -3.12649 0.000261816 19.0027 -0.061708 6.33468
192.779 249.093 2.90447 -3.12651 -2.67864e-05 19.5029 -0.0663159 6.50654
192.279 249.086 2.89256 -3.12672 -0.000416858 20.0027 -0.0718866 6.67897
191.78 249.078 2.87953 -3.12719 -0.000908355 20.5021 -0.0786244 6.85202
191.281 249.071 2.8652 -3.12795 -0.00149319 21.0011 -0.0867079 7.02573
190.782 249.064 2.84931 -3.12905 -0.00215372 21.4996 -0.0963131 7.20017
190.284 249.058 2.83138 -3.13049 -0.00286148 21.9977 -0.107688 7.37553
189.787 249.053 2.81124 -3.1323 -0.00357637 22.4951 -0.120689 7.55187
189.29 249.048 2.78857 -3.13444 -0.00424647 22.9921 -0.135159 7.72935
188.793 249.044 2.76307 -3.13685 -0.00480854 23.4887 -0.150772 7.90818
188.297 249.042 2.73438 -3.13945 -0.00518944 23.9849 -0.166978 8.08871
187.801 249.041 2.7024 3.14107 -0.00530865 24.481 -0.182801 8.27122
187.305 249.041 2.66726 3.13852 -0.00508172 24.9772 -0.197056 8.45604
186.808 249.043 2.62922 3.13629 -0.00442483 25.4738 -0.208196 8.64354
186.311 249.045 2.58889 3.13465 -0.00325999 25.9712 -0.214264 8.83415
185.812 249.049 2.54732 3.13386 -0.0015207 26.4697 -0.212959 9.02826
185.312 249.053 2.50615 3.13427 0.00084256 26.9698 -0.201583 9.22621
184.81 249.056 2.46772 3.1362 0.00385748 27.4721 -0.177215 9.42821
184.305 249.059 2.43517 3.14001 0.00752627 27.977 -0.136784 9.63424
183.798 249.06 2.41254 -3.13716 0.0118235 28.4835 -0.0774594 9.84332
183.289 249.058 2.40332 -3.12861 0.0166955 28.9929 -0.0406825 10
182.776 249.051 2.40332 -3.11722 0.0220616 29.5058 -0.0406825 10
182.26 249.038 2.40332 -3.11722 0.0278167 30.0226 -0.0406825 10
