171.632 129.728 1.97982 -1.54235 0.0131721 0 -0.105384 0
171.647 129.22 1.95433 -1.5302 0.018274 0.508399 -0.109254 0.258487
171.667 128.71 1.92163 -1.51511 0.0236909 1.01939 -0.13799 0.522052
171.696 128.197 1.88138 -1.49754 0.0294858 1.53313 -0.159222 0.792117
171.734 127.682 1.835 -1.47731 0.0355557 2.04969 -0.173122 1.07012
171.782 127.164 1.78414 -1.4543 0.0417839 2.56908 -0.180222 1.35714
171.843 126.646 1.73035 -1.42843 0.0480431 3.09125 -0.180968 1.65429
171.917 126.126 1.67522 -1.39972 0.0542008 3.61607 -0.175976 1.96252
172.007 125.607 1.62038 -1.36825 0.0601261 4.14333 -0.166056 2.2825
172.114 125.088 1.56745 -1.3342 0.0656976 4.6728 -0.152144 2.61475
172.238 124.572 1.51789 -1.29779 0.070813 5.20418 -0.135387 2.95937
172.382 124.058 1.47285 -1.25931 0.075399 5.73718 -0.117044 3.31588
172.546 123.55 1.43326 -1.21906 0.079419 6.27148 -0.098386 3.68374
172.73 123.047 1.39949 -1.17737 0.0828781 6.8068 -0.0806511 4.06188
172.936 122.552 1.3714 -1.13454 0.0858235 7.34292 -0.064915 4.44899
173.162 122.065 1.34842 -1.09074 0.0883388 7.87966 -0.0520238 4.84379
173.408 121.594 1.32977 -1.04689 0.0905341 8.41082 -0.0425707 5.24054
173.673 121.136 1.31403 -1.0027 0.0925312 8.94028 -0.0365104 5.64113
173.957 120.69 1.29996 -0.958116 0.0944463 9.46926 -0.033483 6.04589
174.261 120.258 1.28648 -0.913143 0.0963715 9.9977 -0.0327978 6.45452
174.584 119.84 1.27284 -0.867758 0.0983581 10.5256 -0.0334219 6.86707
174.925 119.437 1.25875 -0.821891 0.100401 11.0531 -0.0340768 7.28377
175.284 119.051 1.24448 -0.775243 0.102421 11.5803 -0.0333865 7.705
175.66 118.682 1.23085 -0.727214 0.104232 12.1076 -0.0301426 8.13106
176.055 118.332 1.21915 -0.662325 0.105645 12.6352 -0.0236115 8.56182
176.575 117.926 1.20968 -0.610351 0.106663 13.2948 -0.0103027 9.10529
177.025 117.611 1.20823 -0.556382 0.10616 13.8443 0.00415609 9.55995
177.493 117.32 1.21379 -0.50228 0.10456 14.3949 0.0206189 10.0149
177.976 117.055 1.22706 -0.448774 0.101801 14.9462 0.0382088 10.4669
178.473 116.816 1.24809 -0.396607 0.0979249 15.4976 0.0563515 10.9126
178.981 116.603 1.27717 -0.34648 0.0930836 16.0483 0.0789 11.349
179.497 116.416 1.31755 -0.298272 0.0875172 16.5977 0.112423 11.773
180.023 116.255 1.36934 -0.249881 0.0867203 17.1479 0.137185 12.1828
180.557 116.118 1.4252 -0.204086 0.0800552 17.6992 0.143251 12.5773
181.093 116.007 1.47679 -0.186525 0.0653062 18.2458 0.12641 12.9539
181.513 115.928 1.50815 -0.128505 0.0557835 18.6735 0.0905164 13.2403
182.149 115.846 1.53791 -0.134128 0.0376052 19.3146 0.0582674 13.6609
182.554 115.791 1.55298 -0.0949669 0.0200529 19.7238 0.0571544 13.9257
183.173 115.732 1.57818 -0.090802 0.0292771 20.3458 0.0717476 14.3232
183.69 115.685 1.60432 -0.0934479 0.0321391 20.8648 0.0885494 14.6494
184.108 115.646 1.62883 -0.0611855 0.0320456 21.2839 0.100328 14.9087
184.646 115.613 1.66383 -0.0489649 0.0282168 21.8238 0.112961 15.2367
185.166 115.588 1.7006 -0.0387077 0.0218963 22.3439 0.124723 15.5459
185.676 115.568 1.73914 -0.0312624 0.0163641 22.8546 0.134465 15.8429
186.179 115.552 1.77859 -0.0264181 0.0111096 23.3578 0.140617 16.129
186.676 115.539 1.81755 -0.023843 0.00636726 23.8544 0.140524 16.4053
187.167 115.527 1.85438 -0.00917054 0.00225542 24.3457 0.134051 16.6728
187.778 115.522 1.89567 -0.0223618 -0.00255019 24.9569 0.117436 16.9988
188.277 115.511 1.92364 -0.0247063 -0.00481443 25.4556 0.0967873 17.2598
188.773 115.498 1.94548 -0.0278918 -0.00634204 25.9526 0.0725216 17.5166
189.269 115.484 1.96071 -0.0315594 -0.00719443 26.4485 0.0479309 17.7704
189.764 115.469 1.96996 -0.0353979 -0.00746206 26.9437 0.0258575 18.0224
190.259 115.451 1.97416 -0.0391535 -0.00725346 27.4388 0.00852675 18.2734
190.754 115.432 1.97481 -0.0426332 -0.00668425 27.9341 -0.00241849 18.5242
191.249 115.411 1.97364 -0.0457035 -0.00586753 28.4298 -0.005763 18.7753
191.745 115.388 1.97258 -0.0482851 -0.0049067 28.9262 -0.00354206 19
192.241 115.364 1.97258 -0.050345 -0.00389078 29.4234 -0.00354206 19
192.739 115.339 1.97258 -0.0518876 -0.00289204 29.9214 -0.00354206 19
193.237 115.313 1.97258 -0.0529459 -0.00196547 30.4203 -0.00354206 19
193.736 115.287 1.97258 -0.0535737 -0.00114951 30.9199 -0.00354206 19
194.236 115.26 1.97258 -0.0535737 -0.000466552 31.4203 -0.00354206 19
