169.9 235.424 1.43724 -1.54991 0.0261302 0 0.354998 1.2237e-06
169.911 234.913 1.50966 -1.54074 0.0215808 0.511198 0.186456 0.346007
169.926 234.405 1.57081 -1.53444 0.0163972 1.0201 0.181611 0.676429
169.944 233.898 1.62622 -1.53063 0.0114518 1.52658 0.166159 0.993265
169.965 233.395 1.67363 -1.52917 0.006854 2.03079 0.14253 1.29878
169.986 232.893 1.71174 -1.52981 0.00276485 2.53293 0.113413 1.5953
170.006 232.393 1.74011 -1.53222 -0.000668595 3.03329 0.0816713 1.88506
170.025 231.894 1.75901 -1.53603 -0.00335796 3.53221 0.0501269 2.17009
170.043 231.397 1.76936 -1.54082 -0.0052788 4.03005 0.0210111 2.45219
170.058 230.9 1.77199 -1.54622 -0.00646566 4.52719 -0.00511406 2.73286
170.07 230.403 1.76767 -1.55188 -0.00699975 5.02394 -0.0278874 3.01346
170.079 229.907 1.7575 -1.55773 -0.00699266 5.5206 -0.0470089 3.29518
170.086 229.418 1.74252 -1.56315 -0.0065698 6.00956 -0.0620511 3.57455
170.089 228.931 1.7236 -1.56802 -0.0058561 6.49677 -0.0733384 3.85564
170.091 228.441 1.70159 -1.5724 -0.00496575 6.98644 -0.0810419 4.14153
170.09 227.949 1.67739 -1.57626 -0.00399603 7.47857 -0.0852977 4.4328
170.087 227.454 1.65191 -1.57958 -0.0030248 7.97306 -0.0863553 4.72984
170.083 226.958 1.62603 -1.5824 -0.00211047 8.46965 -0.0845556 5.03284
170.077 226.459 1.60057 -1.58477 -0.00129369 8.96807 -0.0803111 5.3418
170.07 225.96 1.57628 -1.58675 -0.000599596 9.46796 -0.0740818 5.65654
170.062 225.459 1.5538 -1.5884 -4.0389e-05 9.96898 -0.0663381 5.97669
170.053 224.957 1.53366 -1.58979 0.000382231 10.4708 -0.0575342 6.30176
170.044 224.455 1.51631 -1.59099 0.000674794 10.9731 -0.0480845 6.63123
170.033 223.952 1.50193 -1.59206 0.000849989 11.4756 -0.0383676 6.96428
170.023 223.45 1.49066 -1.59303 0.000924749 11.9782 -0.0286648 7.30016
170.012 222.948 1.48263 -1.59395 0.000918436 12.4806 -0.0191927 7.63818
170 222.446 1.47767 -1.59483 0.000851093 12.9827 -0.0100697 7.97749
169.988 221.944 1.47574 -1.59569 0.000741812 13.4846 -0.00135242 8.31739
169.975 221.442 1.47672 -1.5965 0.000607518 13.9861 0.00696415 8.65717
169.963 220.941 1.48042 -1.59723 0.000462683 14.4873 0.0149378 8.9962
169.949 220.441 1.48679 -1.59785 0.000319934 14.9882 0.0226379 9.33387
169.936 219.94 1.49565 -1.59835 0.000190465 15.4889 0.0301617 9.66966
169.922 219.44 1.50692 -1.59874 8.3029e-05 15.9894 0.0375954 10.0031
169.908 218.94 1.52059 -1.59906 2.22285e-06 16.4897 0.0450096 10.3337
169.894 218.44 1.53653 -1.59935 -5.19759e-05 16.99 0.052441 10.661
169.88 217.94 1.55469 -1.59963 -8.28242e-05 17.4902 0.0598784 10.9847
169.865 217.44 1.575 -1.59991 -9.49008e-05 17.9904 0.0672574 11.3044
169.851 216.94 1.59736 -1.60018 -9.28959e-05 18.4907 0.0744559 11.6198
169.836 216.44 1.62157 -1.60044 -8.11662e-05 18.991 0.0813027 11.9307
169.821 215.939 1.64744 -1.60069 -6.35931e-05 19.4913 0.0875777 12.2368
169.806 215.439 1.67466 -1.60094 -4.34745e-05 19.9917 0.0930176 12.5381
169.791 214.939 1.70288 -1.60116 -2.3428e-05 20.4922 0.0973218 12.8345
169.776 214.439 1.73169 -1.60138 -5.34699e-06 20.9927 0.100159 13.1259
169.761 213.938 1.76059 -1.60159 9.57672e-06 21.4932 0.101176 13.4126
169.745 213.438 1.78901 -1.60178 2.07739e-05 21.9938 0.0999798 13.6947
169.73 212.938 1.81628 -1.60197 2.81822e-05 22.4944 0.0961256 13.9723
169.714 212.437 1.84171 -1.60214 3.2114e-05 22.995 0.0893528 14.246
169.698 211.937 1.86463 -1.60231 3.31226e-05 23.4956 0.0798546 14.5161
169.683 211.437 1.8844 -1.60247 3.18822e-05 23.9962 0.0678711 14.7831
169.667 210.936 1.90048 -1.60263 2.90873e-05 24.4968 0.0536334 15.0476
169.651 210.436 1.91255 -1.60277 2.53778e-05 24.9974 0.0377552 15.3102
169.635 209.936 1.92026 -1.60291 2.12901e-05 25.498 0.0216324 15.5713
169.619 209.435 1.92392 -1.60303 1.72317e-05 25.9986 0.00681775 15.8317
169.603 208.935 1.92409 -1.60314 1.34758e-05 26.4992 -0.00523505 16.0919
169.586 208.435 1.92162 -1.60324 1.01723e-05 26.9998 -0.0128326 16.3522
169.57 207.934 1.91792 -1.60333 7.36732e-06 27.5004 -0.014636 16.6129
169.554 207.434 1.91471 -1.6034 5.02899e-06 28.001 -0.00877815 16.8742
169.538 206.934 1.91377 -1.60346 3.07378e-06 28.5016 -0.00587036 17
169.521 206.433 1.91377 -1.60349 1.39107e-06 29.0022 -0.00587036 17
169.505 205.933 1.91377 -1.60351 -1.36611e-07 29.5028 -0.00587036 17
169.488 205.433 1.91377 -1.60351 -9.96551e-07 30.0034 -0.00587036 17
