276.264 117.363 0.0217294 -0.058795 4.57126e-09 0 -0.0799792 0
276.765 117.334 0.960694 -0.0573113 -0.000261807 0.501376 0.813209 1.24661
277.265 117.305 1.27845 -0.0555396 -0.000253889 1.0027 0.615697 1.69202
277.766 117.277 1.47525 -0.0537785 -0.000246179 1.50396 0.474578 2.05462
278.266 117.25 1.61103 -0.0520272 -0.000238669 2.00515 0.364328 2.37889
278.767 117.224 1.70722 -0.0502851 -0.000231351 2.50629 0.275209 2.68054
279.267 117.199 1.77547 -0.0485514 -0.000224216 3.00736 0.201768 2.96796
279.768 117.175 1.82288 -0.0468255 -0.000217257 3.50839 0.140635 3.2462
280.268 117.151 1.85415 -0.0451066 -0.000210466 4.00935 0.0895688 3.51855
280.768 117.129 1.8724 -0.043394 -0.000203832 4.51027 0.0471193 3.78725
281.269 117.107 1.88009 -0.041687 -0.000197349 5.01113 0.012128 4.05408
281.769 117.086 1.87943 -0.0399847 -0.000191007 5.51194 -0.0165391 4.32041
282.269 117.066 1.87187 -0.0382863 -0.000184797 6.01271 -0.0395353 4.58732
282.77 117.047 1.85871 -0.0365911 -0.00017871 6.51343 -0.0574876 4.85572
283.27 117.029 1.84124 -0.0348982 -0.000172737 7.0141 -0.0710994 5.1263
283.771 117.011 1.82043 -0.0332068 -0.000166867 7.51473 -0.0808578 5.39967
284.271 116.995 1.7971 -0.0315161 -0.000161091 8.01532 -0.0871333 5.67645
284.771 116.979 1.77213 -0.0298251 -0.0001554 8.51587 -0.0904848 5.95693
285.271 116.964 1.74622 -0.0281331 -0.000149781 9.01638 -0.0913141 6.24144
285.772 116.95 1.72 -0.0264391 -0.000144225 9.51685 -0.0900083 6.53021
286.272 116.937 1.69402 -0.0247423 -0.00013872 10.0173 -0.0869393 6.82338
286.772 116.924 1.66879 -0.0230417 -0.000133256 10.5177 -0.0824615 7.12101
287.272 116.913 1.6447 -0.0213364 -0.00012782 11.0181 -0.0769091 7.42305
287.773 116.902 1.6221 -0.0196256 -0.000122399 11.5184 -0.0705918 7.72941
288.273 116.892 1.60124 -0.0179084 -0.000116976 12.0187 -0.0637917 8.03987
288.773 116.883 1.58229 -0.0161844 -0.000111519 12.519 -0.0567601 8.3542
289.273 116.875 1.56536 -0.0144545 -0.000105958 13.0192 -0.0497153 8.67209
289.773 116.868 1.5505 -0.012722 -0.000100156 13.5194 -0.0428416 8.99319
290.274 116.862 1.5377 -0.0109949 -9.39154e-05 14.0196 -0.0362967 9.31717
290.774 116.856 1.52687 -0.00928611 -8.70651e-05 14.5198 -0.0301981 9.64364
291.274 116.852 1.51787 -0.00761221 -7.96076e-05 15.02 -0.0246302 9.97221
291.774 116.848 1.51056 -0.00598908 -7.17935e-05 15.5201 -0.0196543 10.3025
292.274 116.845 1.50479 -0.00442817 -6.40224e-05 16.0202 -0.0153238 10.6343
292.774 116.842 1.50032 -0.00293512 -5.66486e-05 16.5203 -0.0116416 10.9671
293.274 116.841 1.49694 -0.00151122 -4.98613e-05 17.0204 -0.00861203 11.3008
293.774 116.84 1.49448 -0.000155627 -4.37008e-05 17.5205 -0.00624645 11.6352
294.274 116.84 1.4927 0.00113299 -3.81363e-05 18.0205 -0.0045093 11.97
294.774 116.841 1.49139 0.00235588 -3.31216e-05 18.5206 -0.00338173 12.3051
295.274 116.842 1.49036 0.00351416 -2.86147e-05 19.0206 -0.00285084 12.6406
295.774 116.844 1.48941 0.00460888 -2.45789e-05 19.5206 -0.00287288 12.9762
296.275 116.846 1.48837 0.00564108 -2.09803e-05 20.0207 -0.00342451 13.312
296.775 116.849 1.48705 0.00661179 -1.77867e-05 20.5207 -0.00448006 13.6481
297.275 116.852 1.4853 0.00752203 -1.49672e-05 21.0207 -0.00599693 13.9845
297.775 116.856 1.48296 0.00837285 -1.24922e-05 21.5207 -0.00794858 14.3214
298.275 116.86 1.47989 0.00916528 -1.03331e-05 22.0207 -0.0102929 14.6589
298.775 116.865 1.47597 0.00990036 -8.46284e-06 22.5207 -0.0129792 14.9972
299.274 116.87 1.47106 0.0105791 -6.85523e-06 23.0208 -0.0159607 15.3366
299.774 116.875 1.46509 0.0112026 -5.48542e-06 23.5208 -0.0191597 15.6771
300.274 116.88 1.45796 0.0117719 -4.32965e-06 24.0208 -0.0224919 16.0192
300.774 116.886 1.44965 0.012288 -3.36529e-06 24.5208 -0.0258457 16.3631
301.274 116.893 1.44015 0.012752 -2.57086e-06 25.0208 -0.0290816 16.7091
301.774 116.899 1.42948 0.0131649 -1.92595e-06 25.5208 -0.0320157 17.0576
302.274 116.905 1.4178 0.0135278 -1.41124e-06 26.0208 -0.034434 17.4088
302.774 116.912 1.40529 0.0138417 -1.00844e-06 26.5208 -0.0360394 17.763
303.274 116.919 1.39229 0.0141076 -7.00336e-07 27.0208 -0.0365048 18.1204
303.774 116.926 1.37927 0.0143267 -4.70699e-07 27.5208 -0.0353992 18.4813
304.274 116.933 1.36689 0.0144999 -3.04301e-07 28.0208 -0.032212 18.8454
304.774 116.941 1.35604 0.0146283 -1.86893e-07 28.5208 -0.0263936 19.2127
305.274 116.948 1.34787 0.014713 -1.05172e-07 29.0208 -0.0172448 19.5826
305.774 116.955 1.34374 0.0147572 -4.67599e-08 29.5208 -0.00524207 19.9543
306.274 116.963 1.3435 0.0147572 -1.42954e-08 30.0208 -0.00434777 20
