170.632 164.708 3.01602 -1.55435 6.43157e-08 0 -0.00182164 0
170.64 164.208 3.01577 -1.55433 1.01859e-07 0.5 -0.00168272 0.165787
170.648 163.708 3.0155 -1.55432 1.42008e-07 1 -0.00187627 0.331589
170.656 163.208 3.0152 -1.55431 1.75147e-07 1.5 -0.00208287 0.497405
170.665 162.708 3.01486 -1.55431 1.92478e-07 2 -0.00231044 0.663241
170.673 162.208 3.01448 -1.55432 1.83404e-07 2.5 -0.00256267 0.829095
170.681 161.708 3.01406 -1.55433 1.3667e-07 3 -0.00284528 0.994971
170.689 161.208 3.01358 -1.55434 4.20922e-08 3.5 -0.00316754 1.16087
170.697 160.708 3.01305 -1.55436 -1.07102e-07 4 -0.00353109 1.3268
170.706 160.208 3.01245 -1.55438 -3.11518e-07 4.5 -0.00394214 1.49276
170.714 159.708 3.01178 -1.5544 -5.62601e-07 5 -0.00441013 1.65876
170.722 159.208 3.01102 -1.55443 -8.39908e-07 5.5 -0.00493487 1.82479
170.73 158.708 3.01017 -1.55445 -1.10909e-06 6 -0.00552286 1.99087
170.738 158.208 3.00922 -1.55448 -1.32127e-06 6.5 -0.00618282 2.157
170.747 157.708 3.00815 -1.5545 -1.41452e-06 7 -0.00691263 2.32318
170.755 157.209 3.00695 -1.55452 -1.31793e-06 7.5 -0.00771858 2.48943
170.763 156.709 3.0056 -1.55454 -9.58932e-07 8 -0.00860773 2.65575
170.771 156.209 3.00411 -1.55456 -2.7388e-07 8.49999 -0.00957592 2.82214
170.779 155.709 3.00244 -1.55457 7.78332e-07 9 -0.0106286 2.98862
170.787 155.209 3.00059 -1.55458 2.2004e-06 9.5 -0.0117707 3.15521
170.795 154.709 2.99854 -1.55458 3.93996e-06 10 -0.0129963 3.3219
170.803 154.209 2.99628 -1.55457 5.87431e-06 10.5 -0.0143096 3.48871
170.812 153.709 2.99378 -1.55455 7.79911e-06 11 -0.0157143 3.65565
170.82 153.209 2.99104 -1.55453 9.42427e-06 11.5 -0.0172035 3.82274
170.828 152.709 2.98805 -1.5545 1.03803e-05 12 -0.0187804 3.98999
170.836 152.209 2.98476 -1.55446 1.02381e-05 12.5 -0.020449 4.15742
170.844 151.709 2.9812 -1.55441 8.54419e-06 13 -0.0222022 4.32504
170.852 151.209 2.97734 -1.55435 4.87336e-06 13.5 -0.0240422 4.49286
170.861 150.709 2.97313 -1.55428 -1.1039e-06 14 -0.0259738 4.66092
170.869 150.209 2.9686 -1.55422 -9.54071e-06 14.5 -0.0279881 4.82921
170.877 149.709 2.96373 -1.55415 -2.03266e-05 15 -0.030083 4.99776
170.885 149.21 2.95846 -1.55409 -3.30008e-05 15.5 -0.0322601 5.16662
170.894 148.71 2.95282 -1.55404 -4.66778e-05 16 -0.0345023 5.33578
170.902 148.21 2.94679 -1.55401 -5.9997e-05 16.4999 -0.0367967 5.50525
170.911 147.71 2.94034 -1.55399 -7.11144e-05 16.9999 -0.0391251 5.6751
170.919 147.21 2.93348 -1.55398 -7.77483e-05 17.4998 -0.0414546 5.84533
170.927 146.71 2.92623 -1.55399 -7.7293e-05 17.9998 -0.0437494 6.01596
170.936 146.21 2.91856 -1.554 -6.70066e-05 18.4997 -0.0459582 6.18703
170.944 145.71 2.91049 -1.55401 -4.42767e-05 18.9997 -0.0480146 6.35858
170.953 145.21 2.90207 -1.55401 -6.95788e-06 19.4997 -0.0498583 6.53061
170.961 144.711 2.89334 -1.55399 4.62316e-05 19.9997 -0.0514144 6.70315
170.969 144.211 2.88434 -1.55394 0.00011528 20.4998 -0.0525651 6.87627
170.978 143.71 2.87514 -1.55385 0.000198453 20.9999 -0.0532464 7.04995
170.986 143.21 2.86585 -1.55373 0.000291906 21.5001 -0.0533824 7.22419
170.995 142.71 2.85655 -1.55356 0.000389397 22.0004 -0.0529004 7.39902
171.003 142.21 2.84738 -1.55335 0.000482132 22.5007 -0.0516887 7.57448
171.012 141.71 2.83845 -1.55311 0.000558825 23.0011 -0.0497729 7.7505
171.021 141.209 2.82988 -1.55284 0.000605984 23.5015 -0.0471546 7.92708
171.03 140.709 2.8218 -1.55258 0.000608484 24.002 -0.0438677 8.10417
171.039 140.208 2.81436 -1.55234 0.000550425 24.5024 -0.0399704 8.28175
171.048 139.708 2.80764 -1.55217 0.000416297 25.0028 -0.0356175 8.45976
171.058 139.208 2.8017 -1.55211 0.000192403 25.5029 -0.0309715 8.6381
171.067 138.708 2.79658 -1.55222 -0.000131477 26.0029 -0.0262207 8.81672
171.076 138.209 2.7923 -1.55253 -0.000560271 26.5026 -0.0215491 8.99553
171.085 137.709 2.78886 -1.5531 -0.00109174 27.0019 -0.017153 9.17446
171.094 137.211 2.78616 -1.55398 -0.00171465 27.5008 -0.0131475 9.35343
171.103 136.712 2.78413 -1.5552 -0.00240721 27.9991 -0.00956243 9.53237
171.11 136.215 2.7827 -1.55677 -0.00313582 28.4969 -0.00630978 9.71123
171.117 135.717 2.78185 -1.55869 -0.00385452 28.9942 -0.00314282 9.88997
171.123 135.221 2.78156 -1.56092 -0.00450512 29.491 -0.00209094 10
171.128 134.724 2.78156 -1.56092 -0.00501848 29.9874 -0.00209094 10
