169.91 236.831 1.31565 -1.59214 0.031946 0 -0.0162053 1.76134e-06
169.901 236.435 1.33942 -1.57812 0.0315017 0.395601 0.107139 0.298563
169.897 235.871 1.38968 -1.55971 0.0295192 0.959684 0.135413 0.712209
169.903 235.329 1.44607 -1.54355 0.026211 1.50256 0.158244 1.09532
169.917 234.803 1.50534 -1.53011 0.0217545 2.02834 0.172965 1.45161
169.938 234.29 1.56434 -1.51956 0.016614 2.54135 0.178519 1.78597
169.964 233.787 1.62054 -1.51172 0.0116912 3.04535 0.174927 2.10251
169.993 233.291 1.67147 -1.50634 0.00710642 3.5421 0.160953 2.40423
170.025 232.801 1.71505 -1.50313 0.00301301 4.03302 0.138435 2.69406
170.058 232.316 1.75002 -1.50179 -0.000442012 4.51958 0.110107 2.97475
170.091 231.833 1.776 -1.50194 -0.00316791 5.00323 0.0786725 3.24896
170.124 231.352 1.79313 -1.50323 -0.00513618 5.48532 0.0465094 3.51901
170.157 230.872 1.8017 -1.50532 -0.00637654 5.96703 0.0156965 3.78692
170.189 230.39 1.80232 -1.51492 -0.00696547 6.44938 -0.0117464 4.05451
170.223 229.78 1.79368 -1.51231 -0.0068638 7.0607 -0.0404147 4.39435
170.252 229.283 1.77992 -1.51493 -0.0063233 7.55827 -0.0584371 4.67278
170.28 228.786 1.76158 -1.51732 -0.00554319 8.05618 -0.0719877 4.95392
170.306 228.289 1.73975 -1.5194 -0.00462937 8.55449 -0.0812973 5.23852
170.332 227.791 1.71549 -1.52112 -0.0036699 9.05321 -0.0866856 5.52717
170.357 227.292 1.68978 -1.52251 -0.00273362 9.55233 -0.0885474 5.82029
170.381 226.793 1.66356 -1.52359 -0.00187087 10.0518 -0.0873502 6.11818
170.404 226.294 1.63766 -1.52441 -0.0011154 10.5516 -0.0836024 6.42098
170.428 225.794 1.61281 -1.52503 -0.000486777 11.0516 -0.0778363 6.72868
170.45 225.295 1.58963 -1.52553 7.25827e-06 11.5518 -0.0705929 7.04111
170.473 224.795 1.56856 -1.52597 0.000368413 12.0521 -0.0623894 7.358
170.495 224.295 1.54993 -1.52641 0.00060576 12.5526 -0.0536981 7.67897
170.518 223.795 1.53392 -1.5269 0.000733811 13.053 -0.044939 8.00357
170.54 223.295 1.52062 -1.52748 0.000770758 13.5535 -0.0364747 8.33132
170.561 222.795 1.5099 -1.52819 0.000736813 14.0539 -0.0285713 8.66164
170.583 222.295 1.5016 -1.52902 0.000652578 14.5543 -0.0214185 8.994
170.604 221.795 1.49553 -1.52996 0.000537461 15.0547 -0.0151557 9.32793
170.624 221.295 1.49137 -1.53098 0.000408367 15.555 -0.00981396 9.66296
170.644 220.795 1.48882 -1.53206 0.000278939 16.0552 -0.00538089 9.99869
170.663 220.296 1.48764 -1.53318 0.000159403 16.5554 -0.00183326 10.3348
170.682 219.796 1.4875 -1.53432 5.67477e-05 17.0556 0.000932716 10.671
170.7 219.296 1.48817 -1.53546 -2.50012e-05 17.5557 0.00300632 11.0072
170.718 218.796 1.48943 -1.53659 -8.44361e-05 18.0558 0.00447693 11.3431
170.735 218.297 1.4911 -1.5377 -0.000122319 18.5558 0.00545545 11.6787
170.752 217.797 1.49303 -1.53878 -0.00014103 19.0559 0.00602246 12.0138
170.768 217.297 1.49508 -1.53983 -0.000143972 19.5559 0.00624933 12.3485
170.783 216.797 1.49716 -1.54082 -0.000135031 20.0559 0.0061974 12.6827
170.798 216.297 1.49918 -1.54176 -0.000118107 20.556 0.0059011 13.0164
170.813 215.798 1.50106 -1.54265 -9.67739e-05 21.056 0.00538229 13.3498
170.827 215.298 1.50273 -1.54348 -7.40432e-05 21.556 0.00465057 13.6827
170.84 214.798 1.50412 -1.54426 -5.2244e-05 22.056 0.00369614 14.0153
170.854 214.298 1.50515 -1.54499 -3.29919e-05 22.556 0.00250087 14.3476
170.866 213.798 1.50575 -1.54566 -1.72316e-05 23.0561 0.00104328 14.6797
170.879 213.298 1.50581 -1.54628 -5.32888e-06 23.5561 -0.00071042 15.0118
170.891 212.799 1.50523 -1.54684 2.80711e-06 24.0561 -0.00279727 15.3439
170.903 212.299 1.5039 -1.54736 7.59163e-06 24.5561 -0.00524549 15.6762
170.915 211.799 1.50169 -1.54784 9.6363e-06 25.0561 -0.00809059 16.0089
170.926 211.299 1.49845 -1.54826 9.6364e-06 25.5561 -0.0113673 16.3422
170.938 210.799 1.49405 -1.54864 8.28039e-06 26.0561 -0.015088 16.6764
170.949 210.299 1.4883 -1.54897 6.18465e-06 26.5562 -0.0192681 17.0116
170.96 209.799 1.48106 -1.54926 3.85327e-06 27.0562 -0.0236028 17.3484
170.971 209.299 1.4725 -1.5495 1.66015e-06 27.5562 -0.0267297 17.6869
170.981 208.799 1.46326 -1.54969 -1.5054e-07 28.0562 -0.0268947 18.0276
170.992 208.3 1.45465 -1.54984 -1.45078e-06 28.5562 -0.0226738 18.3703
171.002 207.8 1.44825 -1.54994 -2.20675e-06 29.0562 -0.0136175 18.7149
171.013 207.3 1.44577 -1.54999 -2.45333e-06 29.5562 -0.00465438 19
171.023 206.8 1.44577 -1.54999 -2.4051e-06 30.0562 -0.00465438 19
