180.256 115.856 1.18564 -0.157507 0.0829493 0 0.11376 0
180.814 115.768 1.1885 -0.112664 0.0732704 0.564498 0.0413813 0.475785
181.362 115.706 1.22538 -0.0783164 0.0571547 1.1159 0.113397 0.933666
181.828 115.669 1.27447 -0.0509879 0.0478787 1.58348 0.143529 1.30812
182.422 115.639 1.33964 -0.031604 0.0241964 2.17815 0.142684 1.76297
182.89 115.624 1.39016 -0.0198789 0.0258297 2.6471 0.154001 2.10672
183.455 115.613 1.4572 -0.00258347 0.0303227 3.21211 0.186383 2.5039
183.975 115.612 1.52895 0.0168209 0.0319624 3.73215 0.225626 2.85233
184.382 115.618 1.59159 0.0266525 0.0311881 4.13833 0.255569 3.11286
184.908 115.632 1.67942 0.0413137 0.026374 4.66481 0.288752 3.43485
185.42 115.654 1.76922 0.0525832 0.0204503 5.17783 0.313824 3.73248
185.924 115.68 1.85915 0.0608825 0.014978 5.68262 0.331663 4.0109
186.421 115.71 1.94742 0.061967 0.00989542 6.18043 0.342293 4.2724
187.042 115.749 2.05448 0.0693369 0.00330298 6.802 0.345139 4.5831
187.541 115.784 2.13646 0.0699689 -0.000254886 7.30285 0.34028 4.82207
188.039 115.818 2.2134 0.0689919 -0.00307614 7.80173 0.330158 5.05137
188.535 115.853 2.28481 0.0667999 -0.00515156 8.29918 0.314613 5.27256
189.031 115.886 2.35015 0.0637701 -0.00651361 8.79568 0.294257 5.48682
189.526 115.918 2.40908 0.0602447 -0.00723 9.29167 0.270297 5.69526
190.021 115.947 2.46145 0.0565163 -0.0073941 9.78751 0.243602 5.89885
190.516 115.975 2.50723 0.0528205 -0.00711415 10.2835 0.214884 6.09845
191.011 116.002 2.5465 0.0493325 -0.00650281 10.7798 0.185282 6.29483
191.508 116.026 2.57955 0.0461703 -0.00566864 11.2767 0.156293 6.48862
192.005 116.049 2.60684 0.0435336 -0.00470969 11.7741 0.128946 6.68038
192.499 116.071 2.6288 0.0411556 -0.00370965 12.2693 0.103988 6.86953
192.995 116.091 2.64621 0.0391434 -0.00273593 12.7657 0.081502 7.0577
193.493 116.111 2.6596 0.0375049 -0.00183939 13.2638 0.0614926 7.24544
193.992 116.129 2.66947 0.036191 -0.00105507 13.7634 0.0438405 7.43291
194.493 116.147 2.67623 0.0351452 -0.000403748 14.2641 0.0283278 7.62022
194.994 116.165 2.68027 0.034311 0.000106172 14.7656 0.0146805 7.80745
195.496 116.182 2.68188 0.033637 0.000476433 15.2676 0.00264576 7.99468
195.998 116.199 2.68133 0.0331379 0.000716674 15.7698 -0.00811113 8.18197
196.498 116.216 2.67886 0.0326431 0.0008423 16.2704 -0.01799 8.36874
196.998 116.232 2.67461 0.0321791 0.000872546 16.7709 -0.0273529 8.55572
197.498 116.248 2.66863 0.0317174 0.000828667 17.2714 -0.0364801 8.74305
197.999 116.264 2.66093 0.0312344 0.000732227 17.7719 -0.0456072 8.93084
198.499 116.28 2.65148 0.0307151 0.0006036 18.2723 -0.0549254 9.11921
198.999 116.295 2.64022 0.0301529 0.000460772 18.7726 -0.064475 9.30827
199.499 116.31 2.62707 0.0295486 0.00031854 19.2728 -0.0740982 9.49819
199.999 116.325 2.612 0.0289082 0.000188097 19.7729 -0.0835611 9.68912
200.499 116.339 2.59506 0.028242 7.69709e-05 20.273 -0.0925894 9.8812
200.998 116.353 2.57633 0.0275622 -1.07284e-05 20.7731 -0.100881 10.0746
201.498 116.367 2.55594 0.0268814 -7.38454e-05 21.2731 -0.108221 10.2694
201.998 116.381 2.53405 0.0262119 -0.000113567 21.773 -0.114559 10.4659
202.498 116.394 2.5108 0.0255645 -0.000132753 22.273 -0.119862 10.6641
202.998 116.407 2.48638 0.0249482 -0.000135277 22.773 -0.124085 10.8642
203.497 116.419 2.46098 0.0243696 -0.00012544 23.2729 -0.127174 11.0663
203.997 116.431 2.43479 0.0238335 -0.000107484 23.7729 -0.129063 11.2705
204.497 116.443 2.40807 0.0233424 -8.52386e-05 24.2728 -0.129673 11.477
204.997 116.455 2.38105 0.0228977 -6.18845e-05 24.7728 -0.128904 11.6858
205.497 116.466 2.35405 0.022499 -3.98408e-05 25.2728 -0.126635 11.8969
205.997 116.477 2.3274 0.0221455 -2.07463e-05 25.7728 -0.122681 12.1105
206.496 116.489 2.30151 0.0218359 -5.517e-06 26.2728 -0.116879 12.3266
206.996 116.499 2.27681 0.0215684 5.54491e-06 26.7728 -0.10903 12.5451
207.496 116.51 2.25382 0.0213417 1.26145e-05 27.2728 -0.098898 12.7658
207.996 116.521 2.23312 0.0211544 1.61982e-05 27.7728 -0.0862128 12.9887
208.496 116.531 2.21544 0.0210057 1.69956e-05 28.2728 -0.0707422 13.2135
208.996 116.542 2.20146 0.0208951 1.57793e-05 28.7729 -0.0529409 13.44
209.496 116.552 2.19159 0.0208223 1.32993e-05 29.2729 -0.0335021 13.6676
209.996 116.563 2.18618 0.0207854 1.02161e-05 29.7729 -0.0130713 13.8961
210.496 116.573 2.18508 0.0207854 6.98143e-06 30.2729 -0.0078698 14
