171.622 130.234 2.00427 -1.55018 0.0087502 0 -0.107926 0
171.632 129.728 1.97981 -1.54205 0.0132364 0.506037 -0.105382 0.254077
171.647 129.219 1.94873 -1.53118 0.0181988 1.01444 -0.134454 0.512779
171.667 128.709 1.91003 -1.51763 0.0236345 1.52543 -0.156684 0.777578
171.694 128.196 1.86511 -1.50117 0.0294525 2.03916 -0.172303 1.04973
171.73 127.68 1.81532 -1.48161 0.0355455 2.55573 -0.181554 1.33039
171.777 127.163 1.76202 -1.45883 0.0417931 3.07518 -0.184685 1.62076
171.835 126.644 1.70668 -1.43278 0.0480659 3.59748 -0.182103 1.92192
171.907 126.124 1.65082 -1.40347 0.0542308 4.1225 -0.174399 2.23474
171.995 125.604 1.59601 -1.37101 0.0601572 4.65008 -0.162358 2.55979
172.1 125.084 1.5437 -1.33555 0.0657259 5.17997 -0.146945 2.89732
172.224 124.567 1.49537 -1.29733 0.0708378 5.71187 -0.129174 3.24758
172.368 124.053 1.45196 -1.25664 0.0754232 6.24545 -0.110326 3.60973
172.534 123.545 1.41431 -1.21377 0.0794491 6.78036 -0.091586 3.98314
172.721 123.043 1.38263 -1.16906 0.0829234 7.31625 -0.0741478 4.36652
172.931 122.549 1.35664 -1.1228 0.0858949 7.85281 -0.0590011 4.75841
173.163 122.065 1.33562 -1.07495 0.0884477 8.38976 -0.0469149 5.15742
173.416 121.599 1.31868 -1.02683 0.0906917 8.91996 -0.0384257 5.55701
173.689 121.146 1.30431 -0.977884 0.0927484 9.44881 -0.0333976 5.9603
173.984 120.708 1.29121 -0.928105 0.0947346 9.97655 -0.031457 6.36697
174.3 120.287 1.27829 -0.877512 0.0967448 10.5029 -0.0318946 6.77668
174.635 119.883 1.26479 -0.826087 0.0988349 11.0278 -0.0336617 7.1894
174.99 119.499 1.25039 -0.77381 0.101007 11.5509 -0.0354462 7.60534
175.362 119.134 1.23538 -0.720686 0.103201 12.0722 -0.0357994 8.02477
175.753 118.792 1.22064 -0.666777 0.105288 12.5916 -0.0333506 8.44781
176.159 118.471 1.20762 -0.609899 0.107078 13.1093 -0.0270435 8.87427
176.691 118.1 1.19655 -0.543008 0.108606 13.7579 -0.0127894 9.41415
177.15 117.823 1.1944 -0.485899 0.108608 14.2934 0.00364861 9.86224
177.622 117.574 1.20028 -0.429413 0.107515 14.8277 0.0233224 10.3088
178.107 117.352 1.21539 -0.374223 0.105212 15.3608 0.0452769 10.7504
178.601 117.158 1.23997 -0.321002 0.101695 15.892 0.0686228 11.1835
179.103 116.991 1.2744 -0.270352 0.0970786 16.4213 0.0972947 11.6048
179.611 116.85 1.32183 -0.222395 0.0915853 16.9483 0.136919 12.0112
180.124 116.734 1.38162 -0.174611 0.0904905 17.4744 0.167122 12.4007
180.642 116.642 1.4464 -0.128792 0.084682 17.9997 0.178588 12.7722
181.159 116.575 1.50808 -0.0911486 0.0696325 18.5217 0.166358 13.1255
181.563 116.539 1.54848 -0.0657061 0.0597972 18.9267 0.136168 13.3904
182.186 116.498 1.59545 -0.0363653 0.0402554 19.5514 0.105574 13.7876
182.585 116.483 1.62107 -0.0313843 0.0240366 19.9505 0.102595 14.0357
183.197 116.464 1.66125 -0.015095 0.0290747 20.5633 0.115043 14.4092
183.704 116.456 1.6984 -0.000338241 0.0324925 21.0702 0.131434 14.7111
184.109 116.456 1.73089 0.0103794 0.0327876 21.4748 0.143232 14.947
184.636 116.461 1.77562 0.0248206 0.029685 22.0014 0.153791 15.2474
185.144 116.474 1.81993 0.0359196 0.0234274 22.5099 0.158798 15.5303
185.645 116.492 1.86326 0.0440003 0.0176149 23.0113 0.158716 15.8026
186.14 116.514 1.90444 0.0493665 0.0121955 23.5073 0.15351 16.0658
186.632 116.538 1.94238 0.0523321 0.00730576 23.9991 0.142256 16.3215
187.119 116.564 1.97578 0.0517044 0.00305941 24.4876 0.124947 16.5708
187.73 116.595 2.01012 0.0519304 -0.0019453 25.099 0.0984185 16.8774
188.229 116.621 2.03163 0.049513 -0.00433395 25.5983 0.0757702 17.1245
188.727 116.646 2.04745 0.0462158 -0.00598662 26.0972 0.0538639 17.369
189.225 116.669 2.05812 0.0424006 -0.00696264 26.5958 0.0339897 17.6119
189.723 116.69 2.06421 0.0383853 -0.00734822 27.0942 0.0172582 17.8537
190.221 116.709 2.06679 0.0344328 -0.00724664 27.5927 0.00431442 18.095
190.719 116.726 2.06672 0.0307465 -0.00676855 28.0913 -0.00399747 18.3362
191.218 116.742 2.06525 0.0274708 -0.00602335 28.59 -0.00754536 18.5776
191.717 116.755 2.06353 0.0246952 -0.00511253 29.0889 -0.00603139 18.8192
192.215 116.768 2.0627 0.0224618 -0.00412506 29.588 -0.00330353 19
192.715 116.779 2.0627 0.0207736 -0.00313485 30.0873 -0.00330353 19
193.214 116.789 2.0627 0.0196009 -0.00219973 30.5868 -0.00330353 19
193.714 116.799 2.0627 0.0196009 -0.00136183 31.0865 -0.00330353 19
