276.266 117.253 0.00477156 -0.0590533 4.74153e-09 0 -0.00632671 0
276.766 117.224 1.03425 -0.053991 -0.000884396 0.501386 1.00299 1.20331
277.267 117.197 1.4135 -0.0480959 -0.000781151 1.00259 0.860832 1.61097
277.767 117.173 1.67525 -0.0424266 -0.000685815 1.5036 0.760244 1.93448
278.268 117.152 1.87827 -0.036983 -0.000598112 2.00443 0.681038 2.21625
278.768 117.133 2.04344 -0.0317652 -0.000517758 2.50512 0.615663 2.47129
279.268 117.117 2.18275 -0.026773 -0.00044446 3.00567 0.559497 2.70823
279.769 117.104 2.30178 -0.0220062 -0.000377919 3.50611 0.51012 2.93116
280.269 117.093 2.40536 -0.0174644 -0.000317832 4.00646 0.465435 3.14365
280.769 117.084 2.49614 -0.0131472 -0.000263889 4.50673 0.424523 3.34771
281.269 117.077 2.57611 -0.0090542 -0.00021578 5.00693 0.386834 3.5449
281.769 117.073 2.64684 -0.00518484 -0.000173192 5.50708 0.351891 3.73639
282.269 117.07 2.70953 -0.00153854 -0.000135812 6.00719 0.319278 3.92312
282.77 117.07 2.76516 0.00188536 -0.000103325 6.50726 0.288636 4.10584
283.27 117.07 2.81423 0.00508752 -7.5419e-05 7.0073 0.25984 4.28502
283.77 117.073 2.85754 0.00806867 -5.17822e-05 7.50733 0.232758 4.46127
284.27 117.077 2.89577 0.0108296 -3.21045e-05 8.00734 0.207262 4.63507
284.77 117.082 2.92941 0.0133709 -1.60781e-05 8.50735 0.183265 4.80678
285.269 117.089 2.95852 0.0156936 -3.39777e-06 9.00735 0.160795 4.97656
285.769 117.097 2.98375 0.0177984 6.23888e-06 9.50735 0.13969 5.14482
286.269 117.106 3.00549 0.0196861 1.31311e-05 10.0073 0.11984 5.3118
286.769 117.116 3.02378 0.0213576 1.75747e-05 10.5074 0.101272 5.47763
287.269 117.126 3.039 0.0228136 1.98623e-05 11.0074 0.0838667 5.64255
287.769 117.138 3.05151 0.0240551 2.02829e-05 11.5074 0.0675098 5.80675
288.269 117.15 3.06123 0.0250829 1.91235e-05 12.0074 0.0522528 5.97033
288.769 117.162 3.06857 0.0258986 1.66735e-05 12.5074 0.0379466 6.13346
289.269 117.175 3.07373 0.0265049 1.324e-05 13.0074 0.0245285 6.29628
289.769 117.189 3.07661 0.0269082 9.17835e-06 13.5075 0.012043 6.45886
290.268 117.202 3.07764 0.0271218 4.92526e-06 14.0075 0.000332177 6.62136
290.768 117.216 3.07681 0.0271689 9.8288e-07 14.5075 -0.0105964 6.78384
291.268 117.229 3.07422 0.0270831 -2.19262e-06 15.0076 -0.020772 6.94643
291.768 117.243 3.07011 0.0269033 -4.35603e-06 15.5076 -0.0302875 7.10918
292.268 117.256 3.06441 0.0266663 -5.5549e-06 16.0077 -0.0391047 7.2722
292.768 117.269 3.05734 0.0264 -6.047e-06 16.5077 -0.0473024 7.43556
293.267 117.283 3.04902 0.0261218 -6.13051e-06 17.0077 -0.0549236 7.59931
293.767 117.296 3.03937 0.0258404 -6.02322e-06 17.5077 -0.0619171 7.76358
294.267 117.309 3.02863 0.0255599 -5.84019e-06 18.0078 -0.0683778 7.92838
294.767 117.321 3.01685 0.025282 -5.62789e-06 18.5078 -0.0743044 8.09378
295.267 117.334 3.00403 0.0250077 -5.4016e-06 19.0078 -0.0796637 8.2599
295.767 117.347 2.99034 0.024738 -5.16615e-06 19.5078 -0.0845129 8.42672
296.267 117.359 2.97583 0.0244735 -4.92373e-06 20.0079 -0.0888369 8.59431
296.767 117.371 2.96052 0.0242151 -4.67593e-06 20.5079 -0.0925858 8.7628
297.266 117.383 2.94456 0.0239635 -4.42421e-06 21.0079 -0.0957925 8.93215
297.766 117.395 2.92804 0.0237195 -4.1699e-06 21.5079 -0.0984327 9.1024
298.266 117.407 2.91099 0.0234839 -3.91418e-06 22.0079 -0.100415 9.27369
298.766 117.419 2.89357 0.0232573 -3.65815e-06 22.508 -0.101747 9.44599
299.266 117.431 2.87587 0.0230406 -3.40276e-06 23.008 -0.102382 9.6193
299.766 117.442 2.85802 0.0228345 -3.14878e-06 23.508 -0.102243 9.79369
300.266 117.453 2.84016 0.0226399 -2.89685e-06 24.008 -0.101217 9.96922
300.766 117.465 2.82245 0.0224573 -2.64743e-06 24.508 -0.0992682 10.1458
301.265 117.476 2.80506 0.0222877 -2.40081e-06 25.008 -0.0963025 10.3235
301.765 117.487 2.78818 0.0221316 -2.15707e-06 25.508 -0.0922125 10.5023
302.265 117.498 2.77208 0.02199 -1.91608e-06 26.0081 -0.0868018 10.6822
302.765 117.509 2.757 0.0218635 -1.67753e-06 26.5081 -0.0799952 10.8631
303.265 117.52 2.74319 0.0217529 -1.44086e-06 27.0081 -0.0716624 11.0449
303.765 117.531 2.73098 0.0216589 -1.20529e-06 27.5081 -0.0617342 11.2276
304.265 117.542 2.72066 0.0215822 -9.69781e-07 28.0081 -0.0502756 11.411
304.765 117.553 2.71256 0.0215237 -7.33052e-07 28.5081 -0.0373582 11.5951
305.265 117.563 2.70702 0.021484 -4.93556e-07 29.0081 -0.0230607 11.7796
305.764 117.574 2.70406 0.0214628 -2.49468e-07 29.5081 -0.0103799 11.9644
306.264 117.585 2.70367 0.0214628 -8.10565e-08 30.0081 -0.00887264 12
