392.766 251.606 3.01557 -3.12736 -9.07899e-15 0 -0.00164443 0
392.266 251.599 3.01564 -3.12754 -6.85605e-07 0.500001 0.00104582 0.165805
391.766 251.592 3.01582 -3.12776 -5.83288e-07 1 0.00078037 0.331602
391.266 251.585 3.01595 -3.12797 -4.82496e-07 1.5 0.000504397 0.49739
390.766 251.578 3.01604 -3.12818 -3.84453e-07 2 0.000210098 0.663172
390.266 251.572 3.01607 -3.12839 -2.90333e-07 2.5 -0.000106866 0.82895
389.766 251.565 3.01605 -3.12859 -2.01246e-07 3 -0.000452662 0.994729
389.266 251.558 3.01596 -3.12879 -1.18229e-07 3.5 -0.000837045 1.16051
388.766 251.552 3.01581 -3.12897 -4.2234e-08 4 -0.00126251 1.3263
388.266 251.546 3.01558 -3.12915 2.58806e-08 4.5 -0.0017362 1.4921
387.766 251.539 3.01527 -3.12933 8.53633e-08 5 -0.00226853 1.65791
387.266 251.533 3.01486 -3.12949 1.35579e-07 5.5 -0.00286037 1.82374
386.766 251.527 3.01436 -3.12964 1.76022e-07 6 -0.00352 1.9896
386.266 251.521 3.01373 -3.12978 2.06322e-07 6.5 -0.00425761 2.15549
385.766 251.515 3.01297 -3.12992 2.26261e-07 7 -0.00507261 2.32142
385.266 251.51 3.01207 -3.13004 2.35782e-07 7.5 -0.00597439 2.48739
384.766 251.504 3.01101 -3.13014 2.34997e-07 8 -0.00697199 2.65342
384.267 251.498 3.00978 -3.13024 2.24203e-07 8.5 -0.00806347 2.8195
383.767 251.492 3.00835 -3.13031 2.03891e-07 9 -0.00925894 2.98567
383.267 251.487 3.00672 -3.13038 1.74755e-07 9.5 -0.0105656 3.15192
382.767 251.481 3.00486 -3.13043 1.37708e-07 10 -0.0119799 3.31826
382.267 251.476 3.00275 -3.13046 9.38876e-08 10.5 -0.013512 3.48471
381.767 251.47 3.00037 -3.13047 4.46734e-08 11 -0.0151666 3.65129
381.267 251.464 2.99771 -3.13047 -8.30082e-09 11.5 -0.0169383 3.81801
380.767 251.459 2.99474 -3.13045 -6.31101e-08 12 -0.0188357 3.98488
380.267 251.453 2.99142 -3.13041 -1.17435e-07 12.5 -0.0208608 4.15194
379.767 251.448 2.98777 -3.13035 -1.68306e-07 13 -0.0230057 4.31918
379.267 251.442 2.98374 -3.13027 -2.11715e-07 13.5 -0.025275 4.48664
378.767 251.436 2.9793 -3.13017 -2.4251e-07 14 -0.0276683 4.65434
378.267 251.431 2.97446 -3.13006 -2.55488e-07 14.5 -0.0301736 4.8223
377.767 251.425 2.96917 -3.12994 -2.47972e-07 15 -0.0327892 4.99054
377.267 251.419 2.96341 -3.12981 -2.22241e-07 15.5 -0.0355117 5.1591
376.767 251.413 2.95719 -3.12969 -1.85225e-07 16 -0.0383233 5.328
376.267 251.407 2.95048 -3.12958 -1.45236e-07 16.5 -0.0412141 5.49726
375.767 251.401 2.94322 -3.12947 -1.08533e-07 17 -0.0441745 5.66694
375.267 251.395 2.93545 -3.12938 -7.8091e-08 17.5 -0.0471802 5.83704
374.767 251.389 2.92717 -3.12931 -5.43879e-08 18 -0.0502123 6.0076
374.267 251.383 2.91831 -3.12924 -3.66891e-08 18.5 -0.0532467 6.17868
373.767 251.377 2.90891 -3.12919 -2.39111e-08 19 -0.0562529 6.35029
373.267 251.371 2.89898 -3.12914 -1.49914e-08 19.5 -0.0592004 6.52246
372.767 251.364 2.88852 -3.12911 -8.99524e-09 20 -0.0620519 6.69523
372.267 251.358 2.87751 -3.12908 -5.13186e-09 20.5 -0.0647538 6.86868
371.767 251.352 2.86601 -3.12906 -2.7483e-09 21 -0.0672665 7.04279
371.267 251.346 2.85406 -3.12905 -1.31836e-09 21.5 -0.0695374 7.21759
370.767 251.339 2.84169 -3.12905 -4.31737e-10 22 -0.0714989 7.39315
370.267 251.333 2.82893 -3.12905 2.17301e-10 22.5 -0.0730636 7.56952
369.768 251.327 2.81588 -3.12906 8.41165e-10 23 -0.0741732 7.74667
369.268 251.321 2.80263 -3.12907 1.57015e-09 23.5 -0.0747432 7.92465
368.768 251.314 2.78926 -3.12908 2.46366e-09 24 -0.0746798 8.10346
368.268 251.308 2.77591 -3.1291 3.5215e-09 24.5 -0.073834 8.28316
367.768 251.302 2.76273 -3.12912 4.69491e-09 25 -0.0721156 8.46373
367.268 251.296 2.74988 -3.12914 5.89811e-09 25.5 -0.0694077 8.64513
366.768 251.289 2.73757 -3.12916 7.01916e-09 26 -0.0655746 8.82736
366.268 251.283 2.726 -3.12919 7.93155e-09 26.5 -0.0604705 9.01039
365.768 251.277 2.71547 -3.12921 8.50514e-09 27 -0.053912 9.19416
365.268 251.271 2.70629 -3.12923 8.61745e-09 27.5 -0.0457057 9.37863
364.768 251.264 2.69875 -3.12924 8.16504e-09 28 -0.0357254 9.56365
364.268 251.258 2.69322 -3.12926 7.07454e-09 28.5 -0.0237964 9.74913
363.768 251.252 2.68999 -3.12927 5.31404e-09 29 -0.0112602 9.9349
363.268 251.246 2.6893 -3.12927 2.90429e-09 29.5 -0.00870617 10
362.768 251.24 2.6893 -3.12927 9.7192e-10 30 -0.00870617 10
