265.511 116.958 1.536 0.0321712 6.42971e-08 0 -0.436317 0
266.011 116.974 1.48707 0.0323015 5.98704e-06 0.500071 0.00108258 0.333736
266.51 116.99 1.48723 0.03242 4.59914e-06 1.00014 -0.000159642 0.669989
267.01 117.007 1.48698 0.0324916 3.09692e-06 1.50022 -0.00136838 1.00625
267.51 117.023 1.48632 0.0325171 1.51561e-06 2.00029 -0.00249886 1.34262
268.01 117.039 1.48531 0.0324971 -1.08551e-07 2.50037 -0.00351575 1.67918
268.51 117.055 1.48398 0.0324323 -1.74083e-06 3.00044 -0.00437648 2.01601
269.009 117.071 1.48239 0.0323234 -3.34975e-06 3.50051 -0.00503391 2.35317
269.509 117.088 1.48061 0.0321712 -4.90821e-06 4.00059 -0.00544078 2.69071
270.009 117.104 1.47875 0.0319763 -6.39395e-06 4.50066 -0.00553118 3.02867
270.509 117.12 1.47692 0.0317394 -7.78953e-06 5.00073 -0.00524394 3.36705
271.009 117.136 1.47525 0.0314613 -9.08192e-06 5.5008 -0.00450734 3.70583
271.508 117.151 1.47393 0.0311426 -1.02618e-05 6.00086 -0.00322696 4.04496
272.008 117.167 1.47313 0.030784 -1.13227e-05 6.50092 -0.00133054 4.38434
272.508 117.182 1.47311 0.0303863 -1.22603e-05 7.00098 0.00128882 4.72381
273.008 117.197 1.47411 0.02995 -1.30715e-05 7.50104 0.00472262 5.06317
273.508 117.212 1.47641 0.0294759 -1.3754e-05 8.00109 0.00905422 5.40217
274.008 117.227 1.48036 0.0289647 -1.43057e-05 8.50114 0.0144013 5.74043
274.507 117.242 1.48626 0.0284169 -1.47241e-05 9.00119 0.0208073 6.07759
275.007 117.256 1.49447 0.0278334 -1.50067e-05 9.50123 0.0283405 6.41316
275.507 117.27 1.50536 0.0272146 -1.51505e-05 10.0013 0.0370375 6.74658
276.007 117.283 1.51919 0.0265613 -1.51522e-05 10.5013 0.0468685 7.0773
276.507 117.297 1.53627 0.0258741 -1.50083e-05 11.0013 0.0577891 7.40469
277.007 117.31 1.55689 0.0251536 -1.47157e-05 11.5014 0.0697132 7.72804
277.507 117.322 1.58113 0.0244004 -1.42726e-05 12.0014 0.0824665 8.04678
278.006 117.334 1.60906 0.0236143 -1.36818e-05 12.5014 0.0958442 8.36033
278.506 117.346 1.64066 0.0227939 -1.29562e-05 13.0014 0.109588 8.66813
279.006 117.358 1.67579 0.021935 -1.21186e-05 13.5014 0.123393 8.96973
279.506 117.369 1.7142 0.0210297 -1.11803e-05 14.0015 0.136913 9.26478
280.006 117.379 1.75553 0.0200685 -1.00943e-05 14.5015 0.14977 9.55303
280.506 117.389 1.79935 0.0190458 -8.73286e-06 15.0015 0.161573 9.83439
281.006 117.399 1.84512 0.017967 -6.95563e-06 15.5015 0.171926 10.1089
281.506 117.408 1.8923 0.0168497 -4.74055e-06 16.0015 0.180367 10.3764
282.006 117.416 1.94021 0.0157183 -2.23661e-06 16.5015 0.186507 10.6373
282.506 117.424 1.98819 0.0145952 3.27416e-07 17.0015 0.189978 10.892
283.006 117.431 2.03548 0.013496 2.76993e-06 17.5015 0.190258 11.1404
283.505 117.438 2.08142 0.012429 5.00181e-06 18.0015 0.187414 11.3834
284.005 117.444 2.1253 0.0113978 6.99746e-06 18.5015 0.181462 11.6211
284.505 117.45 2.16656 0.0104041 8.75576e-06 19.0015 0.172482 11.854
285.005 117.455 2.20474 0.00944877 1.02808e-05 19.5015 0.160548 12.0828
285.505 117.46 2.23928 0.00853239 1.1577e-05 20.0015 0.14592 12.3078
286.005 117.464 2.26976 0.00765566 1.26488e-05 20.5015 0.129323 12.5295
286.505 117.468 2.29613 0.0068192 1.35012e-05 21.0015 0.111503 12.7485
287.005 117.471 2.31831 0.00602366 1.41396e-05 21.5015 0.0930454 12.9652
287.505 117.474 2.33633 0.00526968 1.45697e-05 22.0016 0.0744769 13.18
288.005 117.477 2.35032 0.00455789 1.4798e-05 22.5016 0.0562838 13.3934
288.505 117.479 2.36042 0.00388893 1.48314e-05 23.0016 0.0389414 13.6057
289.005 117.481 2.3669 0.00326347 1.46772e-05 23.5016 0.0229098 13.8172
289.506 117.483 2.37018 0.00268214 1.43435e-05 24.0017 0.00861288 14.0283
290.006 117.484 2.37067 0.0021456 1.38385e-05 24.5017 -0.00360699 14.2392
290.506 117.485 2.36882 0.0016545 1.31715e-05 25.0018 -0.0136349 14.4502
291.006 117.486 2.36509 0.0012095 1.2352e-05 25.5018 -0.0213889 14.6615
291.506 117.487 2.35996 0.000811277 1.13901e-05 26.0019 -0.0267723 14.8731
292.006 117.487 2.35395 0.000460484 1.02967e-05 26.5019 -0.0296682 15.0853
292.506 117.487 2.34758 0.000157796 9.08304e-06 27.002 -0.0297852 15.298
293.006 117.487 2.34154 -9.61104e-05 7.76123e-06 27.502 -0.0265123 15.5113
293.506 117.487 2.33659 -0.000300557 6.34387e-06 28.0021 -0.0193438 15.7251
294.006 117.487 2.33357 -0.000454861 4.84426e-06 28.5021 -0.00917807 15.9392
294.506 117.487 2.33303 -0.000558332 3.27636e-06 29.0022 -0.00737612 16
295.006 117.487 2.33303 -0.000613107 1.65483e-06 29.5023 -0.00737612 16
295.506 117.486 2.33303 -0.000613107 5.35488e-07 30.0023 -0.00737612 16
