173.039 245.234 1.33058 -2.34718 0.0987388 0 -0.0727866 0
172.663 244.851 1.29056 -2.29305 0.101197 0.536783 -0.0928537 0.409563
172.308 244.448 1.25564 -2.23767 0.103511 1.07357 -0.0727037 0.831475
171.976 244.026 1.22892 -2.1812 0.105401 1.61058 -0.0504982 1.26404
171.667 243.586 1.21208 -2.12402 0.106542 2.14809 -0.0252489 1.70475
171.385 243.128 1.20705 -2.05928 0.106611 2.68642 0.00247503 2.1502
171.074 242.543 1.21791 -1.99631 0.104122 3.34846 0.0377056 2.69696
170.844 242.037 1.24175 -1.9399 0.100522 3.9044 0.0676409 3.14937
170.645 241.52 1.27837 -1.88616 0.0955595 4.45782 0.0994358 3.58903
170.474 240.997 1.32708 -1.8352 0.0908361 5.0086 0.131252 4.01219
170.331 240.468 1.38612 -1.79479 0.0836782 5.55631 0.16006 4.41619
170.238 240.062 1.4359 -1.75378 0.0791429 5.97247 0.176843 4.71124
170.134 239.496 1.50826 -1.7126 0.0688703 6.54809 0.191582 5.10244
170.05 238.909 1.58336 -1.67745 0.0578769 7.14147 0.199169 5.4863
169.991 238.357 1.65219 -1.65558 0.0470553 7.69685 0.200992 5.82955
169.958 237.971 1.69882 -1.63406 0.041918 8.08369 0.203802 6.06042
169.918 237.337 1.77599 -1.6159 0.0319587 8.71894 0.220128 6.42619
169.894 236.808 1.84337 -1.60028 0.0319228 9.24842 0.241376 6.71888
169.879 236.293 1.9129 -1.58726 0.0305745 9.76355 0.266049 6.9933
169.872 235.871 1.97304 -1.5726 0.0293864 10.1863 0.286584 7.21089
169.871 235.328 2.0537 -1.55909 0.0260213 10.7295 0.310682 7.4807
169.877 234.802 2.13421 -1.54814 0.0215096 11.2555 0.329394 7.73193
169.889 234.289 2.21354 -1.53992 0.0163355 11.7688 0.341801 7.96806
169.904 233.785 2.29078 -1.53425 0.0114121 12.2729 0.346985 8.19203
169.922 233.288 2.36461 -1.53087 0.00683127 12.7697 0.343731 8.40548
169.942 232.798 2.4339 -1.52947 0.0027545 13.2606 0.33291 8.61002
169.962 232.312 2.49793 -1.52972 -0.000673141 13.7469 0.315566 8.80724
169.982 231.829 2.55618 -1.53125 -0.003364 14.2302 0.29254 8.99847
170.001 231.348 2.60801 -1.53392 -0.0052931 14.7117 0.263664 9.18488
170.023 230.746 2.66351 -1.53757 -0.00684408 15.3142 0.22121 9.41338
170.04 230.249 2.7011 -1.54098 -0.00711052 15.8107 0.183649 9.5985
170.054 229.753 2.7311 -1.54433 -0.00689837 16.3073 0.146319 9.78123
170.067 229.256 2.75425 -1.54743 -0.00633278 16.804 0.110567 9.9623
170.079 228.76 2.77111 -1.55016 -0.00553316 17.3011 0.0771706 10.1422
170.089 228.262 2.78223 -1.55244 -0.00460496 17.7987 0.0465979 10.3214
170.098 227.764 2.78819 -1.55425 -0.00363549 18.2967 0.019051 10.5002
170.107 227.266 2.78928 -1.55558 -0.00269266 18.7952 -0.00526136 10.6789
170.114 226.767 2.78635 -1.55649 -0.00182588 19.2941 -0.0267109 10.8578
170.121 226.268 2.77985 -1.55702 -0.00106803 19.7935 -0.0455234 11.0372
170.128 225.768 2.77019 -1.55724 -0.000437903 20.2931 -0.0619625 11.2173
170.135 225.268 2.75771 -1.55721 5.73408e-05 20.7931 -0.0763121 11.3981
170.142 224.768 2.74263 -1.55699 0.000419838 21.2932 -0.0887628 11.58
170.149 224.268 2.72536 -1.55665 0.000658892 21.7935 -0.0996376 11.763
170.156 223.767 2.70611 -1.55625 0.000789028 22.2939 -0.109094 11.9472
170.163 223.267 2.6851 -1.55583 0.000828192 22.7943 -0.117205 12.1328
170.171 222.767 2.66253 -1.55542 0.000796095 23.2947 -0.123972 12.32
170.178 222.266 2.63862 -1.55506 0.000712713 23.7951 -0.129305 12.5087
170.186 221.766 2.61362 -1.55475 0.00059699 24.2954 -0.133022 12.6992
170.194 221.266 2.58782 -1.55451 0.000465784 24.7956 -0.134826 12.8916
170.202 220.766 2.56164 -1.55434 0.000333126 25.2958 -0.13442 13.0859
170.211 220.266 2.53552 -1.55423 0.000209799 25.7959 -0.131523 13.2821
170.219 219.766 2.50996 -1.55418 0.000103228 26.296 -0.126007 13.4803
170.227 219.266 2.48553 -1.55418 1.7668e-05 26.796 -0.117743 13.6806
170.236 218.766 2.46282 -1.5542 -4.54074e-05 27.296 -0.106588 13.8826
170.244 218.266 2.44249 -1.55425 -8.67579e-05 27.796 -0.092402 14.0865
170.252 217.766 2.42521 -1.55432 -0.000108771 28.2959 -0.0753585 14.2919
170.26 217.266 2.41157 -1.55438 -0.000114854 28.7959 -0.0560256 14.4987
170.269 216.766 2.40212 -1.55444 -0.000108888 29.2958 -0.0350225 14.7064
170.277 216.266 2.39711 -1.5545 -9.47657e-05 29.7958 -0.0137586 14.9148
170.285 215.767 2.39611 -1.55454 -7.60526e-05 30.2957 -0.00879894 15
170.293 215.267 2.39611 -1.55454 -5.57535e-05 30.7957 -0.00879894 15
