397.265 251.678 3.01533 -3.12407 5.34852e-14 0 -0.00225613 0
396.765 251.669 3.0154 -3.12443 -4.12513e-06 0.500006 0.00127158 0.16582
396.265 251.661 3.01562 -3.12485 -3.67622e-06 1.00001 0.000985512 0.33163
395.765 251.652 3.01578 -3.12526 -3.24508e-06 1.50002 0.000689687 0.49743
395.266 251.644 3.0159 -3.12567 -2.8336e-06 2.00002 0.000376837 0.663221
394.766 251.636 3.01595 -3.12606 -2.44354e-06 2.50002 4.24812e-05 0.829008
394.266 251.628 3.01596 -3.12644 -2.07648e-06 3.00002 -0.000319527 0.994793
393.766 251.621 3.01589 -3.1268 -1.73381e-06 3.50003 -0.000718876 1.16058
393.266 251.613 3.01576 -3.12715 -1.41676e-06 4.00003 -0.00115821 1.32637
392.766 251.606 3.01555 -3.12749 -1.12633e-06 4.50003 -0.00164465 1.49217
392.266 251.599 3.01525 -3.12781 -8.63318e-07 5.00003 -0.00218862 1.65799
391.766 251.592 3.01486 -3.12812 -6.28308e-07 5.50003 -0.00279113 1.82382
391.266 251.585 3.01436 -3.12841 -4.21646e-07 6.00003 -0.00346042 1.98968
390.766 251.579 3.01374 -3.12868 -2.43437e-07 6.50003 -0.00420676 2.15557
390.266 251.572 3.01299 -3.12893 -9.35332e-08 7.00003 -0.00502965 2.32149
389.766 251.566 3.0121 -3.12917 2.84765e-08 7.50003 -0.00593848 2.48746
389.266 251.56 3.01104 -3.12938 1.23278e-07 8.00003 -0.00694238 2.65349
388.766 251.554 3.00981 -3.12958 1.91841e-07 8.50003 -0.00803949 2.81958
388.266 251.548 3.00839 -3.12975 2.35433e-07 9.00003 -0.00923992 2.98574
387.766 251.542 3.00676 -3.1299 2.55628e-07 9.50003 -0.0105509 3.15198
387.266 251.536 3.0049 -3.13003 2.54317e-07 10 -0.0119692 3.31832
386.766 251.53 3.0028 -3.13014 2.33722e-07 10.5 -0.0135046 3.48477
386.266 251.524 3.00041 -3.13022 1.96405e-07 11 -0.0151622 3.65135
385.766 251.519 2.99776 -3.13028 1.45285e-07 11.5 -0.0169365 3.81807
385.266 251.513 2.99478 -3.13031 8.36772e-08 12 -0.018836 3.98494
384.766 251.507 2.99147 -3.13032 1.54041e-08 12.5 -0.0208631 4.15199
384.266 251.502 2.98782 -3.1303 -5.49016e-08 13 -0.0230096 4.31923
383.767 251.496 2.98379 -3.13025 -1.21299e-07 13.5 -0.0252804 4.48668
383.267 251.49 2.97934 -3.13018 -1.76318e-07 14 -0.0276749 4.65438
382.767 251.485 2.9745 -3.13009 -2.12134e-07 14.5 -0.0301813 4.82234
382.267 251.479 2.96922 -3.12998 -2.23696e-07 15 -0.0327978 4.99057
381.767 251.473 2.96345 -3.12987 -2.11961e-07 15.5 -0.035521 5.15914
381.267 251.467 2.95723 -3.12976 -1.83978e-07 16 -0.0383332 5.32803
380.767 251.461 2.95051 -3.12965 -1.49208e-07 16.5 -0.0412244 5.49729
380.267 251.455 2.94326 -3.12956 -1.15263e-07 17 -0.044185 5.66697
379.767 251.449 2.93549 -3.12948 -8.61287e-08 17.5 -0.0471908 5.83707
379.267 251.443 2.9272 -3.12941 -6.28569e-08 18 -0.0502229 6.00763
378.767 251.437 2.91834 -3.12935 -4.49961e-08 18.5 -0.0532572 6.1787
378.267 251.431 2.90894 -3.1293 -3.16092e-08 19 -0.0562632 6.35031
377.767 251.425 2.89901 -3.12926 -2.17297e-08 19.5 -0.0592103 6.52248
377.267 251.419 2.88855 -3.12923 -1.45022e-08 20 -0.0620614 6.69525
376.767 251.413 2.87753 -3.12921 -9.208e-09 20.5 -0.0647628 6.86869
376.267 251.407 2.86604 -3.1292 -5.26087e-09 21 -0.067275 7.0428
375.767 251.4 2.85409 -3.12919 -2.19654e-09 21.5 -0.0695453 7.21761
375.267 251.394 2.84171 -3.12919 3.37897e-10 22 -0.0715062 7.39316
374.767 251.388 2.82895 -3.1292 2.59567e-09 22.5 -0.0730703 7.56953
374.267 251.382 2.8159 -3.12921 4.74127e-09 23 -0.0741792 7.74668
373.767 251.376 2.80264 -3.12923 6.86156e-09 23.5 -0.0747485 7.92466
373.267 251.369 2.78928 -3.12924 8.97712e-09 24 -0.0746845 8.10347
372.767 251.363 2.77593 -3.12927 1.10535e-08 24.5 -0.073838 8.28317
372.267 251.357 2.76274 -3.12929 1.30122e-08 25 -0.072119 8.46373
371.767 251.351 2.7499 -3.12931 1.47421e-08 25.5 -0.0694105 8.64514
371.267 251.345 2.73758 -3.12934 1.61104e-08 26 -0.0655769 8.82737
370.767 251.339 2.72602 -3.12936 1.69741e-08 26.5 -0.0604722 9.01039
370.268 251.332 2.71548 -3.12938 1.7191e-08 27 -0.0539132 9.19417
369.768 251.326 2.7063 -3.1294 1.6631e-08 27.5 -0.0457066 9.37863
369.268 251.32 2.69877 -3.12942 1.51874e-08 28 -0.035726 9.56365
368.768 251.314 2.69323 -3.12944 1.27878e-08 28.5 -0.0237967 9.74913
368.268 251.308 2.69001 -3.12945 9.40572e-09 29 -0.0112604 9.9349
367.768 251.302 2.68931 -3.12945 5.07159e-09 29.5 -0.00870623 10
367.268 251.296 2.68931 -3.12945 1.68706e-09 30 -0.00870623 10
