170.072 239.059 1.17932 -1.68766 0.0579247 0 0.0244203 0
170.018 238.602 1.20407 -1.65603 0.0524925 0.460764 0.094478 0.38732
169.968 238.012 1.26335 -1.62853 0.0420728 1.05251 0.146776 0.867735
169.946 237.647 1.30758 -1.61486 0.0318619 1.41808 0.164021 1.1522
169.919 237.029 1.39062 -1.59307 0.0321725 2.03693 0.199859 1.61147
169.907 236.468 1.47645 -1.57305 0.0315465 2.59821 0.239268 2.00341
169.906 235.954 1.56384 -1.55607 0.029578 3.11247 0.276731 2.34177
169.913 235.441 1.65764 -1.5405 0.0262812 3.62545 0.311667 2.66043
169.929 234.93 1.75565 -1.52151 0.0218307 4.13659 0.342345 2.96006
169.948 234.544 1.83156 -1.51806 0.0192943 4.52254 0.362739 3.17534
169.974 234.037 1.93232 -1.5136 0.0141866 5.03013 0.383278 3.44506
170.01 233.412 2.05514 -1.50235 0.00715657 5.65615 0.39698 3.75912
170.044 232.911 2.15042 -1.49902 0.00305079 6.15841 0.399315 3.99819
170.08 232.412 2.24089 -1.49769 -0.000416597 6.65901 0.393942 4.22602
170.117 231.914 2.32572 -1.498 -0.00315402 7.15829 0.381393 4.44462
170.153 231.417 2.40422 -1.49953 -0.00513244 7.65665 0.362946 4.65531
170.189 230.921 2.47595 -1.50192 -0.00638134 8.15443 0.339769 4.85929
170.223 230.424 2.54071 -1.50481 -0.00697719 8.65195 0.312841 5.0576
170.256 229.928 2.5984 -1.50791 -0.00702777 9.14946 0.282894 5.25117
170.287 229.431 2.64911 -1.51086 -0.00665577 9.64715 0.251695 5.44083
170.317 228.936 2.69304 -1.51332 -0.00598463 10.1433 0.220981 5.62656
170.345 228.446 2.73048 -1.51607 -0.00512802 10.6338 0.192026 5.80746
170.372 227.954 2.76246 -1.5185 -0.00418347 11.1267 0.165088 5.98689
170.398 227.459 2.7896 -1.52061 -0.0032296 11.6219 0.140465 6.1652
170.423 226.963 2.81252 -1.52241 -0.0023259 12.119 0.118152 6.34265
170.447 226.465 2.83165 -1.52393 -0.00151415 12.6178 0.0980353 6.5194
170.47 225.965 2.84736 -1.52524 -0.00082061 13.1179 0.0799319 6.69553
170.493 225.465 2.85987 -1.52639 -0.000258339 13.619 0.0636193 6.8711
170.515 224.963 2.86967 -1.52744 0.000170399 14.1207 0.0486575 7.04622
170.537 224.462 2.87699 -1.52843 0.000471809 14.6229 0.0347529 7.22097
170.558 223.96 2.88194 -1.52938 0.000658207 15.1251 0.021634 7.39539
170.579 223.458 2.88455 -1.53032 0.000745825 15.6273 0.00906247 7.56954
170.599 222.957 2.88505 -1.53125 0.000753062 16.1293 -0.00320073 7.74354
170.619 222.455 2.88347 -1.53218 0.000699194 16.631 -0.0152985 7.91747
170.638 221.954 2.87979 -1.53313 0.000603299 17.1323 -0.0273253 8.09144
170.657 221.454 2.87393 -1.5341 0.000483178 17.6333 -0.0393304 8.2656
170.676 220.953 2.86602 -1.53509 0.000354364 18.1341 -0.0513134 8.44005
170.694 220.453 2.85604 -1.5361 0.000229398 18.6345 -0.0632354 8.61495
170.711 219.953 2.84392 -1.53712 0.000117489 19.1347 -0.0750225 8.79044
170.728 219.453 2.82963 -1.53815 2.45284e-05 19.6347 -0.0865636 8.96672
170.744 218.954 2.81329 -1.53916 -4.66198e-05 20.1347 -0.0977513 9.1439
170.76 218.454 2.79493 -1.54016 -9.56325e-05 20.6345 -0.108461 9.32213
170.775 217.955 2.77459 -1.54112 -0.000124138 21.1343 -0.118553 9.50157
170.79 217.455 2.75227 -1.54204 -0.000135097 21.6341 -0.127831 9.68245
170.804 216.955 2.72816 -1.54292 -0.000132211 22.1339 -0.136172 9.86486
170.818 216.456 2.70241 -1.54374 -0.000119419 22.6338 -0.143411 10.0489
170.832 215.956 2.67518 -1.5445 -0.000100485 23.1337 -0.149366 10.2349
170.845 215.456 2.64669 -1.5452 -7.8718e-05 23.6336 -0.153833 10.4227
170.858 214.957 2.61719 -1.54584 -5.67894e-05 24.1335 -0.156583 10.6126
170.87 214.457 2.58701 -1.54642 -3.66646e-05 24.6335 -0.157356 10.8048
170.882 213.957 2.55653 -1.54694 -1.96092e-05 25.1335 -0.155846 10.9992
170.894 213.457 2.52624 -1.5474 -6.26008e-06 25.6336 -0.151754 11.196
170.906 212.957 2.49667 -1.54781 3.2654e-06 26.1336 -0.144996 11.3951
170.918 212.457 2.46838 -1.54817 9.24031e-06 26.6336 -0.135486 11.5965
170.929 211.957 2.442 -1.54847 1.21963e-05 27.1337 -0.123115 11.8002
170.94 211.457 2.41823 -1.54873 1.28025e-05 27.6337 -0.107721 12.006
170.951 210.957 2.39776 -1.54893 1.1763e-05 28.1338 -0.0893345 12.2137
170.962 210.458 2.38125 -1.54908 9.7394e-06 28.6338 -0.0684546 12.423
170.973 209.958 2.36923 -1.54918 7.29825e-06 29.1338 -0.0457221 12.6335
170.984 209.458 2.3621 -1.54923 4.88222e-06 29.6338 -0.021802 12.8449
170.994 208.958 2.3597 -1.54923 2.62987e-06 30.1338 -0.00907598 13
