226.279 249.52 3.01525 -3.12903 3.17814e-09 0 -0.00230241 0
225.779 249.514 3.01533 -3.12901 1.81742e-09 0.5 0.00141388 0.165823
225.279 249.507 3.01557 -3.12899 2.75409e-09 1 0.00112892 0.331634
224.779 249.501 3.01576 -3.12898 1.95957e-09 1.5 0.000833806 0.497435
224.279 249.495 3.0159 -3.12898 -3.53816e-10 2 0.000520751 0.663225
223.779 249.488 3.01598 -3.12898 -3.97729e-09 2.5 0.000185428 0.82901
223.279 249.482 3.016 -3.12899 -8.61333e-09 3 -0.000178284 0.994792
222.779 249.476 3.01596 -3.129 -1.37813e-08 3.5 -0.000580091 1.16057
222.279 249.469 3.01585 -3.12901 -1.87494e-08 4 -0.00102253 1.32636
221.779 249.463 3.01566 -3.12903 -2.24744e-08 4.5 -0.00151269 1.49216
221.279 249.457 3.01539 -3.12905 -2.36122e-08 5 -0.00206103 1.65796
220.779 249.451 3.01501 -3.12908 -2.06009e-08 5.5 -0.00266846 1.82379
220.279 249.444 3.01454 -3.1291 -1.18363e-08 6 -0.00334325 1.98964
219.779 249.438 3.01393 -3.12912 4.05221e-09 6.5 -0.00409563 2.15552
219.279 249.432 3.0132 -3.12914 2.78094e-08 7 -0.00492507 2.32143
218.78 249.426 3.01233 -3.12916 5.90977e-08 7.5 -0.00584098 2.48739
218.28 249.419 3.01129 -3.12918 9.60212e-08 8 -0.0068525 2.6534
217.78 249.413 3.01008 -3.1292 1.34678e-07 8.5 -0.00795772 2.81948
217.28 249.407 3.00867 -3.12921 1.68906e-07 9 -0.00916691 2.98562
216.78 249.401 3.00704 -3.12921 1.90277e-07 9.5 -0.0104873 3.15185
216.28 249.395 3.0052 -3.12922 1.8852e-07 10 -0.0119157 3.31818
215.78 249.388 3.0031 -3.12921 1.52452e-07 10.5 -0.0134622 3.48461
215.28 249.382 3.00072 -3.1292 7.15139e-08 11 -0.0151319 3.65117
214.78 249.376 2.99807 -3.12918 -6.20922e-08 11.5 -0.0169195 3.81787
214.28 249.37 2.9951 -3.12916 -2.50776e-07 12 -0.0188341 3.98472
213.78 249.364 2.99179 -3.12912 -4.88624e-07 12.5 -0.0208779 4.15175
213.28 249.357 2.98813 -3.12907 -7.58556e-07 13 -0.0230431 4.31898
212.78 249.351 2.98409 -3.12902 -1.0301e-06 13.5 -0.0253348 4.48641
212.28 249.345 2.97964 -3.12896 -1.25851e-06 14 -0.0277527 4.6541
211.78 249.339 2.97478 -3.12889 -1.38595e-06 14.5 -0.0302847 4.82203
211.28 249.332 2.96948 -3.12881 -1.34534e-06 15 -0.0329292 4.99025
210.78 249.326 2.96369 -3.12874 -1.06649e-06 15.5 -0.0356822 5.1588
210.28 249.319 2.95743 -3.12867 -4.84714e-07 16 -0.0385258 5.32769
209.78 249.313 2.95069 -3.1286 4.47806e-07 16.5 -0.0414492 5.49693
209.28 249.306 2.94339 -3.12855 1.74732e-06 17 -0.0444421 5.6666
208.78 249.3 2.93557 -3.12851 3.38152e-06 17.5 -0.0474794 5.8367
208.28 249.293 2.92723 -3.12847 5.25275e-06 18 -0.0505418 6.00725
207.78 249.287 2.91832 -3.12845 7.18482e-06 18.5 -0.0536046 6.17833
207.28 249.28 2.90886 -3.12843 8.9162e-06 19 -0.0566378 6.34994
206.78 249.274 2.89886 -3.12842 1.01028e-05 19.5 -0.0596119 6.52212
206.28 249.267 2.88832 -3.12842 1.03335e-05 20 -0.0624916 6.6949
205.781 249.26 2.87723 -3.12842 9.16019e-06 20.5 -0.0652273 6.86837
205.281 249.254 2.86565 -3.12844 6.14524e-06 21 -0.0677833 7.0425
204.781 249.247 2.8536 -3.12846 9.24554e-07 21.5 -0.0701126 7.21733
204.281 249.241 2.84111 -3.12849 -6.71508e-06 22 -0.0721537 7.39292
203.781 249.234 2.82823 -3.12853 -1.67497e-05 22.5 -0.0738275 7.56932
203.281 249.228 2.81503 -3.12858 -2.88308e-05 23 -0.0750794 7.74652
202.781 249.221 2.80159 -3.12863 -4.22068e-05 23.5 -0.0758283 7.92455
202.281 249.215 2.78801 -3.1287 -5.56665e-05 23.9999 -0.0759804 8.10341
201.781 249.208 2.7744 -3.12877 -6.75184e-05 24.4999 -0.0753822 8.28319
201.281 249.202 2.76091 -3.12885 -7.562e-05 24.9998 -0.0739295 8.46384
200.781 249.195 2.7477 -3.12893 -7.74695e-05 25.4998 -0.0714837 8.64536
200.281 249.189 2.73498 -3.129 -7.03712e-05 25.9997 -0.0678789 8.82773
199.781 249.183 2.72296 -3.12906 -5.16768e-05 26.4997 -0.0629315 9.01093
199.281 249.177 2.71196 -3.1291 -1.91013e-05 26.9997 -0.0564124 9.19491
198.782 249.17 2.70231 -3.12911 2.88977e-05 27.4996 -0.0480672 9.37962
198.282 249.164 2.69436 -3.12909 9.27013e-05 27.9996 -0.0377273 9.56493
197.782 249.158 2.6885 -3.12902 0.0001711 28.4997 -0.0251764 9.75073
197.282 249.152 2.68509 -3.12891 0.000260897 28.9997 -0.0119266 9.93688
196.781 249.145 2.68437 -3.12874 0.000356595 29.4999 -0.00929038 10
196.281 249.139 2.68437 -3.12874 0.000450213 30.0002 -0.00929038 10
