183.294 248.593 1.78028 -3.12058 0.016742 0 -0.167624 0
182.786 248.583 1.78019 -3.10972 0.0221949 0.507905 0.0261208 0.285911
182.276 248.567 1.78009 -3.09587 0.0280921 1.01823 -0.0246031 0.572391
181.764 248.543 1.76697 -3.07873 0.0342986 1.53111 -0.0643629 0.861426
181.249 248.511 1.74352 -3.05819 0.0406735 2.04664 -0.0938507 1.15502
180.733 248.468 1.71217 -3.0342 0.047063 2.56486 -0.113806 1.45486
180.215 248.412 1.67525 -3.0068 0.0533088 3.08577 -0.125084 1.76235
179.696 248.341 1.63495 -2.97613 0.059257 3.60929 -0.128712 2.07862
179.177 248.255 1.59332 -2.94239 0.0647694 4.13532 -0.12586 2.40447
178.66 248.15 1.5523 -2.90586 0.0697351 4.66368 -0.117825 2.74053
178.144 248.026 1.51343 -2.86686 0.074081 5.19417 -0.106241 3.08664
177.631 247.882 1.47803 -2.82573 0.0777795 5.72656 -0.0926237 3.44272
177.124 247.716 1.44676 -2.78283 0.0808525 6.26058 -0.0785601 3.80794
176.622 247.528 1.41992 -2.73847 0.0833697 6.79594 -0.0654795 4.18158
176.129 247.318 1.39715 -2.6929 0.0854416 7.33237 -0.0545553 4.56253
175.645 247.085 1.37766 -2.64631 0.0872079 7.86959 -0.046588 4.94981
175.172 246.829 1.36038 -2.59247 0.0888224 8.40732 -0.0419619 5.34264
174.604 246.481 1.3402 -2.53828 0.0912797 9.07298 -0.0404997 5.83564
174.151 246.17 1.32336 -2.48759 0.0931174 9.62262 -0.0413263 6.24834
173.714 245.835 1.30564 -2.43564 0.0951899 10.1734 -0.0433444 6.66731
173.294 245.476 1.28676 -2.38228 0.0974895 10.7255 -0.0451621 7.0932
172.893 245.095 1.26711 -2.32739 0.0999297 11.2791 -0.0450398 7.52673
172.512 244.692 1.2479 -2.27095 0.10234 11.8342 -0.0413324 7.96821
172.153 244.266 1.23108 -2.21307 0.104472 12.3907 -0.0326946 8.41736
171.819 243.819 1.21927 -2.15444 0.106021 12.9485 -0.018286 8.87286
171.522 243.37 1.21527 -2.09692 0.106657 13.4875 0.00104918 9.31589
171.251 242.903 1.22086 -2.03956 0.106076 14.0269 0.0246231 9.75901
171.007 242.421 1.2373 -1.98303 0.104043 14.5678 0.0506691 10.1995
170.789 241.923 1.26524 -1.9281 0.100445 15.1107 0.0781811 10.6337
170.598 241.412 1.30487 -1.87528 0.095487 15.6564 0.108567 11.0587
170.433 240.887 1.3559 -1.82441 0.0907708 16.2069 0.137357 11.4728
170.293 240.346 1.41599 -1.77645 0.0836236 16.7652 0.159611 11.8758
170.177 239.789 1.48149 -1.73283 0.074123 17.3348 0.171562 12.2691
170.084 239.224 1.54707 -1.69587 0.0633792 17.9067 0.174914 12.6467
170.018 238.698 1.6048 -1.6713 0.0523874 18.4372 0.165219 12.9834
169.977 238.289 1.64508 -1.64523 0.0470492 18.8479 0.154754 13.2361
169.93 237.658 1.70278 -1.62508 0.0315145 19.4807 0.152898 13.6141
169.902 237.144 1.74948 -1.61212 0.03209 19.9962 0.160813 13.9128
169.885 236.729 1.78842 -1.59605 0.0319174 20.4113 0.171163 14.1474
169.87 236.152 1.84536 -1.57931 0.0305726 20.988 0.187789 14.4649
169.866 235.6 1.90297 -1.56471 0.0278657 21.5407 0.202533 14.7599
169.869 235.087 1.95809 -1.55279 0.0238975 22.053 0.212159 15.0253
169.878 234.577 2.01307 -1.54317 0.0189502 22.5631 0.214587 15.2822
169.892 234.07 2.06585 -1.53607 0.013845 23.0707 0.208563 15.5311
169.91 233.565 2.11476 -1.53138 0.00908001 23.5759 0.195101 15.7728
169.929 233.062 2.1585 -1.52892 0.00472892 24.0789 0.175185 16.0082
169.95 232.562 2.19571 -1.52839 0.000960291 24.5799 0.14818 16.2382
169.971 232.07 2.22526 -1.52941 -0.00210788 25.0725 0.116568 16.4609
169.991 231.588 2.24697 -1.53153 -0.00441898 25.5548 0.0844162 16.6766
170.01 231.107 2.26181 -1.53441 -0.00597799 26.0361 0.0544543 16.8901
170.028 230.626 2.27065 -1.53772 -0.00684285 26.5173 0.0291911 17.1024
170.044 230.144 2.27469 -1.54117 -0.00711011 26.9995 0.0101853 17.3145
170.058 229.66 2.27545 -1.54453 -0.00689842 27.4833 -0.00192116 17.5272
170.071 229.175 2.27443 -1.54764 -0.006333 27.9693 -0.00660287 17.7408
170.082 228.686 2.27317 -1.55037 -0.00553335 28.4577 -0.00469882 17.9556
170.092 228.196 2.27296 -1.55266 -0.00460503 28.9486 -0.00422612 18
170.101 227.702 2.27296 -1.55448 -0.00363542 29.4419 -0.00422612 18
170.109 227.207 2.27296 -1.55583 -0.00269246 29.9374 -0.00422612 18
170.116 226.709 2.27296 -1.55675 -0.00182559 30.4349 -0.00422612 18
170.123 226.21 2.27296 -1.5573 -0.00106771 30.934 -0.00422612 18
170.13 225.71 2.27296 -1.5573 -0.000437587 31.4343 -0.00422612 18
