276.264 117.363 0.0320228 -0.0586593 4.57144e-09 0 -0.155368 2.00167e-07
276.765 117.334 1.0779 -0.0565311 -0.000374808 0.501371 1.09638 1.23027
277.265 117.305 1.4596 -0.0540247 -0.000353421 1.00266 0.85021 1.62301
277.766 117.278 1.69929 -0.0515773 -0.000333004 1.50387 0.66939 1.93923
278.266 117.253 1.86659 -0.0491883 -0.000313527 2.00499 0.523408 2.21989
278.767 117.228 1.98645 -0.0468572 -0.000294961 2.50603 0.401517 2.4796
279.267 117.204 2.07243 -0.0445833 -0.000277277 3.007 0.298043 2.72618
279.767 117.182 2.1326 -0.0423659 -0.000260446 3.5079 0.209828 2.96419
280.268 117.161 2.17281 -0.0402043 -0.000244439 4.00873 0.134612 3.19676
280.768 117.141 2.19601 -0.0380979 -0.000229228 4.5095 0.0711815 3.42585
281.269 117.122 2.20588 -0.036046 -0.000214784 5.01022 0.0174515 3.65324
281.769 117.104 2.20467 -0.0340477 -0.000201081 5.51088 -0.0277939 3.88018
282.269 117.087 2.19403 -0.0321024 -0.00018809 6.01148 -0.0653896 4.10771
282.769 117.071 2.17533 -0.0302093 -0.000175785 6.51205 -0.0959883 4.3368
283.27 117.055 2.15019 -0.0283676 -0.00016414 7.01256 -0.120539 4.56817
283.77 117.041 2.1197 -0.0265766 -0.000153128 7.51304 -0.139603 4.8025
284.27 117.028 2.08467 -0.0248353 -0.000142724 8.01348 -0.153446 5.0406
284.771 117.016 2.04631 -0.0231431 -0.000132903 8.51388 -0.162871 5.2828
285.271 117.004 2.00535 -0.021499 -0.000123639 9.01425 -0.168153 5.52981
285.771 116.993 1.96268 -0.0199022 -0.00011491 9.51459 -0.169825 5.78197
286.271 116.983 1.91905 -0.0183518 -0.000106691 10.0149 -0.168248 6.03979
286.771 116.974 1.8752 -0.0168471 -9.896e-05 10.5152 -0.163936 6.30342
287.272 116.966 1.83183 -0.0153871 -9.16938e-05 11.0154 -0.157193 6.57341
287.772 116.958 1.78957 -0.0139709 -8.48708e-05 11.5157 -0.148522 6.84973
288.272 116.951 1.74899 -0.0125976 -7.84698e-05 12.0159 -0.138325 7.13248
288.772 116.945 1.7106 -0.0112663 -7.24695e-05 12.5161 -0.126994 7.42167
289.272 116.939 1.67484 -0.0099763 -6.68479e-05 13.0163 -0.114921 7.7172
289.772 116.934 1.64205 -0.00872675 -6.158e-05 13.5164 -0.102475 8.01884
290.273 116.93 1.61249 -0.00751726 -5.66361e-05 14.0166 -0.0899997 8.32627
290.773 116.926 1.58627 -0.00634782 -5.19828e-05 14.5167 -0.0777995 8.63904
291.273 116.923 1.56343 -0.00521887 -4.75908e-05 15.0168 -0.0661355 8.95667
291.773 116.92 1.54391 -0.00413103 -4.34449e-05 15.5169 -0.0552206 9.27861
292.273 116.918 1.52756 -0.00308485 -3.95464e-05 16.017 -0.0452233 9.60428
292.773 116.917 1.51421 -0.00208042 -3.59056e-05 16.5171 -0.0362826 9.93317
293.273 116.916 1.50351 -0.0011174 -3.25295e-05 17.0172 -0.0284511 10.2646
293.773 116.915 1.49514 -0.000195318 -2.94159e-05 17.5172 -0.0217626 10.5982
294.273 116.915 1.48882 0.000684597 -2.65079e-05 18.0173 -0.0162534 10.9334
294.773 116.915 1.48412 0.00151858 -2.36715e-05 18.5174 -0.0118671 11.2698
295.273 116.916 1.48069 0.0023055 -2.10534e-05 19.0174 -0.00856519 11.6072
295.773 116.917 1.47821 0.00304609 -1.86828e-05 19.5174 -0.00631011 11.9452
296.273 116.919 1.47631 0.00374133 -1.6541e-05 20.0175 -0.00500717 12.2837
296.773 116.92 1.47471 0.00439223 -1.46099e-05 20.5175 -0.00460113 12.6226
297.273 116.923 1.4731 0.00499978 -1.28725e-05 21.0175 -0.00500922 12.9618
297.773 116.925 1.47123 0.00556498 -1.13125e-05 21.5176 -0.00614226 13.3015
298.273 116.928 1.46884 0.00608882 -9.91459e-06 22.0176 -0.00793841 13.6416
298.773 116.931 1.46575 0.00657233 -8.66409e-06 22.5176 -0.0102895 13.9824
299.274 116.934 1.46176 0.0070165 -7.54727e-06 23.0176 -0.013113 14.324
299.774 116.938 1.45673 0.00742235 -6.55113e-06 23.5177 -0.0163023 14.6666
300.274 116.942 1.45054 0.00779089 -5.66346e-06 24.0177 -0.0197378 15.0105
300.774 116.945 1.4431 0.00812312 -4.87281e-06 24.5177 -0.0232839 15.3561
301.274 116.949 1.43441 0.00842008 -4.16844e-06 25.0177 -0.0267755 15.7036
301.774 116.954 1.42446 0.00868277 -3.54035e-06 25.5177 -0.0300071 16.0534
302.273 116.958 1.41339 0.00891221 -2.97925e-06 26.0177 -0.0327477 16.4057
302.773 116.962 1.40138 0.00910944 -2.47651e-06 26.5177 -0.0346799 16.761
303.273 116.967 1.38878 0.00927545 -2.02418e-06 27.0177 -0.0354641 17.1194
303.773 116.972 1.37605 0.0094113 -1.61495e-06 27.5177 -0.0346515 17.4811
304.273 116.976 1.36387 0.00951798 -1.24213e-06 28.0178 -0.0317173 17.8461
304.773 116.981 1.35314 0.00959655 -8.99646e-07 28.5178 -0.0260949 18.2142
305.273 116.986 1.34503 0.00964801 -5.82006e-07 29.0178 -0.0170739 18.5849
305.773 116.991 1.34095 0.00967473 -2.84282e-07 29.5178 -0.00516678 18.9573
306.273 116.996 1.34072 0.00967473 -9.10594e-08 30.0178 -0.00433658 19
