316.272 250.654 3.01529 -3.12903 1.13456e-16 0 -0.00227485 0
315.772 250.648 3.01536 -3.12901 -1.51298e-09 0.5 0.0012745 0.165821
315.272 250.641 3.01557 -3.12899 -2.39376e-10 1 0.000993995 0.331631
314.772 250.635 3.01574 -3.12898 1.62314e-10 1.5 0.000703192 0.497432
314.272 250.629 3.01586 -3.12898 1.14426e-10 2 0.000394307 0.663224
313.772 250.622 3.01592 -3.12898 -6.71532e-11 2.5 6.30401e-05 0.829012
313.272 250.616 3.01593 -3.12899 -1.61828e-10 3 -0.000296708 0.994798
312.772 250.61 3.01586 -3.129 -3.30128e-11 3.5 -0.00069462 1.16058
312.272 250.603 3.01573 -3.12901 3.83136e-10 4 -0.00113318 1.32638
311.772 250.597 3.01553 -3.12903 1.08886e-09 4.5 -0.00161946 1.49218
311.272 250.591 3.01523 -3.12905 2.03622e-09 5 -0.00216386 1.65799
310.772 250.585 3.01485 -3.12907 3.13829e-09 5.5 -0.00276723 1.82383
310.272 250.578 3.01435 -3.1291 4.28022e-09 6 -0.0034378 1.98969
309.772 250.572 3.01373 -3.12912 5.33063e-09 6.5 -0.00418575 2.15558
309.272 250.566 3.01299 -3.12914 6.15296e-09 7 -0.0050105 2.3215
308.772 250.56 3.0121 -3.12916 6.61648e-09 7.5 -0.00592136 2.48747
308.272 250.553 3.01105 -3.12918 6.60764e-09 8 -0.00692744 2.6535
307.772 250.547 3.00982 -3.1292 6.04136e-09 8.5 -0.00802677 2.81959
307.272 250.541 3.0084 -3.12921 4.87219e-09 9 -0.00922943 2.98574
306.773 250.535 3.00677 -3.12921 3.10564e-09 9.5 -0.0105426 3.15199
306.273 250.529 3.00491 -3.12922 8.09402e-10 10 -0.0119629 3.31833
305.773 250.522 3.00281 -3.12921 -1.87545e-09 10.5 -0.0135003 3.48478
305.273 250.516 3.00043 -3.1292 -4.72296e-09 11 -0.0151596 3.65136
304.773 250.51 2.99777 -3.12918 -7.41082e-09 11.5 -0.0169355 3.81807
304.273 250.504 2.9948 -3.12916 -9.50802e-09 12 -0.0188363 3.98494
303.773 250.498 2.99148 -3.12912 -1.0461e-08 12.5 -0.0208645 4.15199
303.273 250.491 2.98783 -3.12907 -9.58799e-09 13 -0.0230118 4.31923
302.773 250.485 2.9838 -3.12902 -6.12954e-09 13.5 -0.025283 4.48668
302.273 250.479 2.97936 -3.12896 5.30411e-10 14 -0.0276779 4.65438
301.773 250.473 2.97451 -3.12888 1.03752e-08 14.5 -0.0301842 4.82234
301.273 250.466 2.96923 -3.12881 2.21991e-08 15 -0.0328007 4.99057
300.773 250.46 2.96346 -3.12873 3.3598e-08 15.5 -0.0355236 5.15914
300.273 250.453 2.95724 -3.12866 4.19118e-08 16 -0.0383356 5.32803
299.773 250.447 2.95052 -3.1286 4.55132e-08 16.5 -0.0412265 5.49728
299.273 250.44 2.94327 -3.12855 4.4336e-08 17 -0.0441869 5.66697
298.773 250.434 2.9355 -3.12851 3.9387e-08 17.5 -0.0471926 5.83707
298.273 250.427 2.92721 -3.12847 3.19571e-08 18 -0.0502245 6.00762
297.773 250.421 2.91835 -3.12845 2.31632e-08 18.5 -0.0532587 6.1787
297.273 250.414 2.90895 -3.12844 1.38591e-08 19 -0.0562646 6.35031
296.773 250.408 2.89902 -3.12844 4.68688e-09 19.5 -0.0592116 6.52247
296.273 250.401 2.88855 -3.12844 -3.86769e-09 20 -0.0620627 6.69524
295.773 250.394 2.87754 -3.12845 -1.14462e-08 20.5 -0.064764 6.86869
295.273 250.388 2.86605 -3.12847 -1.78009e-08 21 -0.0672761 7.04279
294.773 250.381 2.85409 -3.12849 -2.27824e-08 21.5 -0.0695465 7.2176
294.274 250.375 2.84172 -3.12851 -2.63283e-08 22 -0.0715073 7.39316
293.774 250.368 2.82896 -3.12854 -2.84519e-08 22.5 -0.0730713 7.56952
293.274 250.362 2.81591 -3.12858 -2.92309e-08 23 -0.0741802 7.74667
292.774 250.355 2.80265 -3.12861 -2.87967e-08 23.5 -0.0747495 7.92465
292.274 250.349 2.78929 -3.12865 -2.73221e-08 24 -0.0746854 8.10346
291.774 250.342 2.77593 -3.12869 -2.50113e-08 24.5 -0.0738389 8.28316
291.274 250.336 2.76275 -3.12873 -2.20877e-08 25 -0.0721199 8.46372
290.774 250.329 2.74991 -3.12877 -1.87836e-08 25.5 -0.0694113 8.64512
290.274 250.323 2.73759 -3.12881 -1.53281e-08 26 -0.0655777 8.82735
289.774 250.317 2.72603 -3.12884 -1.19368e-08 26.5 -0.060473 9.01038
289.274 250.31 2.71549 -3.12887 -8.79979e-09 27 -0.0539141 9.19415
288.774 250.304 2.70631 -3.1289 -6.07117e-09 27.5 -0.0457075 9.37861
288.274 250.297 2.69877 -3.12893 -3.85745e-09 28 -0.035727 9.56364
287.774 250.291 2.69324 -3.12894 -2.20643e-09 28.5 -0.0237979 9.74911
287.274 250.285 2.69001 -3.12896 -1.09612e-09 29 -0.011261 9.93488
286.774 250.279 2.68932 -3.12897 -4.23583e-10 29.5 -0.00870625 10
286.274 250.272 2.68932 -3.12897 -1.16776e-10 30 -0.00870625 10
