170.149 193.203 3.01554 -1.55338 4.71901e-09 0 -0.00160384 0
170.158 192.704 3.01562 -1.55336 4.68576e-08 0.5 0.00106127 0.165806
170.166 192.204 3.0158 -1.55335 2.9802e-08 1 0.000796121 0.331604
170.175 191.704 3.01593 -1.55334 1.2749e-08 1.5 0.000520279 0.497393
170.184 191.204 3.01602 -1.55335 -3.42649e-09 2 0.000225843 0.663176
170.193 190.704 3.01606 -1.55336 -1.80648e-08 2.5 -9.14784e-05 0.828955
170.201 190.204 3.01604 -1.55337 -3.07019e-08 3 -0.00043784 0.994734
170.21 189.704 3.01595 -1.5534 -4.10813e-08 3.5 -0.00082299 1.16052
170.219 189.204 3.0158 -1.55342 -4.90985e-08 4 -0.00124938 1.3263
170.227 188.704 3.01558 -1.55345 -5.47807e-08 4.5 -0.00172412 1.4921
170.236 188.204 3.01527 -1.55349 -5.82624e-08 5 -0.00225764 1.65792
170.245 187.704 3.01486 -1.55352 -5.97463e-08 5.5 -0.00285074 1.82375
170.253 187.204 3.01436 -1.55356 -5.94673e-08 6 -0.00351169 1.98961
170.262 186.704 3.01373 -1.5536 -5.76896e-08 6.5 -0.00425065 2.1555
170.271 186.204 3.01297 -1.55364 -5.46827e-08 7 -0.00506701 2.32142
170.279 185.705 3.01208 -1.55368 -5.07012e-08 7.5 -0.00597012 2.48739
170.288 185.205 3.01101 -1.55371 -4.59901e-08 8 -0.00696901 2.65342
170.296 184.705 3.00978 -1.55375 -4.07625e-08 8.5 -0.0080617 2.81951
170.305 184.205 3.00836 -1.55378 -3.51999e-08 9 -0.0092583 2.98567
170.313 183.705 3.00672 -1.55381 -2.94408e-08 9.5 -0.010566 3.15192
170.322 183.205 3.00486 -1.55383 -2.35772e-08 10 -0.0119812 3.31826
170.33 182.705 3.00276 -1.55385 -1.76357e-08 10.5 -0.013514 3.48472
170.339 182.205 3.00037 -1.55386 -1.15674e-08 11 -0.0151692 3.6513
170.347 181.705 2.99771 -1.55387 -5.26523e-09 11.5 -0.0169413 3.81801
170.356 181.205 2.99474 -1.55386 1.48643e-09 12 -0.0188389 3.98489
170.364 180.705 2.99143 -1.55385 8.97626e-09 12.5 -0.0208641 4.15194
170.373 180.205 2.98777 -1.55384 1.75319e-08 13 -0.0230088 4.31918
170.381 179.705 2.98374 -1.55381 2.73722e-08 13.5 -0.0252779 4.48664
170.39 179.205 2.9793 -1.55377 3.83047e-08 14 -0.0276708 4.65434
170.398 178.706 2.97446 -1.55373 4.93182e-08 14.5 -0.0301755 4.8223
170.407 178.206 2.96918 -1.55368 5.84251e-08 15 -0.0327906 4.99054
170.415 177.706 2.96341 -1.55364 6.31885e-08 15.5 -0.0355126 5.1591
170.424 177.206 2.95719 -1.55359 6.19174e-08 16 -0.0383237 5.328
170.432 176.706 2.95048 -1.55356 5.46063e-08 16.5 -0.0412141 5.49726
170.441 176.206 2.94322 -1.55353 4.27945e-08 17 -0.0441742 5.66694
170.45 175.706 2.93545 -1.55351 2.85926e-08 17.5 -0.0471796 5.83705
170.458 175.206 2.92717 -1.5535 1.38006e-08 18 -0.0502116 6.0076
170.467 174.706 2.91831 -1.5535 -3.89679e-10 18.5 -0.053246 6.17868
170.476 174.206 2.90891 -1.55351 -1.32497e-08 19 -0.0562522 6.35029
170.484 173.706 2.89898 -1.55353 -2.43699e-08 19.5 -0.0591997 6.52246
170.493 173.206 2.88852 -1.55355 -3.35326e-08 20 -0.0620513 6.69523
170.501 172.706 2.87751 -1.55358 -4.06994e-08 20.5 -0.0647533 6.86868
170.51 172.207 2.86602 -1.55361 -4.59879e-08 21 -0.0672661 7.04279
170.519 171.707 2.85407 -1.55365 -4.96442e-08 21.5 -0.0695372 7.21759
170.527 171.207 2.84169 -1.55369 -5.20211e-08 22 -0.0714989 7.39315
170.536 170.707 2.82893 -1.55374 -5.35227e-08 22.5 -0.0730637 7.56952
170.544 170.207 2.81588 -1.55378 -5.45502e-08 23 -0.0741734 7.74667
170.553 169.707 2.80263 -1.55383 -5.53975e-08 23.5 -0.0747435 7.92465
170.561 169.207 2.78926 -1.55388 -5.61941e-08 24 -0.0746803 8.10346
170.57 168.707 2.77591 -1.55393 -5.67798e-08 24.5 -0.0738346 8.28316
170.578 168.207 2.76273 -1.55398 -5.66539e-08 25 -0.0721164 8.46372
170.587 167.707 2.74989 -1.55403 -5.49339e-08 25.5 -0.0694086 8.64513
170.595 167.207 2.73757 -1.55407 -5.03899e-08 26 -0.0655756 8.82736
170.603 166.707 2.72601 -1.55411 -4.15449e-08 26.5 -0.0604716 9.01039
170.612 166.207 2.71547 -1.55415 -2.68932e-08 27 -0.0539131 9.19416
170.62 165.707 2.70629 -1.55418 -5.23163e-09 27.5 -0.0457068 9.37862
170.628 165.208 2.69875 -1.55421 2.39479e-08 28 -0.0357264 9.56365
170.637 164.708 2.69322 -1.55423 5.99698e-08 28.5 -0.0237971 9.74913
170.645 164.208 2.68999 -1.55425 1.00477e-07 29 -0.0112606 9.9349
170.653 163.708 2.6893 -1.55426 1.41065e-07 29.5 -0.00870641 10
170.661 163.208 2.6893 -1.55426 1.74727e-07 30 -0.00870641 10
