193.246 115.985 2.23271 0.0231238 -0.00221263 0 0.689474 0
193.744 115.997 2.33692 0.0311666 -0.00115255 0.498672 0.307208 0.217457
194.244 116.012 2.39697 0.0408055 -0.000261044 0.998642 0.262589 0.428581
194.744 116.033 2.44688 0.0500506 0.000459326 1.49869 0.221579 0.634975
195.244 116.058 2.48791 0.0588493 0.00100793 1.99915 0.18345 0.837749
195.744 116.087 2.52098 0.067139 0.00139216 2.49997 0.147552 1.03767
196.244 116.121 2.54677 0.0748625 0.00162578 3.00109 0.113423 1.2354
196.744 116.158 2.56581 0.08197 0.00172722 3.50245 0.0807584 1.43149
197.243 116.199 2.57849 0.0884212 0.00171796 4.00401 0.0493043 1.62645
197.743 116.244 2.58513 0.0941852 0.00162092 4.50573 0.018889 1.82075
198.243 116.291 2.58595 0.0992414 0.00145896 5.00758 -0.0105464 2.01481
198.742 116.341 2.58116 0.103578 0.00125361 5.50955 -0.038979 2.20906
199.242 116.393 2.57091 0.107193 0.00102401 6.0116 -0.0665045 2.40392
199.741 116.446 2.55527 0.110088 0.000786181 6.51373 -0.093255 2.59979
200.24 116.501 2.53427 0.112273 0.000552685 7.01593 -0.119317 2.79711
200.739 116.558 2.50796 0.113761 0.000332665 7.51818 -0.144749 2.99629
201.238 116.615 2.47629 0.11457 0.000132495 8.02047 -0.169565 3.19781
201.737 116.672 2.43915 0.114732 -4.28861e-05 8.52279 -0.193737 3.40215
202.236 116.73 2.39641 0.114302 -0.000188286 9.0251 -0.217181 3.60991
202.735 116.787 2.34797 0.113369 -0.000297584 9.52739 -0.239763 3.82165
203.234 116.844 2.2937 0.112061 -0.000365738 10.0296 -0.26128 4.03806
203.733 116.9 2.23347 0.110524 -0.000392831 10.5318 -0.281468 4.25988
204.232 116.955 2.16718 0.108895 -0.000386292 11.034 -0.300008 4.48797
204.731 117.01 2.09448 0.107273 -0.000358157 11.536 -0.316392 4.72361
205.231 117.064 2.01545 0.105717 -0.000320113 12.038 -0.330074 4.96789
205.73 117.117 1.93011 0.104252 -0.000280345 12.54 -0.340416 5.22226
206.229 117.169 1.83849 0.102889 -0.000243231 13.0419 -0.34736 5.48852
206.728 117.22 1.74045 0.101628 -0.000210534 13.5437 -0.35102 5.76904
207.227 117.271 1.63598 0.100468 -0.000182608 14.0454 -0.351478 6.06627
207.726 117.322 1.52481 0.0994079 -0.000159122 14.5472 -0.348533 6.38365
208.226 117.371 1.40657 0.0984454 -0.000139412 15.0488 -0.341571 6.72604
208.725 117.421 1.28121 0.0975798 -0.000122665 15.5505 -0.329426 7.09918
209.224 117.47 1.14888 0.0968103 -0.000108048 16.0521 -0.310375 7.51236
209.723 117.518 1.01069 0.0961363 -9.47887e-05 16.5536 -0.283117 7.97742
210.222 117.566 0.869153 0.0955578 -8.22301e-05 17.0552 -0.245648 8.51186
210.722 117.614 0.72939 0.0950749 -6.9862e-05 17.5567 -0.198426 9.14148
211.221 117.662 0.599712 0.0946876 -5.73243e-05 18.0582 -0.144371 9.89972
211.72 117.709 0.492849 0.0943963 -4.43963e-05 18.5597 -0.0888443 10.8252
212.219 117.756 0.423802 0.0942013 -3.09736e-05 19.0611 -0.0386917 11.9304
212.719 117.803 0.403134 0.0940974 -1.704e-05 19.5626 -0.00201481 13
213.218 117.851 0 0.0940974 -7.57252e-06 20.0641 0 13
