187.4 115.764 2.4148 0.0659626 0.00137861 0 0.668831 0
187.884 115.796 2.52087 0.0620501 -0.00195307 0.485131 0.48436 0.196301
188.366 115.826 2.60829 0.0564337 -0.00437577 0.968175 0.444494 0.384519
188.847 115.853 2.68535 0.0501381 -0.00605187 1.45027 0.401812 0.566543
189.329 115.877 2.75284 0.0435081 -0.00703689 1.93239 0.358353 0.743796
189.811 115.898 2.81153 0.0368429 -0.00741725 2.41535 0.315586 0.91741
190.295 115.916 2.86206 0.0303886 -0.00729916 2.89978 0.274769 1.08816
190.781 115.931 2.9051 0.0243357 -0.00679751 3.38612 0.236824 1.25672
191.27 115.942 2.94187 0.0188192 -0.00602608 3.87464 0.202028 1.42383
191.761 115.952 2.97289 0.0139228 -0.00509007 4.36546 0.170753 1.58979
192.254 115.959 2.99867 0.00968493 -0.00408116 4.85856 0.143238 1.75488
192.749 115.963 3.02031 0.00610605 -0.00307479 5.35379 0.119049 1.91943
193.246 115.966 3.03813 0.00315703 -0.00212938 5.85093 0.0981814 2.08354
193.745 115.968 3.05268 0.000787254 -0.00128676 6.34971 0.0803433 2.24729
194.245 115.968 3.06463 -0.00106764 -0.00057359 6.84983 0.0649859 2.4108
194.746 115.968 3.07412 -0.00247883 -3.12338e-06 7.35095 0.0519637 2.57405
195.248 115.967 3.08167 -0.00351835 0.000422625 7.85279 0.0407578 2.73708
195.75 115.965 3.08757 -0.00425442 0.000710696 8.35505 0.030978 2.89992
196.253 115.963 3.09185 -0.00474783 0.000874968 8.8575 0.0224543 3.06252
196.755 115.96 3.09489 -0.00504961 0.000934012 9.35993 0.0147505 3.22494
197.257 115.958 3.09672 -0.00519984 0.000909067 9.86219 0.00769232 3.38717
197.759 115.955 3.09741 -0.0052273 0.000822205 10.3642 0.00110226 3.54925
198.261 115.952 3.09711 -0.00515015 0.000694745 10.8658 -0.00518422 3.71121
198.762 115.95 3.09577 -0.00497707 0.000545978 11.3671 -0.0112312 3.8731
199.263 115.947 3.09347 -0.00470905 0.000392247 11.8681 -0.0171086 4.03497
199.764 115.945 3.09027 -0.00434159 0.000246411 12.3687 -0.0228428 4.19686
200.264 115.943 3.08609 -0.00386776 0.000117686 12.869 -0.0284184 4.35888
200.764 115.941 3.08105 -0.00328247 1.1834e-05 13.3691 -0.0338385 4.52106
201.264 115.939 3.07513 -0.00258766 -6.84106e-05 13.869 -0.0390719 4.68347
201.764 115.938 3.06835 -0.00179661 -0.000122845 14.3688 -0.0440853 4.84619
202.264 115.937 3.0608 -0.00093434 -0.000153353 14.8686 -0.0488697 5.00925
202.763 115.937 3.05242 -3.24159e-05 -0.000163471 15.3684 -0.0533767 5.17275
203.263 115.937 3.04331 0.00087928 -0.000157805 15.8681 -0.0576072 5.33672
203.763 115.937 3.03354 0.00177889 -0.000141289 16.3679 -0.0615619 5.50119
204.263 115.938 3.02305 0.00265392 -0.000118501 16.8678 -0.0652022 5.66627
204.763 115.939 3.01197 0.00349876 -9.32461e-05 17.3677 -0.0685665 5.83193
205.263 115.941 3.00033 0.00431115 -6.842e-05 17.8676 -0.0716593 5.99821
205.763 115.943 2.9881 0.00508991 -4.60378e-05 18.3676 -0.0744582 6.16522
206.263 115.946 2.9754 0.0058339 -2.73248e-05 18.8676 -0.077 6.33291
206.763 115.949 2.96225 0.0065419 -1.28348e-05 19.3677 -0.0792863 6.50132
207.263 115.952 2.94865 0.0072127 -2.58393e-06 19.8677 -0.0812862 6.67054
207.763 115.956 2.93468 0.00784528 3.80473e-06 20.3678 -0.0830164 6.84054
208.263 115.959 2.92038 0.0084389 6.95998e-06 20.8679 -0.0844617 7.01134
208.763 115.964 2.90578 0.0089932 7.6343e-06 21.368 -0.0855774 7.18301
209.263 115.968 2.89094 0.00950816 6.59786e-06 21.868 -0.0863319 7.35555
209.763 115.973 2.87594 0.00998413 4.55903e-06 22.3681 -0.0866942 7.52897
210.263 115.978 2.86083 0.0104217 2.11213e-06 22.8681 -0.0866116 7.70327
210.763 115.983 2.8457 0.0108218 -2.89297e-07 23.3681 -0.0859798 7.87854
211.263 115.989 2.83065 0.0111853 -2.33787e-06 23.8681 -0.0847513 8.05473
211.763 115.994 2.8158 0.0115133 -3.86146e-06 24.3682 -0.0828483 8.23183
212.263 116 2.80128 0.0118069 -4.80134e-06 24.8682 -0.0801776 8.40985
212.763 116.006 2.78724 0.0120671 -5.18482e-06 25.3682 -0.0766006 8.58879
213.263 116.012 2.77388 0.0122951 -5.09647e-06 25.8682 -0.0719989 8.76863
213.763 116.018 2.76138 0.0124917 -4.6515e-06 26.3682 -0.0662765 8.9493
214.263 116.024 2.74997 0.0126579 -3.97345e-06 26.8682 -0.0593014 9.13075
214.763 116.031 2.73989 0.0127946 -3.17745e-06 27.3682 -0.0509338 9.3129
215.263 116.037 2.73145 0.0129025 -2.3592e-06 27.8682 -0.0410054 9.49568
215.763 116.043 2.72503 0.0129823 -1.58929e-06 28.3682 -0.0293142 9.67897
216.263 116.05 2.72089 0.013035 -9.11948e-07 28.8682 -0.0157675 9.86261
216.762 116.056 2.71918 0.0130625 -3.47152e-07 29.3682 -0.00882399 10
217.262 116.063 2.71918 0.0130625 2.81622e-08 29.8682 -0.00882399 10
