169.99 202.702 3.01522 -1.55521 2.05592e-07 0 -0.00196753 0
169.997 202.202 3.01531 -1.55503 -6.49107e-08 0.5 0.0013151 0.165824
170.005 201.702 3.01553 -1.55482 7.37838e-08 1 0.0010315 0.331637
170.013 201.202 3.01571 -1.55463 1.44251e-07 1.5 0.000737878 0.49744
170.021 200.702 3.01582 -1.55446 1.67446e-07 2 0.000426396 0.663235
170.029 200.202 3.01589 -1.5543 1.61657e-07 2.5 9.26473e-05 0.829024
170.038 199.702 3.0159 -1.55416 1.4139e-07 3 -0.000269506 0.994811
170.046 199.203 3.01585 -1.55403 1.17034e-07 3.5 -0.00066976 1.1606
170.054 198.703 3.01572 -1.55391 9.5098e-08 4 -0.00111061 1.32639
170.063 198.203 3.01552 -1.55381 7.88584e-08 4.5 -0.0015991 1.49219
170.071 197.703 3.01523 -1.55371 6.91593e-08 5 -0.00214561 1.65801
170.08 197.203 3.01484 -1.55363 6.52262e-08 5.5 -0.002751 1.82385
170.088 196.703 3.01435 -1.55356 6.54334e-08 6 -0.00342346 1.9897
170.097 196.203 3.01373 -1.55349 6.79034e-08 6.5 -0.00417316 2.15559
170.106 195.703 3.01299 -1.55343 7.09093e-08 7 -0.00499955 2.32152
170.114 195.203 3.0121 -1.55338 7.31481e-08 7.5 -0.00591192 2.48749
170.123 194.703 3.01105 -1.55334 7.38201e-08 8 -0.00691938 2.65352
170.132 194.203 3.00983 -1.5533 7.26258e-08 8.5 -0.00801997 2.8196
170.141 193.703 3.00841 -1.55327 6.96962e-08 9 -0.00922377 2.98576
170.149 193.203 3.00678 -1.55324 6.54508e-08 9.5 -0.010538 3.15201
170.158 192.704 3.00492 -1.55322 6.04839e-08 10 -0.0119593 3.31835
170.167 192.204 3.00282 -1.55319 5.5453e-08 10.5 -0.0134975 3.4848
170.176 191.704 3.00044 -1.55317 5.09931e-08 11 -0.0151575 3.65137
170.185 191.204 2.99778 -1.55315 4.76575e-08 11.5 -0.016934 3.81809
170.193 190.704 2.99481 -1.55314 4.58774e-08 12 -0.0188354 3.98496
170.202 190.204 2.99149 -1.55312 4.59659e-08 12.5 -0.020864 4.15201
170.211 189.704 2.98784 -1.5531 4.80439e-08 13 -0.0230117 4.31924
170.22 189.204 2.98381 -1.55308 5.19194e-08 13.5 -0.0252833 4.4867
170.229 188.704 2.97937 -1.55305 5.67696e-08 14 -0.0276783 4.6544
170.238 188.204 2.97452 -1.55303 6.08065e-08 14.5 -0.0301849 4.82235
170.246 187.704 2.96924 -1.55301 6.13728e-08 15 -0.0328014 4.99058
170.255 187.204 2.96347 -1.55298 5.58561e-08 15.5 -0.0355245 5.15915
170.264 186.704 2.95725 -1.55297 4.30578e-08 16 -0.0383365 5.32804
170.273 186.205 2.95053 -1.55296 2.39629e-08 16.5 -0.0412276 5.49729
170.282 185.705 2.94328 -1.55296 1.15943e-09 17 -0.0441881 5.66698
170.291 185.205 2.93551 -1.55297 -2.25305e-08 17.5 -0.0471938 5.83708
170.3 184.705 2.92722 -1.55298 -4.50157e-08 18 -0.0502259 6.00763
170.309 184.205 2.91836 -1.55301 -6.51115e-08 18.5 -0.0532601 6.1787
170.318 183.705 2.90896 -1.55304 -8.22543e-08 19 -0.0562661 6.35032
170.327 183.205 2.89903 -1.55308 -9.62126e-08 19.5 -0.0592132 6.52248
170.335 182.705 2.88856 -1.55312 -1.0692e-07 20 -0.0620643 6.69525
170.344 182.205 2.87755 -1.55317 -1.14411e-07 20.5 -0.0647657 6.86869
170.353 181.705 2.86606 -1.55322 -1.18828e-07 21 -0.0672778 7.0428
170.362 181.205 2.8541 -1.55328 -1.20363e-07 21.5 -0.0695481 7.21761
170.371 180.705 2.84172 -1.55334 -1.19277e-07 22 -0.0715089 7.39316
170.379 180.205 2.82896 -1.5534 -1.15876e-07 22.5 -0.0730729 7.56952
170.388 179.706 2.81592 -1.55346 -1.10505e-07 23 -0.0741816 7.74668
170.397 179.206 2.80266 -1.55352 -1.03523e-07 23.5 -0.0747508 7.92465
170.405 178.706 2.78929 -1.55359 -9.53078e-08 24 -0.0746866 8.10346
170.414 178.206 2.77594 -1.55365 -8.62275e-08 24.5 -0.07384 8.28316
170.423 177.706 2.76276 -1.55371 -7.66396e-08 25 -0.0721208 8.46372
170.431 177.206 2.74991 -1.55376 -6.68635e-08 25.5 -0.0694121 8.64513
170.44 176.706 2.7376 -1.55381 -5.71796e-08 26 -0.0655783 8.82736
170.448 176.206 2.72603 -1.55386 -4.78229e-08 26.5 -0.0604735 9.01038
170.457 175.706 2.7155 -1.55391 -3.89621e-08 27 -0.0539144 9.19415
170.465 175.206 2.70632 -1.55395 -3.0695e-08 27.5 -0.0457078 9.37861
170.473 174.706 2.69878 -1.55398 -2.30629e-08 28 -0.0357271 9.56364
170.482 174.206 2.69324 -1.554 -1.60224e-08 28.5 -0.023798 9.74911
170.49 173.706 2.69002 -1.55402 -9.4756e-09 29 -0.0112611 9.93488
170.499 173.206 2.68933 -1.55403 -3.24201e-09 29.5 -0.00870628 10
170.507 172.707 2.68933 -1.55403 1.12524e-09 30 -0.00870628 10
