249.777 249.816 3.01529 -3.12903 2.24304e-16 0 -0.00225963 0
249.277 249.81 3.01536 -3.12901 -1.57108e-09 0.5 0.00127798 0.165821
248.777 249.803 3.01557 -3.12899 -2.56231e-10 1 0.000997222 0.331632
248.277 249.797 3.01574 -3.12898 1.67245e-10 1.5 0.000706175 0.497433
247.777 249.791 3.01585 -3.12898 1.26165e-10 2 0.000397054 0.663225
247.277 249.785 3.01592 -3.12898 -6.02964e-11 2.5 6.55593e-05 0.829013
246.777 249.778 3.01592 -3.12899 -1.68495e-10 3 -0.000294409 0.994799
246.277 249.772 3.01586 -3.129 -5.90194e-11 3.5 -0.000692529 1.16059
245.777 249.766 3.01573 -3.12901 3.3439e-10 4 -0.00113129 1.32638
245.277 249.759 3.01553 -3.12903 1.01637e-09 4.5 -0.00161776 1.49218
244.777 249.753 3.01523 -3.12905 1.94183e-09 5 -0.00216234 1.658
244.277 249.747 3.01484 -3.12907 3.02363e-09 5.5 -0.00276588 1.82383
243.778 249.74 3.01435 -3.1291 4.14849e-09 6 -0.00343661 1.98969
243.278 249.734 3.01373 -3.12912 5.18902e-09 6.5 -0.0041847 2.15558
242.778 249.728 3.01299 -3.12914 6.00678e-09 7 -0.00500959 2.3215
242.278 249.722 3.0121 -3.12916 6.47268e-09 7.5 -0.00592059 2.48747
241.778 249.716 3.01105 -3.12918 6.47175e-09 8 -0.00692678 2.6535
241.278 249.709 3.00982 -3.12919 5.9227e-09 8.5 -0.00802622 2.81959
240.778 249.703 3.0084 -3.1292 4.7764e-09 9 -0.00922898 2.98575
240.278 249.697 3.00677 -3.12921 3.04069e-09 9.5 -0.0105423 3.15199
239.778 249.691 3.00492 -3.12921 7.80827e-10 10 -0.0119627 3.31833
239.278 249.685 3.00281 -3.12921 -1.86111e-09 10.5 -0.0135001 3.48478
238.778 249.678 3.00043 -3.1292 -4.66125e-09 11 -0.0151595 3.65136
238.278 249.672 2.99777 -3.12918 -7.29606e-09 11.5 -0.0169354 3.81807
237.778 249.666 2.9948 -3.12915 -9.33787e-09 12 -0.0188363 3.98494
237.278 249.66 2.99148 -3.12912 -1.02335e-08 12.5 -0.0208645 4.15199
236.778 249.654 2.98783 -3.12907 -9.30317e-09 13 -0.0230118 4.31923
236.278 249.647 2.9838 -3.12902 -5.79325e-09 13.5 -0.0252831 4.48668
235.778 249.641 2.97936 -3.12895 9.07385e-10 14 -0.027678 4.65438
235.278 249.635 2.97451 -3.12888 1.07718e-08 14.5 -0.0301844 4.82234
234.778 249.628 2.96923 -3.12881 2.25851e-08 15 -0.0328008 4.99057
234.278 249.622 2.96347 -3.12873 3.39411e-08 15.5 -0.0355238 5.15914
233.778 249.615 2.95724 -3.12866 4.21799e-08 16 -0.0383357 5.32803
233.278 249.609 2.95053 -3.1286 4.56805e-08 16.5 -0.0412267 5.49728
232.778 249.603 2.94327 -3.12855 4.43817e-08 17 -0.0441871 5.66697
232.278 249.596 2.9355 -3.1285 3.92968e-08 17.5 -0.0471927 5.83707
231.778 249.589 2.92721 -3.12847 3.17237e-08 18 -0.0502247 6.00762
231.279 249.583 2.91835 -3.12845 2.27914e-08 18.5 -0.0532588 6.1787
230.779 249.576 2.90895 -3.12844 1.33747e-08 19 -0.0562647 6.35031
230.279 249.57 2.89902 -3.12843 4.14173e-09 19.5 -0.0592117 6.52247
229.779 249.563 2.88856 -3.12844 -4.38861e-09 20 -0.0620628 6.69524
229.279 249.557 2.87754 -3.12845 -1.18221e-08 20.5 -0.0647641 6.86869
228.779 249.55 2.86605 -3.12846 -1.78799e-08 21 -0.0672762 7.04279
228.279 249.543 2.85409 -3.12849 -2.23948e-08 21.5 -0.0695465 7.2176
227.779 249.537 2.84172 -3.12851 -2.53186e-08 22 -0.0715073 7.39316
227.279 249.53 2.82896 -3.12854 -2.67102e-08 22.5 -0.0730713 7.56952
226.779 249.524 2.81591 -3.12858 -2.67482e-08 23 -0.0741802 7.74667
226.279 249.517 2.80265 -3.12861 -2.5719e-08 23.5 -0.0747494 7.92465
225.779 249.511 2.78929 -3.12865 -2.40014e-08 24 -0.0746853 8.10346
225.279 249.504 2.77594 -3.12869 -2.20467e-08 24.5 -0.0738388 8.28316
224.779 249.498 2.76275 -3.12873 -2.03324e-08 25 -0.0721197 8.46372
224.279 249.491 2.74991 -3.12877 -1.93017e-08 25.5 -0.0694112 8.64512
223.779 249.485 2.73759 -3.1288 -1.92921e-08 26 -0.0655775 8.82735
223.279 249.479 2.72603 -3.12884 -2.04429e-08 26.5 -0.0604729 9.01038
222.779 249.472 2.71549 -3.12887 -2.2601e-08 27 -0.0539139 9.19415
222.279 249.466 2.70631 -3.1289 -2.52532e-08 27.5 -0.0457074 9.37861
221.779 249.46 2.69877 -3.12893 -2.74653e-08 28 -0.0357269 9.56364
221.279 249.453 2.69324 -3.12894 -2.78938e-08 28.5 -0.0237979 9.74911
220.779 249.447 2.69001 -3.12896 -2.48682e-08 29 -0.0112611 9.93488
220.279 249.441 2.68932 -3.12897 -1.65671e-08 29.5 -0.00870625 10
219.779 249.434 2.68932 -3.12897 -1.41839e-09 30 -0.00870625 10
