171.596 132.239 2.1224 -1.5593 -0.00276134 0 -0.181848 0
171.602 131.74 2.08644 -1.55918 -0.000804749 0.499377 -0.149095 0.237435
171.608 131.239 2.04865 -1.55775 0.00174905 0.99997 -0.163371 0.479489
171.614 130.737 2.00674 -1.5548 0.00494029 1.50209 -0.175025 0.727099
171.622 130.233 1.96114 -1.55001 0.00876276 2.00602 -0.183979 0.981057
171.633 129.727 1.91222 -1.54305 0.0131867 2.51206 -0.190055 1.24237
171.647 129.219 1.86056 -1.53362 0.0181596 3.02045 -0.193177 1.51179
171.666 128.708 1.80669 -1.52145 0.0236075 3.53143 -0.193159 1.79044
171.691 128.195 1.75132 -1.50632 0.0294374 4.04516 -0.189933 2.07927
171.725 127.68 1.69528 -1.48803 0.0355396 4.56177 -0.183531 2.37907
171.768 127.162 1.6395 -1.46647 0.0417912 5.08132 -0.174069 2.69066
171.822 126.642 1.58503 -1.44158 0.0480601 5.60382 -0.161747 3.01482
171.89 126.121 1.53298 -1.41339 0.0542104 6.12921 -0.146947 3.35197
171.972 125.6 1.48439 -1.382 0.0601096 6.65734 -0.130223 3.70203
172.072 125.078 1.44042 -1.34757 0.0656372 7.18803 -0.11219 4.06513
172.19 124.559 1.40182 -1.31033 0.0706939 7.72102 -0.0936542 4.44034
172.328 124.042 1.36919 -1.27059 0.0752106 8.25604 -0.0754509 4.82663
172.487 123.529 1.34273 -1.22864 0.079156 8.79277 -0.0584495 5.22262
172.667 123.022 1.32223 -1.1848 0.0825402 9.33092 -0.0434605 5.62664
172.87 122.522 1.30701 -1.13938 0.0854141 9.8702 -0.0311984 6.03699
173.096 122.032 1.29606 -1.09256 0.0878638 10.4104 -0.0221443 6.45212
173.342 121.558 1.28817 -1.0453 0.0899999 10.9439 -0.0165955 6.86509
173.609 121.097 1.28185 -0.997124 0.0919435 11.4771 -0.0143222 7.28003
173.898 120.649 1.27585 -0.94808 0.0938095 12.0097 -0.0148776 7.69653
174.208 120.217 1.26912 -0.898182 0.0956902 12.5417 -0.0175515 8.11456
174.539 119.802 1.26098 -0.84741 0.0976381 13.0728 -0.0212905 8.53437
174.89 119.404 1.25121 -0.795736 0.0996534 13.603 -0.0248506 8.95639
175.261 119.026 1.24015 -0.743149 0.101674 14.1322 -0.0269092 9.38115
175.649 118.669 1.22867 -0.689691 0.103573 14.6603 -0.0262194 9.80902
176.056 118.334 1.21819 -0.628494 0.105167 15.1876 -0.0218148 10.2401
176.59 117.946 1.20913 -0.565818 0.106481 15.8471 -0.0104343 10.7837
177.051 117.653 1.20739 -0.50881 0.106325 16.3936 0.00318287 11.2362
177.528 117.387 1.21242 -0.452308 0.105116 16.9397 0.0195432 11.6878
178.018 117.149 1.22518 -0.397008 0.102757 17.4849 0.0376326 12.1354
178.52 116.938 1.24588 -0.343615 0.099251 18.0287 0.0565622 12.5758
179.03 116.756 1.27465 -0.292759 0.0947136 18.5706 0.0791241 13.0061
179.547 116.6 1.31451 -0.24449 0.0893575 19.1102 0.112557 13.4232
180.07 116.47 1.36565 -0.196378 0.0883321 19.6492 0.138516 13.8256
180.598 116.364 1.42113 -0.15042 0.0825195 20.1879 0.145726 14.2124
181.126 116.284 1.47268 -0.118587 0.0679431 20.7221 0.129332 14.5814
181.538 116.235 1.50414 -0.08339 0.058403 21.1369 0.0948237 14.8599
182.169 116.183 1.53441 -0.0638104 0.039493 21.77 0.0561238 15.2762
182.571 116.157 1.54789 -0.0490125 0.023292 22.1724 0.048837 15.5373
183.187 116.127 1.56798 -0.0360793 0.0289351 22.7899 0.0547951 15.9337
183.699 116.108 1.58746 -0.0262188 0.0322103 23.3018 0.0654394 16.2583
184.108 116.097 1.60518 -0.00925826 0.032434 23.7115 0.072397 16.5149
184.64 116.093 1.62992 0.00472141 0.0292631 24.2434 0.0772976 16.8438
185.153 116.095 1.65426 0.0157676 0.023078 24.7565 0.0779533 17.1562
185.658 116.103 1.6775 0.0238639 0.0173683 25.2613 0.0749375 17.4593
186.157 116.115 1.6988 0.0292844 0.0120166 25.7599 0.0688925 17.7546
186.65 116.129 1.71751 0.0323437 0.00717528 26.2532 0.0602944 18.0434
187.139 116.145 1.73309 0.0359211 0.00296136 26.7424 0.0492774 18.3269
187.75 116.167 1.74785 0.0328138 -0.00201351 27.3541 0.0347454 18.6782
188.248 116.183 1.75614 0.0305951 -0.00439018 27.8527 0.0237125 18.9628
188.746 116.199 1.76147 0.0275007 -0.00603255 28.3505 0.0142124 19.2458
189.243 116.212 1.76439 0.0238918 -0.00699814 28.8476 0.0068109 19.5277
189.739 116.224 1.76557 0.0200849 -0.00737257 29.3445 0.00194378 19.8092
190.236 116.234 1.76578 0.0163419 -0.0072595 29.8412 0.000472411 20
190.733 116.242 1.76578 0.0128647 -0.00677046 30.3382 0.000472411 20
191.23 116.249 1.76578 0.00979418 -0.00601583 30.8354 0.000472411 20
191.728 116.254 1.76578 0.00979418 -0.00509751 31.3329 0.000472411 20
