200.154 116.259 2.81073 -0.0596805 0.000124318 0 -0.0495829 0
200.655 116.229 2.76797 -0.0573871 -0.000393644 0.501562 -0.408629 0.179523
201.156 116.2 2.66575 -0.0547375 -0.000440511 1.00299 -0.629965 0.363936
201.656 116.173 2.54821 -0.0521881 -0.000464301 1.50428 -0.592464 0.556287
202.157 116.146 2.4328 -0.0497275 -0.000467464 2.00546 -0.554359 0.757571
202.657 116.121 2.31997 -0.047346 -0.00045365 2.50653 -0.515569 0.968456
203.158 116.098 2.21026 -0.0450361 -0.00042709 3.00752 -0.475988 1.18957
203.658 116.075 2.10443 -0.0427922 -0.000392079 3.50844 -0.435689 1.42192
204.158 116.054 2.00317 -0.0406108 -0.000352586 4.00929 -0.394853 1.66595
204.659 116.033 1.90728 -0.0384902 -0.000311984 4.51009 -0.353594 1.92214
205.159 116.014 1.81775 -0.0364298 -0.000272904 5.01084 -0.311983 2.19106
205.66 115.996 1.73574 -0.0344304 -0.000237198 5.51155 -0.270503 2.47312
206.16 115.979 1.66203 -0.0324931 -0.000205968 6.01222 -0.229909 2.76801
206.66 115.962 1.59742 -0.0306194 -0.00017967 6.51285 -0.190962 3.07537
207.161 115.947 1.54235 -0.0288111 -0.000158239 7.01344 -0.154381 3.39436
207.661 115.933 1.49717 -0.0270693 -0.000141235 7.51399 -0.120852 3.72398
208.161 115.919 1.46147 -0.0253954 -0.000127982 8.01451 -0.0908102 4.06254
208.662 115.906 1.43467 -0.0237899 -0.000117698 8.51499 -0.0645348 4.40829
209.162 115.895 1.41609 -0.0222533 -0.000109593 9.01543 -0.0422177 4.75958
209.662 115.883 1.40447 -0.0207855 -0.000102947 9.51584 -0.0236874 5.11453
210.163 115.873 1.39878 -0.0193862 -9.71602e-05 10.0162 -0.00879098 5.47165
210.663 115.863 1.3978 -0.0180549 -9.17748e-05 10.5166 0.0028427 5.82957
211.163 115.854 1.40045 -0.0167909 -8.64783e-05 11.0169 0.0116044 6.18724
211.663 115.846 1.40578 -0.0155934 -8.1092e-05 11.5172 0.0178779 6.54384
212.163 115.838 1.41291 -0.0144615 -7.555e-05 12.0175 0.0221199 6.89886
212.664 115.831 1.42122 -0.013394 -6.98784e-05 12.5177 0.0246494 7.25189
213.164 115.824 1.43011 -0.0123889 -6.4185e-05 13.018 0.0258625 7.6028
213.664 115.818 1.43917 -0.0114427 -5.86582e-05 13.5182 0.026009 7.95146
214.164 115.812 1.4481 -0.010549 -5.35508e-05 14.0184 0.0253716 8.29797
214.664 115.807 1.45663 -0.00969861 -4.90991e-05 14.5186 0.0241281 8.64234
215.165 115.802 1.46462 -0.00888169 -4.5387e-05 15.0188 0.0224611 8.98479
215.665 115.798 1.47194 -0.00809082 -4.22694e-05 15.519 0.0204901 9.32542
216.165 115.794 1.47852 -0.00732355 -3.9465e-05 16.0191 0.0183167 9.66445
216.665 115.79 1.48433 -0.00658177 -3.67501e-05 16.5193 0.0160144 10.0021
217.165 115.787 1.48931 -0.00586901 -3.40633e-05 17.0194 0.0136314 10.3384
217.665 115.784 1.49347 -0.00518817 -3.14558e-05 17.5196 0.0112022 10.6738
218.165 115.781 1.49681 -0.00454065 -2.89909e-05 18.0197 0.00874278 11.0083
218.666 115.779 1.49931 -0.0039267 -2.66933e-05 18.5198 0.0062573 11.3421
219.166 115.777 1.50098 -0.00334603 -2.45539e-05 19.02 0.00374161 11.6755
219.666 115.775 1.50181 -0.00279811 -2.25497e-05 19.5201 0.00118426 12.0085
220.166 115.774 1.50176 -0.00228236 -2.06578e-05 20.0202 -0.00143104 12.3415
220.666 115.773 1.50084 -0.00179817 -1.88616e-05 20.5203 -0.00411976 12.6746
221.166 115.772 1.49901 -0.00134495 -1.71523e-05 21.0204 -0.00689811 13.008
221.666 115.771 1.49622 -0.000922062 -1.55291e-05 21.5205 -0.00978006 13.3419
222.166 115.771 1.49245 -0.000528918 -1.39988e-05 22.0205 -0.0127691 13.6766
222.666 115.77 1.48766 -0.000164914 -1.25742e-05 22.5206 -0.0158628 14.0122
223.166 115.77 1.48177 0.00017054 -1.1273e-05 23.0207 -0.0190457 14.349
223.666 115.77 1.47479 0.000478025 -1.01153e-05 23.5208 -0.0222831 14.6872
224.167 115.771 1.46666 0.000758111 -9.12102e-06 24.0209 -0.0255211 15.0272
224.667 115.771 1.45738 0.00101136 -8.30681e-06 24.5209 -0.0286784 15.3692
225.167 115.771 1.447 0.00123832 -7.6826e-06 25.021 -0.0316421 15.7136
225.667 115.772 1.43555 0.00143955 -7.24788e-06 25.5211 -0.0342534 16.0605
226.167 115.773 1.42319 0.00161561 -6.98809e-06 26.0211 -0.0363192 16.4103
226.667 115.774 1.41012 0.00176707 -6.87139e-06 26.5212 -0.0375644 16.7633
227.167 115.775 1.39668 0.00189454 -6.84623e-06 27.0213 -0.03768 17.1197
227.667 115.775 1.38333 0.00199863 -6.84027e-06 27.5213 -0.0362527 17.4794
228.167 115.776 1.37073 0.00208003 -6.76104e-06 28.0214 -0.0327946 17.8426
228.667 115.778 1.35973 0.00213947 -6.49882e-06 28.5214 -0.0267743 18.2089
229.167 115.779 1.35147 0.00217774 -5.93205e-06 29.0215 -0.0175005 18.5779
229.667 115.78 1.34727 0.00219677 -4.93533e-06 29.5216 -0.00537067 18.9486
230.167 115.781 1.34699 0.00219677 -3.59245e-06 30.0216 -0.00435934 19
