276.266 117.233 0.00162067 -0.0585371 4.75657e-09 0 0.00321586 0
276.767 117.204 1.21682 -0.0533981 -0.000891065 0.501366 1.54425 1.14937
277.267 117.177 1.7057 -0.0474152 -0.000785176 1.00255 1.31148 1.49163
277.768 117.154 2.03243 -0.0416633 -0.0006875 1.50353 1.14178 1.75859
278.268 117.133 2.28184 -0.0361425 -0.000597749 2.00435 1.00284 1.99087
278.768 117.115 2.48034 -0.0308528 -0.000515625 2.50501 0.884531 2.20109
279.269 117.099 2.6428 -0.025794 -0.000440822 3.00554 0.781256 2.39633
279.769 117.086 2.77804 -0.0209658 -0.000373027 3.50597 0.689717 2.58069
280.269 117.076 2.89214 -0.0163681 -0.000311921 4.0063 0.60757 2.757
280.769 117.068 2.98922 -0.0120003 -0.000257182 4.50655 0.533198 2.9271
281.269 117.062 3.07188 -0.00786203 -0.000208484 5.00673 0.465596 3.0922
281.77 117.058 3.14146 -0.00395271 -0.000165499 5.50687 0.404314 3.25302
282.27 117.056 3.20105 -0.000271759 -0.000127899 6.00696 0.347991 3.41077
282.77 117.056 3.25074 0.00318148 -9.53551e-05 6.50702 0.296701 3.56568
283.27 117.057 3.29257 0.00640768 -6.75397e-05 7.00706 0.249515 3.71853
283.77 117.06 3.32688 0.00940758 -4.41263e-05 7.50708 0.206356 3.86956
284.27 117.065 3.35485 0.0121819 -2.47902e-05 8.00709 0.166678 4.01922
284.77 117.071 3.37681 0.0147315 -9.20899e-06 8.50709 0.130382 4.16773
285.27 117.079 3.39369 0.0170572 2.93686e-06 9.00709 0.0970159 4.31543
285.77 117.087 3.40559 0.0191596 1.1964e-05 9.50709 0.0665882 4.46248
286.269 117.097 3.41343 0.0210398 1.81858e-05 10.0071 0.0386161 4.60912
286.769 117.107 3.41707 0.0226984 2.1912e-05 10.5071 0.0132529 4.75551
287.269 117.119 3.41747 0.0241365 2.34491e-05 11.0071 -0.0100537 4.90182
287.769 117.131 3.41429 0.0253547 2.30998e-05 11.5071 -0.0310204 5.04819
288.269 117.143 3.40845 0.0263541 2.11648e-05 12.0072 -0.0502139 5.19475
288.769 117.156 3.39969 0.0271362 1.79483e-05 12.5072 -0.0673953 5.34165
289.269 117.17 3.38868 0.0277039 1.37748e-05 13.0072 -0.0829862 5.48894
289.769 117.184 3.37531 0.0280637 9.02427e-06 13.5073 -0.0968593 5.63681
290.268 117.198 3.36004 0.0282295 4.16714e-06 14.0073 -0.109301 5.78527
290.768 117.212 3.34287 0.0282256 -2.54975e-07 14.5073 -0.120257 5.93448
291.268 117.226 3.32412 0.0280867 -3.756e-06 15.0074 -0.129937 6.08446
291.768 117.24 3.30385 0.0278532 -6.08794e-06 15.5074 -0.138314 6.23536
292.268 117.254 3.28232 0.027563 -7.3269e-06 16.0075 -0.145569 6.38718
292.768 117.268 3.25956 0.0272447 -7.77577e-06 16.5075 -0.151659 6.54008
293.267 117.282 3.23585 0.0269161 -7.77409e-06 17.0075 -0.156775 6.694
293.767 117.295 3.21117 0.0265863 -7.56616e-06 17.5076 -0.16083 6.84916
294.267 117.308 3.1858 0.0262593 -7.27973e-06 18.0076 -0.164027 7.00545
294.767 117.321 3.15975 0.0259369 -6.96594e-06 18.5076 -0.166267 7.16309
295.267 117.334 3.13321 0.0256201 -6.64146e-06 19.0077 -0.167699 7.32199
295.767 117.347 3.10628 0.0253097 -6.31155e-06 19.5077 -0.168301 7.48226
296.267 117.36 3.07907 0.0250066 -5.97858e-06 20.0077 -0.168082 7.64397
296.767 117.372 3.05173 0.0247114 -5.64425e-06 20.5077 -0.167115 7.80704
297.266 117.385 3.02437 0.024425 -5.31008e-06 21.0078 -0.165312 7.97166
297.766 117.397 2.99712 0.0241481 -4.97743e-06 21.5078 -0.162727 8.13775
298.266 117.409 2.97012 0.0238816 -4.64753e-06 22.0078 -0.159357 8.30529
298.766 117.421 2.94353 0.023626 -4.32142e-06 22.5078 -0.15509 8.47444
299.266 117.433 2.91751 0.0233823 -4.00001e-06 23.0078 -0.149941 8.64509
299.766 117.444 2.8922 0.0231512 -3.68399e-06 23.5079 -0.143869 8.8172
300.266 117.456 2.86781 0.0229333 -3.3739e-06 24.0079 -0.136773 8.9908
300.766 117.467 2.8446 0.0227296 -3.07004e-06 24.5079 -0.128575 9.16591
301.265 117.479 2.82272 0.0225406 -2.77253e-06 25.0079 -0.119418 9.34237
301.765 117.49 2.80235 0.0223673 -2.48126e-06 25.5079 -0.109416 9.52015
302.265 117.501 2.78367 0.0222102 -2.19587e-06 26.0079 -0.0986839 9.69915
302.765 117.512 2.76696 0.0220703 -1.91578e-06 26.5079 -0.0873134 9.87935
303.265 117.523 2.75223 0.0219481 -1.64014e-06 27.0079 -0.0754598 10.0606
303.765 117.534 2.73961 0.0218445 -1.36787e-06 27.508 -0.0631363 10.2427
304.265 117.545 2.72922 0.0217602 -1.09758e-06 28.008 -0.0502249 10.4255
304.765 117.556 2.7212 0.0216959 -8.27611e-07 28.508 -0.0365831 10.609
305.265 117.567 2.7158 0.0216524 -5.56022e-07 29.008 -0.0220414 10.793
305.764 117.578 2.71304 0.0216291 -2.80558e-07 29.508 -0.00985993 10.9772
306.264 117.589 2.71278 0.0216291 -9.10832e-08 30.008 -0.00889337 11
