173.246 120.877 1.45733 -1.04816 0.0887759 0 -0.0495485 0
173.523 120.395 1.43573 -0.993459 0.0898857 0.555995 -0.0580369 0.384339
173.827 119.929 1.41265 -0.937132 0.0914349 1.11259 -0.0600039 0.775149
174.157 119.48 1.3885 -0.88012 0.0930545 1.66998 -0.0612186 1.17311
174.512 119.049 1.36363 -0.822385 0.0947404 2.22797 -0.0611521 1.5786
174.892 118.64 1.3387 -0.763923 0.0964357 2.78641 -0.0591301 1.9919
175.296 118.254 1.31469 -0.704791 0.0980301 3.34516 -0.0544282 2.41312
175.722 117.892 1.29297 -0.645138 0.0993667 3.9041 -0.0464283 2.84193
176.168 117.556 1.27514 -0.577291 0.100257 4.46309 -0.0349325 3.2774
176.752 117.176 1.26099 -0.51096 0.100313 5.15907 -0.0158332 3.82663
177.256 116.893 1.25805 -0.450148 0.0992613 5.73783 0.00363479 4.28641
177.776 116.641 1.26478 -0.390783 0.0972221 6.31509 0.0261113 4.74434
178.307 116.423 1.28211 -0.333541 0.0941844 6.88976 0.0514792 5.19599
178.847 116.236 1.31136 -0.279035 0.0902255 7.46089 0.083187 5.63676
179.392 116.079 1.35594 -0.227366 0.0855081 8.0277 0.127984 6.06228
179.943 115.952 1.41721 -0.176249 0.0844921 8.59283 0.170267 6.47029
180.498 115.853 1.48922 -0.127267 0.07966 9.15707 0.198633 6.85878
181.05 115.783 1.5638 -0.0852723 0.0665474 9.71348 0.20674 7.22338
181.497 115.744 1.62051 -0.0578978 0.0577967 10.1619 0.192844 7.50505
182.125 115.708 1.68982 -0.0233333 0.0396889 10.7913 0.176173 7.88513
182.55 115.698 1.73383 -0.0192305 0.0249708 11.216 0.180279 8.13319
183.157 115.686 1.79937 0.000191477 0.0282678 11.823 0.203723 8.47697
183.675 115.686 1.86104 0.019687 0.031652 12.3413 0.23211 8.7602
184.107 115.695 1.91695 0.028444 0.0320484 12.7736 0.256804 8.9892
184.645 115.71 1.9914 0.0445917 0.0293847 13.3114 0.28298 9.26444
185.162 115.733 2.06615 0.0568042 0.0234592 13.8291 0.302034 9.51972
185.669 115.762 2.14073 0.0656611 0.0177576 14.3374 0.314296 9.76135
186.169 115.795 2.21382 0.0714804 0.0124107 14.8383 0.32007 9.99153
186.663 115.83 2.28413 0.0745784 0.00753355 15.3331 0.31815 10.2115
187.151 115.867 2.3504 0.0753288 0.00325694 15.823 0.308147 10.4228
187.636 115.903 2.41169 0.0680945 -0.000323363 16.3093 0.291309 10.627
188.243 115.945 2.48056 0.070031 -0.00428166 16.9171 0.261626 10.8755
188.739 115.98 2.5295 0.0660601 -0.0059914 17.4144 0.230891 11.074
189.234 116.012 2.57106 0.0614988 -0.00701118 17.9111 0.195752 11.2686
189.73 116.043 2.605 0.056692 -0.00742598 18.4073 0.15836 11.4604
190.225 116.071 2.63143 0.0519189 -0.00734038 18.9036 0.120754 11.6498
190.721 116.097 2.65071 0.0473925 -0.0068676 19.4001 0.0844136 11.8378
191.217 116.12 2.66333 0.0432636 -0.00612006 19.8969 0.0504229 12.0247
191.714 116.142 2.66988 0.0396262 -0.00520209 20.3942 0.0194711 12.2112
192.211 116.162 2.67096 0.0365256 -0.004205 20.892 -0.00803523 12.3976
192.709 116.18 2.66712 0.0339673 -0.00320437 21.3904 -0.0318664 12.5843
193.208 116.197 2.65917 0.0319258 -0.00225909 21.8892 -0.0521886 12.7716
193.707 116.213 2.6477 0.0303533 -0.00141178 22.3884 -0.069164 12.9597
194.206 116.228 2.63327 0.0291881 -0.000689991 22.8881 -0.083018 13.1489
194.706 116.242 2.61639 0.0283611 -0.000107994 23.388 -0.0939745 13.3394
195.206 116.257 2.59754 0.0278016 0.000331232 23.8882 -0.102248 13.5312
195.706 116.271 2.57719 0.0274418 0.000633831 24.3885 -0.107979 13.7246
196.206 116.284 2.55579 0.0272203 0.000812907 24.8889 -0.111223 13.9195
196.707 116.298 2.53382 0.0270846 0.00088641 25.3893 -0.111945 14.1162
197.207 116.311 2.51176 0.0269921 0.000875118 25.8898 -0.110112 14.3146
197.707 116.325 2.49013 0.0269111 0.000800806 26.3902 -0.105748 14.5147
198.207 116.338 2.46946 0.0268205 0.000684643 26.8906 -0.0988241 14.7165
198.707 116.352 2.45031 0.0267084 0.000545893 27.3909 -0.089257 14.9199
199.208 116.365 2.43325 0.0265717 0.000400961 27.8911 -0.0769347 15.1247
199.707 116.378 2.41891 0.0264134 0.00026281 28.3913 -0.0620533 15.3309
200.207 116.392 2.40778 0.0262416 0.000140739 28.8914 -0.0451975 15.5382
200.707 116.405 2.40026 0.0260674 4.04889e-05 29.3914 -0.0269974 15.7462
201.207 116.418 2.39648 0.0259034 -3.53959e-05 29.8915 -0.0104731 15.9547
201.707 116.431 2.396 0.025762 -8.70154e-05 30.3914 -0.00830816 16
202.207 116.444 2.396 0.0256522 -0.000116468 30.8914 -0.00830816 16
202.707 116.456 2.396 0.0256522 -0.000127435 31.3914 -0.00830816 16
