169.962 233.538 1.91904 -1.5265 0.00914424 0 0.731857 4.33728e-07
169.983 233.045 2.03621 -1.53449 0.00472875 0.493693 0.233592 0.248046
170.001 232.556 2.04787 -1.54599 0.00115119 0.982224 -0.0510707 0.486582
170.013 232.072 2.03441 -1.55831 -0.00173556 1.46708 -0.0628521 0.724108
170.019 231.589 2.01753 -1.57099 -0.00387572 1.94968 -0.0789746 0.962285
170.019 231.107 1.99656 -1.58361 -0.00527827 2.43131 -0.0963461 1.20217
170.013 230.626 1.97104 -1.59577 -0.00600683 2.91309 -0.112737 1.44504
170.001 230.143 1.94145 -1.6072 -0.00616389 3.39595 -0.126938 1.69178
169.983 229.659 1.90801 -1.61766 -0.00587326 3.88061 -0.137687 1.94362
169.96 229.172 1.87164 -1.61073 -0.00526386 4.36756 -0.144289 2.20118
169.936 228.554 1.82272 -1.63463 -0.00399101 4.98651 -0.146566 2.53634
169.904 228.056 1.78239 -1.64173 -0.00306944 5.4856 -0.144282 2.81318
169.868 227.557 1.74219 -1.64761 -0.00217768 5.98539 -0.13872 3.09677
169.83 227.058 1.70305 -1.65228 -0.00137071 6.48589 -0.130372 3.38738
169.789 226.559 1.66578 -1.65581 -0.000684987 6.98705 -0.119838 3.68496
169.747 226.059 1.63112 -1.65826 -0.000140929 7.48882 -0.107705 3.9894
169.703 225.558 1.59963 -1.6597 0.000254343 7.9911 -0.094579 4.30037
169.658 225.058 1.57182 -1.66019 0.000504372 8.4938 -0.0810547 4.6175
169.613 224.557 1.54787 -1.65982 0.000620938 8.9968 -0.0676874 4.94007
169.568 224.055 1.52782 -1.65863 0.000621831 9.49999 -0.0549496 5.26734
169.524 223.554 1.51156 -1.65667 0.000528808 10.0033 -0.043228 5.59854
169.481 223.053 1.49891 -1.65399 0.000365711 10.5065 -0.0328459 5.93296
169.439 222.551 1.48939 -1.65061 0.000156791 11.0096 -0.023953 6.26974
169.399 222.05 1.48254 -1.64655 -7.4738e-05 11.5125 -0.0166416 6.60822
169.361 221.549 1.47792 -1.64181 -0.000307834 12.0152 -0.0109373 6.94784
169.326 221.048 1.47494 -1.63643 -0.00052439 12.5175 -0.00671914 7.28811
169.293 220.547 1.47318 -1.63064 -0.00068334 13.0195 -0.00385805 7.62869
169.263 220.046 1.4722 -1.62494 -0.000709145 13.5212 -0.00202648 7.96935
169.235 219.545 1.47172 -1.61956 -0.00069546 14.0226 -0.000882075 8.30997
169.211 219.045 1.47154 -1.61453 -0.000668878 14.5237 -0.000257168 8.65047
169.189 218.544 1.4715 -1.60982 -0.000630463 15.0245 -1.06016e-05 8.99085
169.17 218.044 1.4715 -1.6054 -0.000583036 15.5252 -2.86703e-05 9.33111
169.152 217.544 1.47146 -1.60124 -0.00052968 16.0258 -0.000193087 9.67128
169.137 217.044 1.47136 -1.5973 -0.000472796 16.5262 -0.000399877 10.0114
169.124 216.544 1.4712 -1.59354 -0.000414179 17.0266 -0.000548254 10.3515
169.112 216.043 1.47101 -1.58994 -0.000355536 17.5268 -0.000545368 10.6915
169.103 215.543 1.47086 -1.5865 -0.000298724 18.0271 -0.000293584 11.0316
169.095 215.043 1.47085 -1.5832 -0.000245546 18.5273 0.000290788 11.3717
169.089 214.543 1.4711 -1.58006 -0.000197448 19.0274 0.00129369 11.7117
169.084 214.043 1.47179 -1.57705 -0.000155346 19.5276 0.00280611 12.0516
169.081 213.543 1.47308 -1.5742 -0.000119609 20.0277 0.00489593 12.3913
169.079 213.043 1.47519 -1.5715 -9.01431e-05 20.5278 0.00765881 12.7306
169.079 212.543 1.47836 -1.56895 -6.65014e-05 21.0279 0.0111565 13.0692
169.08 212.042 1.48282 -1.56654 -4.80073e-05 21.528 0.0154537 13.407
169.082 211.542 1.48888 -1.56429 -3.3866e-05 22.028 0.0206236 13.7436
169.085 211.042 1.49678 -1.56218 -2.32576e-05 22.5281 0.0266758 14.0786
169.09 210.542 1.50674 -1.56023 -1.5409e-05 23.0281 0.0331548 14.4116
169.095 210.042 1.51866 -1.55842 -9.64238e-06 23.5281 0.0386439 14.7422
169.101 209.542 1.5319 -1.55676 -5.40166e-06 24.0281 0.0416861 15.07
169.108 209.042 1.54547 -1.55525 -2.26022e-06 24.5281 0.0412733 15.395
169.116 208.543 1.55819 -1.55388 8.61206e-08 25.0281 0.0371887 15.7171
169.124 208.043 1.56892 -1.55265 1.83623e-06 25.5281 0.0294064 16.0369
169.133 207.543 1.57658 -1.55156 3.10652e-06 26.0281 0.0184446 16.3547
169.143 207.043 1.58052 -1.55062 3.95558e-06 26.5281 0.00640364 16.6714
169.153 206.543 1.5808 -1.54981 4.40769e-06 27.0281 -0.0043659 16.9877
169.164 206.043 1.57818 -1.54914 4.47292e-06 27.5281 -0.011495 17.3042
169.174 205.543 1.5742 -1.54861 4.16266e-06 28.0281 -0.0124857 17.6214
169.186 205.043 1.57116 -1.54821 3.50026e-06 28.5281 -0.00585708 17.9394
169.197 204.543 1.57082 -1.54795 2.52692e-06 29.0282 -0.00483794 18
169.208 204.043 1.57082 -1.54781 1.30349e-06 29.5282 -0.00483794 18
169.22 203.544 1.57082 -1.54781 4.64083e-07 30.0282 -0.00483794 18
