202.282 249.149 2.97036 -3.10299 -5.46932e-05 0 -0.0603805 0
201.782 249.13 2.97132 -3.10258 -3.81577e-05 0.500124 0.0311826 0.168409
201.282 249.111 2.97576 -3.10214 -4.94213e-05 1.00025 0.021548 0.336592
200.783 249.091 2.97865 -3.10176 -5.47755e-05 1.50038 0.011948 0.504575
200.283 249.071 2.97982 -3.10144 -5.15084e-05 2.00051 0.002398 0.672439
199.783 249.051 2.97943 -3.10117 -3.69338e-05 2.50067 -0.00708564 0.840289
199.283 249.031 2.97751 -3.10095 -8.70146e-06 3.00085 -0.0164817 1.00821
198.783 249.01 2.97395 -3.10076 3.48274e-05 3.50101 -0.0257477 1.17628
198.284 248.99 2.96884 -3.1006 9.41614e-05 4.0012 -0.0348537 1.34462
197.784 248.969 2.96225 -3.10047 0.000168247 4.50143 -0.0437717 1.51328
197.284 248.949 2.95412 -3.10034 0.000254067 5.0017 -0.0524539 1.68239
196.784 248.928 2.94448 -3.10023 0.000346307 5.50204 -0.0608755 1.85204
196.284 248.908 2.93345 -3.10013 0.000437169 6.00244 -0.0690357 2.02229
195.784 248.887 2.92101 -3.10004 0.000516344 6.5029 -0.0769341 2.19323
195.284 248.866 2.9071 -3.09998 0.00057124 7.00343 -0.0845913 2.36501
194.784 248.845 2.89186 -3.09997 0.000587459 7.504 -0.0920856 2.53765
194.284 248.824 2.87526 -3.10003 0.000549568 8.00459 -0.0995124 2.71122
193.784 248.804 2.85723 -3.10019 0.000442161 8.50518 -0.107004 2.88587
193.283 248.783 2.83773 -3.1005 0.000251179 9.00573 -0.114735 3.06167
192.784 248.762 2.81671 -3.101 -3.45483e-05 9.50608 -0.122899 3.23864
192.284 248.742 2.79406 -3.10175 -0.000421613 10.0061 -0.131691 3.41683
191.785 248.722 2.76959 -3.10279 -0.000910278 10.5058 -0.141318 3.59643
191.286 248.703 2.74299 -3.10418 -0.00149277 11.0052 -0.152015 3.77764
190.787 248.684 2.7141 -3.10594 -0.00215176 11.5042 -0.163826 3.96055
190.289 248.666 2.68265 -3.1081 -0.0028591 12.0029 -0.176657 4.14535
189.791 248.65 2.64837 -3.11067 -0.003575 12.5012 -0.190352 4.33226
189.293 248.634 2.61099 -3.11361 -0.00424789 12.9992 -0.204873 4.52158
188.795 248.62 2.57021 -3.11688 -0.00481482 13.4968 -0.220049 4.71364
188.298 248.608 2.52577 -3.12038 -0.00520297 13.9942 -0.235517 4.90883
187.801 248.597 2.47743 -3.12396 -0.00533199 14.4916 -0.2507 5.10762
187.304 248.589 2.42508 -3.12744 -0.00511753 14.989 -0.265086 5.31054
186.806 248.582 2.36862 -3.1306 -0.00447551 15.4868 -0.278306 5.51821
186.308 248.576 2.30803 -3.13318 -0.00332708 15.985 -0.289805 5.73131
185.809 248.572 2.24343 -3.13487 -0.00160374 16.4841 -0.298863 5.95061
185.308 248.569 2.17505 -3.13536 0.000747529 16.9842 -0.305071 6.17694
184.807 248.565 2.10307 -3.1343 0.00375966 17.4858 -0.308761 6.41135
184.304 248.562 2.02762 -3.13131 0.00744166 17.9891 -0.309812 6.65515
183.8 248.557 1.9493 -3.1261 0.0117761 18.4929 -0.308293 6.90841
183.294 248.549 1.86816 -3.11835 0.0167179 18.9983 -0.304024 7.17328
182.787 248.537 1.78461 -3.10775 0.0221945 19.5057 -0.296949 7.45119
182.278 248.52 1.6991 -3.09404 0.0281073 20.0155 -0.287043 7.74386
181.766 248.495 1.61221 -3.07703 0.0343344 20.5276 -0.274379 8.05322
181.253 248.462 1.52463 -3.05661 0.0407351 21.0421 -0.25917 8.38131
180.738 248.418 1.43712 -3.03272 0.0471556 21.5592 -0.241809 8.73065
180.221 248.362 1.35044 -3.00541 0.0534364 22.0788 -0.22299 9.10343
179.704 248.291 1.2653 -2.97481 0.0594227 22.6007 -0.203671 9.50272
179.187 248.204 1.18206 -2.94113 0.0649748 23.125 -0.185189 9.93156
178.671 248.099 1.10046 -2.90464 0.0699801 23.6515 -0.169129 10.393
178.157 247.975 1.01928 -2.86567 0.0743641 24.1799 -0.15734 10.8918
177.647 247.831 0.935799 -2.82456 0.0780979 24.7101 -0.15156 11.4344
177.142 247.665 0.845333 -2.78166 0.0812027 25.2417 -0.152612 12.0313
176.643 247.477 0.740938 -2.73728 0.0837481 25.7746 -0.158608 12.7027
176.152 247.267 0.614989 -2.69169 0.0858449 26.3085 -0.158068 13.4903
175.671 247.035 0.480087 -2.64506 0.087634 26.843 -0.0995566 14.4751
175.201 246.78 0.447875 -2.59124 0.0892703 27.378 -0.0228804 15
174.633 246.431 0.447875 -2.53653 0.0917588 28.0447 -0.0228804 15
174.183 246.12 0.447875 -2.48574 0.0936223 28.5913 -0.0228804 15
173.749 245.786 0.447875 -2.43369 0.0957244 29.1391 -0.0228804 15
173.332 245.429 0.447875 -2.38022 0.098058 29.688 -0.0228804 15
172.933 245.05 0.447875 -2.3252 0.100536 30.2382 -0.0228804 15
172.556 244.648 0.447875 -2.3252 0.102987 30.7899 -0.0228804 15
