276.231 117.295 0.0129898 -0.0582131 4.66277e-09 0 -0.00130714 0
276.731 117.266 0.909449 -0.0537394 -0.000773825 0.501354 0.714725 1.24783
277.232 117.239 1.20512 -0.0484951 -0.000695815 1.00255 0.542818 1.71914
277.732 117.214 1.39019 -0.0434065 -0.000622688 1.50357 0.419822 2.10427
278.233 117.193 1.51735 -0.0384733 -0.000554309 2.00443 0.323994 2.44788
278.733 117.173 1.60834 -0.0336954 -0.000490535 2.50515 0.246132 2.76788
279.233 117.157 1.67338 -0.0290725 -0.000431223 3.00575 0.181906 3.07267
279.734 117.142 1.71894 -0.0246041 -0.000376223 3.50625 0.128524 3.36751
280.234 117.13 1.74942 -0.0202899 -0.000325387 4.00665 0.0840663 3.65587
280.734 117.12 1.76794 -0.0161294 -0.000278561 4.50696 0.0471403 3.94022
281.234 117.111 1.77686 -0.0121221 -0.000235593 5.00721 0.0166893 4.22235
281.734 117.105 1.77802 -0.00826735 -0.000196328 5.5074 -0.00812392 4.50367
282.234 117.101 1.77281 -0.00456465 -0.000160613 6.00754 -0.0279085 4.7853
282.735 117.099 1.76263 -0.00101332 -0.000128292 6.50764 -0.0433412 5.06816
283.235 117.098 1.74855 0.0023873 -9.92111e-05 7.0077 -0.054956 5.35296
283.735 117.1 1.7315 0.00563791 -7.3217e-05 7.50774 -0.0632095 5.64031
284.235 117.103 1.71232 0.00873922 -5.01571e-05 8.00777 -0.0685179 5.93067
284.735 117.107 1.69174 0.011692 -2.98798e-05 8.50778 -0.0712644 6.22442
285.235 117.113 1.67042 0.014497 -1.22352e-05 9.00778 -0.0718034 6.52185
285.735 117.12 1.64895 0.0171549 2.9251e-06 9.50778 -0.0704617 6.82312
286.235 117.129 1.62786 0.0196666 1.57477e-05 10.0078 -0.0675387 7.12831
286.734 117.138 1.60762 0.0220329 2.63774e-05 10.5078 -0.0633051 7.43741
287.234 117.149 1.58862 0.0242546 3.49567e-05 11.0078 -0.0580008 7.75032
287.734 117.162 1.57122 0.0263325 4.16263e-05 11.5078 -0.0518344 8.06683
288.234 117.175 1.55571 0.0282675 4.65262e-05 12.0078 -0.0449818 8.38668
288.734 117.189 1.54237 0.0300609 4.98008e-05 12.5079 -0.0375831 8.70952
289.234 117.204 1.53142 0.031715 5.16174e-05 13.0079 -0.0297516 9.03495
289.734 117.22 1.52301 0.0332344 5.22046e-05 13.508 -0.0215788 9.36243
290.233 117.236 1.51727 0.0346283 5.19003e-05 14.0081 -0.0131254 9.69145
290.733 117.254 1.51439 0.0359113 5.11514e-05 14.5082 -0.00442986 10.0214
291.233 117.272 1.5144 0.0371024 5.04035e-05 15.0083 0.00447353 10.3517
291.733 117.29 1.51735 0.0382207 4.99209e-05 15.5084 0.0135561 10.6817
292.232 117.309 1.52332 0.0392813 4.96932e-05 16.0085 0.0227872 11.0107
292.732 117.329 1.53233 0.0402929 4.95262e-05 16.5087 0.0321208 11.3381
293.232 117.349 1.54429 0.0412588 4.92224e-05 17.0088 0.041488 11.6633
293.732 117.37 1.55915 0.0421801 4.86854e-05 17.509 0.0507955 11.9857
294.231 117.391 1.57681 0.0430569 4.79077e-05 18.0092 0.059917 12.3047
294.731 117.412 1.5971 0.0438895 4.69167e-05 18.5094 0.0686874 12.62
295.231 117.434 1.61976 0.0446786 4.57403e-05 19.0096 0.0769145 12.931
295.731 117.457 1.6445 0.0454248 4.43996e-05 19.5098 0.0843687 13.2375
296.23 117.479 1.67096 0.0461289 4.29114e-05 20.01 0.0907877 13.5393
296.73 117.502 1.6987 0.0467915 4.12904e-05 20.5103 0.09588 13.8362
297.23 117.526 1.72724 0.0474134 3.95503e-05 21.0105 0.0993288 14.1283
297.729 117.549 1.75603 0.0479953 3.77043e-05 21.5108 0.100796 14.4155
298.229 117.573 1.78445 0.0485379 3.57647e-05 22.011 0.0999203 14.6981
298.729 117.598 1.81178 0.0490418 3.37433e-05 22.5113 0.0962523 14.9763
299.228 117.622 1.83731 0.0495077 3.16514e-05 23.0116 0.0895615 15.2505
299.728 117.647 1.86032 0.0499363 2.94996e-05 23.5119 0.0800677 15.5211
300.228 117.672 1.8802 0.0503283 2.72981e-05 24.0122 0.0680472 15.7885
300.728 117.697 1.89633 0.0506842 2.50563e-05 24.5125 0.0537136 16.0534
301.227 117.723 1.90841 0.0510049 2.27834e-05 25.0128 0.0377417 16.3164
301.727 117.748 1.91614 0.0512907 2.04879e-05 25.5131 0.0215468 16.578
302.227 117.774 1.91977 0.0515425 1.81778e-05 26.0135 0.00670795 16.8388
302.726 117.799 1.91993 0.0517608 1.58608e-05 26.5138 -0.00535304 17.0994
303.226 117.825 1.91742 0.0519462 1.35441e-05 27.0141 -0.0128555 17.3601
303.725 117.851 1.91373 0.0520992 1.12343e-05 27.5145 -0.0144729 17.6213
304.225 117.877 1.91057 0.0522206 8.93795e-06 28.0148 -0.0084425 17.883
304.725 117.903 1.90972 0.0523108 6.66089e-06 28.5151 -0.00585758 18
305.224 117.93 1.90972 0.0523704 4.40873e-06 29.0155 -0.00585758 18
305.724 117.956 1.90972 0.0524015 2.18669e-06 29.5158 -0.00585758 18
306.224 117.982 1.90972 0.0524015 6.976e-07 30.0162 -0.00585758 18
