216.662 115.969 2.97387 0.0212828 -1.10047e-07 0 0.0977119 0
217.162 115.98 2.98217 0.0218753 5.54391e-06 0.500003 0.0283294 0.167828
217.662 115.99 2.98673 0.0225482 6.23991e-06 1.00001 0.0260768 0.335362
218.162 116.002 2.99092 0.023174 6.68118e-06 1.50001 0.0238658 0.502661
218.661 116.013 2.99472 0.0237534 6.90989e-06 2.00002 0.0217023 0.669721
219.161 116.025 2.99817 0.0242874 6.96768e-06 2.50003 0.0195815 0.836586
219.661 116.037 3.00128 0.0247767 6.8923e-06 3.00004 0.017502 1.00328
220.161 116.05 3.00401 0.0252221 6.71521e-06 3.50005 0.0154656 1.16979
220.661 116.062 3.00642 0.0256246 6.46008e-06 4.00007 0.0134648 1.33617
221.161 116.075 3.00852 0.0259848 6.14217e-06 4.50008 0.0114955 1.50243
221.661 116.088 3.01026 0.0263036 5.76826e-06 5.0001 0.0095556 1.66858
222.16 116.101 3.01169 0.0265819 5.33729e-06 5.50012 0.00763644 1.83464
222.66 116.115 3.01281 0.0268205 4.84142e-06 6.00014 0.00573231 2.00064
223.16 116.128 3.0136 0.0270201 4.26771e-06 6.50016 0.00383746 2.16658
223.66 116.142 3.01408 0.0271815 3.60016e-06 7.00018 0.00194362 2.33249
224.16 116.155 3.01426 0.0273054 2.82238e-06 7.50021 4.4313e-05 2.49838
224.66 116.169 3.0141 0.0273927 1.92067e-06 8.00023 -0.00186969 2.66427
225.159 116.182 3.01363 0.027444 8.87428e-07 8.50025 -0.00380441 2.83017
225.659 116.196 3.01285 0.0274601 -2.75075e-07 9.00027 -0.00576686 2.99611
226.159 116.21 3.01172 0.0274417 -1.5511e-06 9.5003 -0.00776804 3.16211
226.659 116.224 3.01026 0.0273895 -2.90811e-06 10.0003 -0.0098109 3.32817
227.159 116.237 3.00847 0.0273043 -4.29427e-06 10.5003 -0.0119022 3.49432
227.659 116.251 3.0063 0.0271868 -5.63719e-06 11.0004 -0.0140525 3.66059
228.158 116.265 3.00379 0.027038 -6.8443e-06 11.5004 -0.0162609 3.82698
228.658 116.278 3.0009 0.0268586 -7.80532e-06 12.0004 -0.0185325 3.99351
229.158 116.291 2.99761 0.0266499 -8.39639e-06 12.5004 -0.0208751 4.16023
229.658 116.305 2.99393 0.0264132 -8.48562e-06 13.0004 -0.0232834 4.32714
230.158 116.318 2.98984 0.026151 -7.94021e-06 13.5004 -0.0257588 4.49425
230.658 116.331 2.98531 0.025867 -6.63813e-06 14.0005 -0.0283043 4.66162
231.157 116.344 2.98035 0.0255668 -4.48956e-06 14.5005 -0.0309096 4.82925
231.657 116.357 2.97495 0.0252566 -1.46616e-06 15.0005 -0.0335704 4.99716
232.157 116.369 2.96906 0.0249427 2.37497e-06 15.5005 -0.0362834 5.16542
232.657 116.382 2.96271 0.0246297 6.88695e-06 16.0005 -0.0390338 5.334
233.157 116.394 2.9559 0.0243204 1.1845e-05 16.5006 -0.0418112 5.50295
233.657 116.406 2.94857 0.0240161 1.69579e-05 17.0006 -0.0446034 5.67234
234.157 116.418 2.94075 0.0237173 2.1871e-05 17.5006 -0.0473924 5.84215
234.657 116.43 2.93246 0.0234243 2.61673e-05 18.0006 -0.0501618 6.01241
235.156 116.442 2.92366 0.0231372 2.93749e-05 18.5007 -0.052889 6.18318
235.656 116.454 2.91436 0.0228561 3.09842e-05 19.0007 -0.0555497 6.35449
236.156 116.465 2.9046 0.0225806 3.04702e-05 19.5007 -0.0581208 6.52634
236.656 116.476 2.89437 0.0223102 2.73189e-05 20.0008 -0.0605746 6.69878
237.156 116.487 2.88368 0.0220442 2.10557e-05 20.5008 -0.0628635 6.87187
237.656 116.498 2.87257 0.0217817 1.12749e-05 21.0008 -0.0649616 7.04561
238.156 116.509 2.86108 0.0215214 -2.32975e-06 21.5008 -0.0668285 7.22001
238.656 116.52 2.84924 0.0212622 -1.99342e-05 22.0008 -0.0684124 7.39511
239.156 116.531 2.83709 0.0210027 -4.15544e-05 22.5008 -0.0696378 7.57099
239.655 116.541 2.82471 0.0207418 -6.70189e-05 23.0008 -0.0704618 7.7476
240.155 116.552 2.81218 0.0204784 -9.5946e-05 23.5007 -0.0708138 7.92497
240.655 116.562 2.79958 0.0202117 -0.000127729 24.0006 -0.0706136 8.10312
241.155 116.572 2.78701 0.0199412 -0.000161532 24.5005 -0.0697272 8.2821
241.655 116.582 2.77462 0.0196671 -0.000196304 25.0004 -0.0680737 8.46187
242.154 116.592 2.76255 0.0193901 -0.000230811 25.5002 -0.0655416 8.64241
242.654 116.601 2.75097 0.0191117 -0.000263689 26 -0.0619996 8.82372
243.154 116.611 2.74008 0.0188339 -0.000293518 26.4998 -0.057303 9.00575
243.654 116.62 2.73016 0.0185597 -0.000318916 26.9996 -0.0512418 9.18848
244.153 116.63 2.72146 0.0182928 -0.000338638 27.4994 -0.0436598 9.37184
244.653 116.639 2.71428 0.018065 -0.000351679 27.9991 -0.0344019 9.55573
245.143 116.648 2.70902 0.0178456 -0.000357357 28.4893 -0.023516 9.73652
245.627 116.656 2.70586 0.0176302 -0.000355372 28.9732 -0.0114909 9.91526
246.111 116.665 2.70499 0.0174384 -0.000345838 29.4574 -0.00832203 10
246.595 116.673 2.70499 0.0174384 -0.000329282 29.9421 -0.00832203 10
