169.929 237.337 1.3283 -1.60835 0.0319612 0 -0.0364982 1.15422e-06
169.909 236.822 1.31565 -1.59057 0.0319843 0.515218 -0.0162072 0.390005
169.902 236.435 1.31496 -1.57689 0.0315118 0.902514 0.0112355 0.684613
169.898 235.871 1.32781 -1.55843 0.0295329 1.46657 0.0483249 1.11191
169.905 235.328 1.35365 -1.54225 0.0262278 2.00939 0.0780831 1.51708
169.92 234.803 1.3878 -1.52878 0.0217731 2.53512 0.0986605 1.90086
169.942 234.29 1.42602 -1.51824 0.0166323 3.04807 0.109448 2.26546
169.968 233.787 1.46484 -1.5104 0.011707 3.55202 0.112001 2.61417
169.998 233.291 1.50176 -1.50503 0.00711975 4.04874 0.107536 2.94897
170.03 232.801 1.53508 -1.50185 0.00302352 4.53964 0.0976315 3.27223
170.064 232.316 1.56368 -1.50054 -0.000434419 5.02619 0.0836998 3.58622
170.098 231.834 1.58694 -1.50074 -0.0031631 5.50985 0.0671356 3.89318
170.131 231.353 1.60461 -1.50209 -0.00513387 5.99196 0.0492365 4.19522
170.165 230.872 1.61679 -1.5111 -0.00637637 6.47371 0.0311959 4.49423
170.201 230.268 1.62453 -1.50866 -0.00704729 7.07836 0.00982358 4.86716
170.232 229.772 1.6253 -1.51146 -0.00686703 7.57575 -0.00563409 5.17319
170.261 229.275 1.62169 -1.51415 -0.00632757 8.07336 -0.0185708 5.47964
170.289 228.778 1.61444 -1.51662 -0.00554826 8.57132 -0.028749 5.78733
170.316 228.281 1.60439 -1.51878 -0.00463507 9.06967 -0.0361128 6.09694
170.342 227.782 1.59238 -1.52059 -0.00367611 9.56843 -0.0407397 6.40896
170.367 227.284 1.57919 -1.52207 -0.00274023 10.0676 -0.0428666 6.72372
170.392 226.785 1.56556 -1.52324 -0.00187782 10.5671 -0.0428211 7.04139
170.415 226.286 1.5521 -1.52417 -0.00112264 11.0669 -0.0409827 7.36202
170.439 225.786 1.53935 -1.52491 -0.00049423 11.5669 -0.0377613 7.68552
170.462 225.287 1.52771 -1.52552 -3.49001e-07 12.0671 -0.0335709 8.01172
170.484 224.787 1.51746 -1.52609 0.000360755 12.5674 -0.0288226 8.34037
170.507 224.287 1.50875 -1.52666 0.000598234 13.0679 -0.0238918 8.67112
170.529 223.787 1.5016 -1.52728 0.000726745 13.5683 -0.019097 9.00362
170.55 223.287 1.49599 -1.52799 0.000764665 14.0688 -0.0147101 9.33756
170.572 222.787 1.49171 -1.52879 0.000732293 14.5692 -0.0109147 9.67258
170.593 222.287 1.48858 -1.5297 0.00065006 15.0696 -0.00784519 10.0084
170.613 221.787 1.48634 -1.53068 0.00053694 15.5699 -0.00558527 10.3448
170.633 221.287 1.48472 -1.53172 0.000409389 16.0702 -0.00413193 10.6816
170.653 220.787 1.48346 -1.53281 0.000280871 16.5705 -0.00347204 11.0186
170.672 220.288 1.48229 -1.53391 0.000161718 17.0707 -0.0035447 11.3559
170.69 219.788 1.48098 -1.53503 5.91443e-05 17.5708 -0.00425485 11.6935
170.708 219.288 1.47934 -1.53615 -2.26492e-05 18.0709 -0.00551604 12.0314
170.726 218.788 1.47719 -1.53726 -8.217e-05 18.571 -0.00720429 12.3696
170.742 218.288 1.47441 -1.53835 -0.000120153 19.071 -0.00920411 12.7084
170.759 217.789 1.47091 -1.5394 -0.00013897 19.5711 -0.0113973 13.048
170.774 217.289 1.46664 -1.54042 -0.000142025 20.0711 -0.0136561 13.3884
170.789 216.789 1.46159 -1.54138 -0.0001332 20.5711 -0.0158525 13.7299
170.804 216.289 1.45581 -1.5423 -0.000116397 21.0711 -0.0178508 14.0727
170.818 215.789 1.44936 -1.54316 -9.51844e-05 21.5711 -0.019503 14.4169
170.832 215.29 1.4424 -1.54396 -7.25744e-05 22.0712 -0.0206385 14.7627
170.846 214.79 1.43513 -1.5447 -5.0894e-05 22.5712 -0.021078 15.1102
170.859 214.29 1.42783 -1.54539 -3.17575e-05 23.0712 -0.0205848 15.4595
170.871 213.79 1.42085 -1.54603 -1.61083e-05 23.5712 -0.0189322 15.8106
170.884 213.29 1.41468 -1.54661 -4.31143e-06 24.0712 -0.0158415 16.1633
170.896 212.79 1.40976 -1.54714 3.72498e-06 24.5712 -0.0118915 16.5174
170.908 212.29 1.40617 -1.54763 8.41691e-06 25.0713 -0.00853152 16.8726
170.919 211.791 1.40344 -1.54806 1.03767e-05 25.5713 -0.00719311 17.2285
170.931 211.291 1.40075 -1.54844 1.03001e-05 26.0713 -0.00826634 17.5851
170.942 210.791 1.39727 -1.54878 8.87637e-06 26.5713 -0.0114472 17.9425
170.953 210.291 1.39237 -1.54907 6.72243e-06 27.0713 -0.0161599 18.3009
170.964 209.791 1.38569 -1.54932 4.343e-06 27.5713 -0.0206284 18.6609
170.974 209.291 1.37778 -1.54951 2.11264e-06 28.0713 -0.0225034 19.0227
170.985 208.791 1.36995 -1.54966 2.76206e-07 28.5713 -0.0196941 19.3867
170.996 208.291 1.36414 -1.54976 -1.03759e-06 29.0713 -0.0112627 19.7525
171.006 207.791 1.36227 -1.54981 -1.79423e-06 29.5713 -0.00436067 20
171.017 207.292 1.36227 -1.54981 -2.17274e-06 30.0713 -0.00436067 20
