169.94 234.038 1.74749 -1.52822 0.0139291 0 0.390252 0
169.962 233.538 1.91898 -1.52563 0.0091146 0.500275 0.731858 0.273803
169.984 233.045 2.08572 -1.52563 0.00474674 0.993951 0.620162 0.520131
170.006 232.556 2.21378 -1.52748 0.000966629 1.48246 0.50963 0.747029
170.027 232.072 2.31124 -1.53081 -0.00210632 1.96724 0.399927 0.961118
170.046 231.59 2.38229 -1.53521 -0.00441537 2.44967 0.291109 1.16654
170.063 231.109 2.42975 -1.54032 -0.0059664 2.93104 0.183785 1.36646
170.078 230.628 2.45559 -1.54579 -0.00681885 3.41245 0.079323 1.5634
170.09 230.146 2.48127 -1.55135 -0.00707102 3.89481 0.242983 1.75902
170.099 229.662 2.56172 -1.55463 -0.00684323 4.37882 0.560576 1.95135
170.109 229.05 2.69045 -1.5623 -0.00588191 4.99033 0.511392 2.18424
170.114 228.553 2.77625 -1.56688 -0.00499263 5.48774 0.435161 2.36606
170.115 228.055 2.84711 -1.57094 -0.00402303 5.9856 0.366541 2.54305
170.115 227.557 2.9054 -1.57446 -0.00305105 6.48393 0.304561 2.71632
170.114 227.058 2.95248 -1.57748 -0.00213529 6.98272 0.248639 2.88658
170.11 226.559 2.98975 -1.58003 -0.00131649 7.48195 0.198053 3.05452
170.106 226.059 3.01892 -1.58217 -0.000619959 7.98156 0.151823 3.22081
170.1 225.559 3.04051 -1.58398 -5.80207e-05 8.48151 0.109603 3.3858
170.093 225.059 3.05515 -1.5855 0.000367502 8.98173 0.0709511 3.54987
170.086 224.559 3.06395 -1.58682 0.000663032 9.48216 0.03519 3.71342
170.078 224.058 3.06692 -1.58799 0.000841173 9.98274 0.0022343 3.87669
170.069 223.558 3.06472 -1.58907 0.000918809 10.4834 -0.0283037 4.03998
170.06 223.057 3.05793 -1.59008 0.000915342 10.9841 -0.0567271 4.20351
170.051 222.556 3.0463 -1.59107 0.000851088 11.4849 -0.0829182 4.36757
170.04 222.056 3.03062 -1.59206 0.000745834 11.9856 -0.107186 4.53235
170.03 221.555 3.01113 -1.59305 0.000617595 12.4863 -0.129563 4.69804
170.019 221.055 2.98766 -1.59405 0.000481577 12.9869 -0.149827 4.86498
170.007 220.554 2.96089 -1.59503 0.000349381 13.4875 -0.168154 5.03328
169.995 220.054 2.93101 -1.59598 0.000228741 13.9881 -0.184495 5.20312
169.982 219.553 2.89801 -1.59683 0.000124181 14.4886 -0.198741 5.37488
169.969 219.053 2.86236 -1.59756 3.85357e-05 14.989 -0.211139 5.54866
169.956 218.553 2.82427 -1.59814 -2.58835e-05 15.4895 -0.221768 5.72463
169.942 218.053 2.78393 -1.5986 -6.77322e-05 15.9899 -0.230671 5.90302
169.928 217.552 2.74145 -1.59896 -8.80427e-05 16.4903 -0.237809 6.0842
169.914 217.052 2.69715 -1.59927 -9.06229e-05 16.9908 -0.243296 6.26826
169.9 216.552 2.65123 -1.59955 -8.0801e-05 17.4912 -0.247164 6.4554
169.886 216.052 2.60392 -1.59981 -6.37605e-05 17.9916 -0.249416 6.64586
169.871 215.551 2.55546 -1.60006 -4.3639e-05 18.4921 -0.250035 6.83986
169.856 215.051 2.50609 -1.6003 -2.34184e-05 18.9926 -0.248978 7.03762
169.842 214.551 2.45613 -1.60053 -5.10906e-06 19.4931 -0.246171 7.23935
169.827 214.051 2.4059 -1.60075 1.00657e-05 19.9936 -0.241499 7.44525
169.812 213.55 2.3558 -1.60096 2.15268e-05 20.4942 -0.234802 7.65549
169.797 213.05 2.3063 -1.60116 2.92072e-05 20.9947 -0.225863 7.87022
169.781 212.55 2.25796 -1.60136 3.34153e-05 21.4953 -0.21442 8.08952
169.766 212.049 2.21147 -1.60154 3.47024e-05 21.9958 -0.200454 8.31355
169.751 211.549 2.16747 -1.60173 3.3741e-05 22.4964 -0.184492 8.54226
169.735 211.049 2.12644 -1.6019 3.12253e-05 22.997 -0.167158 8.77543
169.72 210.548 2.08886 -1.60207 2.77954e-05 23.4975 -0.149041 9.01295
169.704 210.048 2.0551 -1.60224 2.3988e-05 23.9981 -0.1308 9.25463
169.688 209.548 2.02511 -1.60239 2.02114e-05 24.4987 -0.113096 9.49997
169.673 209.047 1.99912 -1.60254 1.67397e-05 24.9993 -0.096709 9.74886
169.657 208.547 1.97656 -1.60268 1.37233e-05 25.4999 -0.0822269 10.0007
169.641 208.047 1.95725 -1.60281 1.12086e-05 26.0005 -0.0702964 10.2553
169.625 207.546 1.94048 -1.60292 9.16401e-06 26.501 -0.060328 10.5121
169.609 207.046 1.92601 -1.60302 7.50559e-06 27.0016 -0.0516705 10.7711
169.592 206.546 1.91361 -1.60311 6.12222e-06 27.5022 -0.0434746 11.0319
169.576 206.045 1.90329 -1.60318 4.89562e-06 28.0028 -0.0349053 11.2942
169.56 205.545 1.89539 -1.60324 3.71569e-06 28.5034 -0.0249985 11.5578
169.544 205.045 1.89032 -1.60327 2.49036e-06 29.004 -0.0128781 11.8223
169.528 204.544 1.88868 -1.60329 1.15058e-06 29.5046 -0.00609233 12
169.511 204.044 1.88868 -1.60329 2.69877e-07 30.0052 -0.00609233 12
