330.271 250.83 3.01525 -3.12903 -2.28116e-14 0 -0.00216366 0
329.771 250.824 3.01533 -3.12901 -1.39557e-09 0.5 0.00130038 0.165822
329.271 250.818 3.01555 -3.12899 -1.37209e-10 1 0.00101802 0.331635
328.771 250.811 3.01572 -3.12898 2.36457e-10 1.5 0.000725412 0.497437
328.271 250.805 3.01584 -3.12897 1.5139e-10 2 0.000414776 0.66323
327.771 250.799 3.0159 -3.12898 -7.32078e-11 2.5 8.18176e-05 0.829019
327.271 250.793 3.01591 -3.12898 -2.13637e-10 3 -0.000279559 0.994805
326.771 250.786 3.01585 -3.12899 -1.30654e-10 3.5 -0.000679025 1.16059
326.271 250.78 3.01573 -3.12901 2.42016e-10 4 -0.00111908 1.32639
325.771 250.774 3.01552 -3.12903 9.08801e-10 4.5 -0.00160677 1.49219
325.271 250.767 3.01523 -3.12905 1.82351e-09 5 -0.00215249 1.658
324.771 250.761 3.01484 -3.12907 2.90085e-09 5.5 -0.00275713 1.82384
324.271 250.755 3.01435 -3.12909 4.02703e-09 6 -0.00342888 1.9897
323.771 250.749 3.01373 -3.12911 5.07179e-09 6.5 -0.00417792 2.15559
323.271 250.742 3.01299 -3.12914 5.89908e-09 7 -0.00500371 2.32151
322.771 250.736 3.0121 -3.12916 6.37855e-09 7.5 -0.00591553 2.48748
322.271 250.73 3.01105 -3.12918 6.39673e-09 8 -0.00692249 2.65351
321.771 250.724 3.00983 -3.12919 5.86821e-09 8.5 -0.00802263 2.81959
321.271 250.717 3.00841 -3.1292 4.74707e-09 9 -0.00922603 2.98575
320.771 250.711 3.00677 -3.12921 3.03797e-09 9.5 -0.0105399 3.152
320.271 250.705 3.00492 -3.12921 8.07451e-10 10 -0.0119608 3.31834
319.771 250.699 3.00282 -3.12921 -1.80476e-09 10.5 -0.0134988 3.48479
319.272 250.693 3.00043 -3.1292 -4.57443e-09 11 -0.0151586 3.65137
318.772 250.686 2.99778 -3.12918 -7.18139e-09 11.5 -0.0169349 3.81808
318.272 250.68 2.9948 -3.12915 -9.19685e-09 12 -0.0188361 3.98495
317.772 250.674 2.99149 -3.12911 -1.00702e-08 12.5 -0.0208646 4.152
317.272 250.668 2.98784 -3.12907 -9.12361e-09 13 -0.0230122 4.31924
316.772 250.662 2.98381 -3.12901 -5.6036e-09 13.5 -0.0252837 4.48669
316.272 250.655 2.97936 -3.12895 1.09723e-09 14 -0.0276788 4.65439
315.772 250.649 2.97452 -3.12888 1.09519e-08 14.5 -0.0301853 4.82234
315.272 250.643 2.96923 -3.1288 2.27472e-08 15 -0.0328019 4.99058
314.772 250.636 2.96347 -3.12873 3.40792e-08 15.5 -0.035525 5.15914
314.272 250.63 2.95724 -3.12866 4.22974e-08 16 -0.038337 5.32803
313.772 250.623 2.95053 -3.1286 4.579e-08 16.5 -0.041228 5.49729
313.272 250.617 2.94327 -3.12855 4.45056e-08 17 -0.0441885 5.66697
312.772 250.61 2.9355 -3.1285 3.94607e-08 17.5 -0.0471941 5.83707
312.272 250.604 2.92721 -3.12847 3.195e-08 18 -0.0502261 6.00762
311.772 250.597 2.91836 -3.12845 2.30912e-08 18.5 -0.0532602 6.1787
311.272 250.591 2.90896 -3.12844 1.37369e-08 19 -0.0562661 6.35031
310.772 250.584 2.89902 -3.12843 4.52767e-09 19.5 -0.0592131 6.52248
310.272 250.577 2.88856 -3.12844 -4.05261e-09 20 -0.062064 6.69524
309.772 250.571 2.87755 -3.12845 -1.16472e-08 20.5 -0.0647653 6.86869
309.272 250.564 2.86605 -3.12846 -1.80097e-08 21 -0.0672774 7.04279
308.772 250.558 2.8541 -3.12849 -2.29922e-08 21.5 -0.0695476 7.2176
308.272 250.551 2.84172 -3.12851 -2.65336e-08 22 -0.0715084 7.39316
307.772 250.545 2.82896 -3.12854 -2.86485e-08 22.5 -0.0730723 7.56952
307.273 250.538 2.81591 -3.12858 -2.94156e-08 23 -0.0741811 7.74667
306.773 250.532 2.80265 -3.12861 -2.8967e-08 23.5 -0.0747502 7.92465
306.273 250.525 2.78929 -3.12865 -2.74766e-08 24 -0.0746861 8.10346
305.773 250.519 2.77594 -3.12869 -2.51493e-08 24.5 -0.0738395 8.28316
305.273 250.512 2.76275 -3.12873 -2.22092e-08 25 -0.0721204 8.46372
304.773 250.506 2.74991 -3.12877 -1.88887e-08 25.5 -0.0694118 8.64512
304.273 250.499 2.73759 -3.1288 -1.54178e-08 26 -0.065578 8.82735
303.773 250.493 2.72603 -3.12884 -1.20119e-08 26.5 -0.0604733 9.01038
303.273 250.487 2.71549 -3.12887 -8.86154e-09 27 -0.0539143 9.19415
302.773 250.48 2.70631 -3.1289 -6.12073e-09 27.5 -0.0457077 9.37861
302.273 250.474 2.69878 -3.12892 -3.89591e-09 28 -0.0357271 9.56364
301.773 250.468 2.69324 -3.12894 -2.23474e-09 28.5 -0.023798 9.74911
301.273 250.461 2.69002 -3.12896 -1.11493e-09 29 -0.0112611 9.93488
300.773 250.455 2.68932 -3.12897 -4.33058e-10 29.5 -0.00870626 10
300.273 250.449 2.68932 -3.12897 -1.1984e-10 30 -0.00870626 10
