407.263 251.924 3.01557 -3.10884 2.39696e-13 0 -0.00211659 0
406.763 251.908 3.01566 -3.10971 -4.17564e-05 0.500102 0.00139569 0.165838
406.263 251.892 3.01589 -3.11075 -3.87064e-05 1.00019 0.00106325 0.331663
405.763 251.876 3.01607 -3.11175 -3.5769e-05 1.50028 0.000722955 0.497473
405.264 251.861 3.01618 -3.11274 -3.29477e-05 2.00035 0.000371888 0.663272
404.764 251.847 3.01624 -3.1137 -3.02454e-05 2.50042 4.51631e-06 0.829064
404.264 251.833 3.01623 -3.11463 -2.76647e-05 3.00048 -0.000385532 0.994851
403.764 251.819 3.01616 -3.11554 -2.52076e-05 3.50053 -0.000807941 1.16064
403.264 251.806 3.01601 -3.11642 -2.28757e-05 4.00057 -0.00126621 1.32643
402.764 251.794 3.01578 -3.11727 -2.06702e-05 4.50061 -0.00176764 1.49223
402.264 251.782 3.01546 -3.11809 -1.85918e-05 5.00065 -0.00232282 1.65805
401.764 251.77 3.01504 -3.11888 -1.66406e-05 5.50068 -0.0029334 1.82388
401.265 251.759 3.01452 -3.11964 -1.48164e-05 6.0007 -0.0036078 1.98973
400.765 251.748 3.01387 -3.12037 -1.31184e-05 6.50072 -0.00435651 2.15562
400.265 251.737 3.0131 -3.12107 -1.15454e-05 7.00074 -0.00517955 2.32155
399.765 251.727 3.01219 -3.12173 -1.00956e-05 7.50076 -0.00608643 2.48752
399.265 251.717 3.0111 -3.12237 -8.76668e-06 8.00077 -0.00708656 2.65354
398.765 251.707 3.00985 -3.12296 -7.55588e-06 8.50078 -0.00817843 2.81963
398.265 251.698 3.00841 -3.12353 -6.45986e-06 9.00079 -0.00937229 2.98579
397.765 251.689 3.00675 -3.12405 -5.47478e-06 9.5008 -0.0106757 3.15204
397.265 251.68 3.00488 -3.12454 -4.59622e-06 10.0008 -0.0120855 3.31839
396.765 251.672 3.00275 -3.125 -3.81922e-06 10.5008 -0.0136118 3.48484
396.265 251.663 3.00036 -3.12541 -3.13827e-06 11.0008 -0.0152597 3.65142
395.765 251.655 2.99768 -3.12579 -2.54729e-06 11.5008 -0.0170242 3.81814
395.266 251.647 2.99469 -3.12612 -2.03964e-06 12.0008 -0.0189137 3.98502
394.766 251.64 2.99137 -3.12642 -1.60827e-06 12.5008 -0.0209308 4.15207
394.266 251.632 2.98771 -3.12667 -1.24608e-06 13.0008 -0.0230674 4.31932
393.766 251.624 2.98367 -3.12689 -9.46605e-07 13.5008 -0.0253284 4.48678
393.266 251.617 2.97922 -3.12706 -7.05014e-07 14.0008 -0.0277137 4.65449
392.766 251.61 2.97437 -3.12721 -5.18352e-07 14.5008 -0.0302112 4.82245
392.266 251.603 2.96908 -3.12732 -3.84288e-07 15.0008 -0.0328194 4.99069
391.766 251.596 2.96331 -3.12741 -2.98388e-07 15.5008 -0.0355352 5.15927
391.266 251.588 2.95708 -3.12749 -2.51858e-07 16.0008 -0.0383408 5.32817
390.766 251.581 2.95037 -3.12758 -2.32074e-07 16.5008 -0.0412262 5.49743
390.266 251.574 2.94311 -3.12766 -2.26041e-07 17.0008 -0.044182 5.66712
389.766 251.567 2.93534 -3.12774 -2.23978e-07 17.5008 -0.0471839 5.83724
389.266 251.56 2.92706 -3.12784 -2.20489e-07 18.0008 -0.0502128 6.0078
388.766 251.554 2.9182 -3.12793 -2.13482e-07 18.5008 -0.0532446 6.17888
388.266 251.547 2.9088 -3.12803 -2.0258e-07 19.0008 -0.0562487 6.3505
387.766 251.54 2.89887 -3.12814 -1.88067e-07 19.5008 -0.0591945 6.52268
387.266 251.533 2.88841 -3.12824 -1.70444e-07 20.0008 -0.0620448 6.69545
386.766 251.527 2.8774 -3.12835 -1.50288e-07 20.5008 -0.0647458 6.86891
386.266 251.52 2.86591 -3.12846 -1.28212e-07 21.0008 -0.0672578 7.04302
385.766 251.513 2.85396 -3.12857 -1.0485e-07 21.5008 -0.0695282 7.21784
385.266 251.507 2.84158 -3.12867 -8.08467e-08 22.0008 -0.0714896 7.3934
384.767 251.5 2.82883 -3.12878 -5.68425e-08 22.5008 -0.073054 7.56977
384.267 251.494 2.81578 -3.12889 -3.34665e-08 23.0008 -0.0741633 7.74694
383.767 251.488 2.80253 -3.12899 -1.1324e-08 23.5008 -0.0747329 7.92492
383.267 251.481 2.78916 -3.12909 9.01469e-09 24.0008 -0.0746692 8.10373
382.767 251.475 2.77581 -3.12918 2.70244e-08 24.5008 -0.0738235 8.28344
382.267 251.469 2.76263 -3.12927 4.22368e-08 25.0008 -0.0721045 8.46401
381.767 251.463 2.74979 -3.12936 5.42508e-08 25.5008 -0.0693957 8.64543
381.267 251.457 2.73747 -3.12943 6.27438e-08 26.0008 -0.0655614 8.82766
380.767 251.451 2.72591 -3.1295 6.74827e-08 26.5008 -0.0604556 9.01069
380.267 251.445 2.71538 -3.12957 6.83347e-08 27.0008 -0.0538966 9.19448
379.767 251.438 2.7062 -3.12962 6.52784e-08 27.5008 -0.045688 9.37894
379.267 251.433 2.69867 -3.12967 5.84148e-08 28.0008 -0.0357049 9.56398
378.767 251.427 2.69314 -3.1297 4.79786e-08 28.5008 -0.0237724 9.74946
378.267 251.421 2.68992 -3.12972 3.43485e-08 29.0008 -0.0112467 9.93524
377.767 251.415 2.68923 -3.12974 1.80595e-08 29.5008 -0.00870593 10
377.267 251.409 2.68923 -3.12974 5.95262e-09 30.0008 -0.00870593 10
