170.004 232.556 2.03503 -1.53265 0.0009398 0 -0.209917 0
170.022 232.072 1.97924 -1.5397 -0.00204731 0.484852 -0.228706 0.241674
170.037 231.59 1.92499 -1.54879 -0.00428794 0.967345 -0.210771 0.488804
170.048 231.108 1.87335 -1.55824 -0.00577074 1.44877 -0.197257 0.742411
170.054 230.627 1.82344 -1.56768 -0.00655822 1.93024 -0.185982 1.00282
170.055 230.144 1.77504 -1.57682 -0.00675199 2.41269 -0.175169 1.27108
170.052 229.66 1.72816 -1.58543 -0.00647532 2.89682 -0.163986 1.54754
170.045 229.174 1.68307 -1.59335 -0.0058571 3.38313 -0.152129 1.83269
170.034 228.685 1.64017 -1.60046 -0.00501936 3.87191 -0.139416 2.1269
170.02 228.194 1.59993 -1.60673 -0.00406898 4.36326 -0.12583 2.43026
170.002 227.701 1.56286 -1.61214 -0.00309363 4.85713 -0.111498 2.74264
169.981 227.205 1.52945 -1.60458 -0.00216074 5.35334 -0.0966661 3.06365
169.96 226.582 1.49347 -1.62067 -0.000932005 5.97629 -0.0778443 3.47597
169.935 226.083 1.46972 -1.64593 -0.000276052 6.47669 -0.0627592 3.8138
169.907 225.707 1.45499 -1.62613 -1.67521e-05 6.85327 -0.0518759 4.07136
169.879 225.205 1.43932 -1.62803 0.000421067 7.35573 -0.0385275 4.41865
169.85 224.703 1.42796 -1.62942 0.000719606 7.8589 -0.0264653 4.76972
169.821 224.2 1.42053 -1.63036 0.000890448 8.36248 -0.0157787 5.12337
169.791 223.697 1.4166 -1.63091 0.000950285 8.8662 -0.00656618 5.47853
169.761 223.195 1.41569 -1.63109 0.000919029 9.36987 0.00117963 5.83426
169.73 222.692 1.41727 -1.63094 0.000818075 9.87334 0.00755928 6.18974
169.7 222.19 1.4209 -1.63047 0.000668748 10.3765 0.0127065 6.54434
169.67 221.688 1.42613 -1.6297 0.000490987 10.8793 0.0168585 6.89758
169.641 221.186 1.43268 -1.62862 0.000302315 11.3817 0.02023 7.24907
169.612 220.685 1.44025 -1.62723 0.000117179 11.8837 0.0231038 7.5986
169.583 220.184 1.44874 -1.62553 -5.33076e-05 12.3854 0.0257282 7.9459
169.556 219.684 1.45806 -1.62351 -0.000201135 12.8868 0.0283592 8.2909
169.529 219.183 1.46826 -1.62118 -0.000320746 13.3879 0.0312283 8.6334
169.504 218.683 1.47942 -1.61857 -0.000408348 13.8888 0.0345309 8.97329
169.48 218.183 1.4917 -1.61572 -0.000461912 14.3896 0.038433 9.31041
169.458 217.683 1.5053 -1.61271 -0.000482152 14.8902 0.0430675 9.64451
169.437 217.183 1.52043 -1.60964 -0.000473509 15.3908 0.0484896 9.97542
169.417 216.683 1.53729 -1.60658 -0.00044361 15.8913 0.0547121 10.3028
169.399 216.182 1.55612 -1.60358 -0.000401083 16.3917 0.0616918 10.6264
169.383 215.682 1.57703 -1.60068 -0.000353278 16.8921 0.0692909 10.9459
169.368 215.182 1.60012 -1.59789 -0.000305283 17.3926 0.0773318 11.2609
169.355 214.682 1.62539 -1.59521 -0.000260156 17.893 0.085585 11.5713
169.342 214.182 1.65277 -1.59265 -0.000219575 18.3934 0.0937758 11.8766
169.331 213.681 1.68209 -1.5902 -0.000184327 18.8937 0.101591 12.1767
169.322 213.181 1.7131 -1.58788 -0.000154597 19.3941 0.108685 12.4715
169.313 212.681 1.74545 -1.58567 -0.000130136 19.8944 0.11469 12.7608
169.306 212.181 1.77869 -1.58358 -0.000110407 20.3947 0.119223 13.0448
169.299 211.68 1.81232 -1.58161 -9.47003e-05 20.8949 0.121891 13.3234
169.294 211.18 1.84576 -1.57975 -8.22425e-05 21.3952 0.12229 13.5969
169.289 210.68 1.87833 -1.57802 -7.22792e-05 21.8953 0.119906 13.8655
169.286 210.18 1.90934 -1.5764 -6.41342e-05 22.3955 0.114428 14.1296
169.283 209.68 1.93804 -1.5749 -5.72459e-05 22.8956 0.105749 14.3896
169.281 209.18 1.96366 -1.57351 -5.11821e-05 23.3958 0.0939827 14.6459
169.28 208.68 1.98574 -1.57224 -4.56385e-05 23.8959 0.0794179 14.8991
169.279 208.179 2.00342 -1.57108 -4.04248e-05 24.3959 0.0620249 15.1498
169.279 207.679 2.0166 -1.57004 -3.54431e-05 24.896 0.0430728 15.3985
169.279 207.179 2.02483 -1.5691 -3.06629e-05 25.3961 0.0243277 15.6459
169.28 206.679 2.02877 -1.56827 -2.6097e-05 25.8961 0.00749312 15.8926
169.281 206.179 2.02889 -1.56755 -2.17789e-05 26.3961 -0.00552914 16.139
169.283 205.679 2.02646 -1.56693 -1.77457e-05 26.8962 -0.0135218 16.3856
169.285 205.179 2.02281 -1.56642 -1.40252e-05 27.3962 -0.0150348 16.6326
169.287 204.679 2.01968 -1.56602 -1.06279e-05 27.8963 -0.0090272 16.88
169.289 204.179 2.01876 -1.56571 -7.54427e-06 28.3963 -0.00619098 17
169.292 203.679 2.01876 -1.56551 -4.74436e-06 28.8963 -0.00619098 17
169.295 203.179 2.01876 -1.56541 -2.18069e-06 29.3964 -0.00619098 17
169.297 202.679 2.01876 -1.56541 -5.01644e-07 29.8964 -0.00619098 17
