276.265 117.327 0.0109817 -0.0584527 4.62658e-09 0 0.00143054 0
276.765 117.298 0.90996 -0.0538698 -0.000795944 0.501363 0.714769 1.24889
277.266 117.271 1.20557 -0.0485277 -0.000709583 1.00256 0.543148 1.71999
277.766 117.246 1.39074 -0.0433831 -0.000629515 1.50358 0.420392 2.10497
278.267 117.225 1.51809 -0.0384359 -0.000555521 2.00445 0.32479 2.44844
278.767 117.205 1.60933 -0.0336859 -0.00048738 2.50517 0.247157 2.76826
279.267 117.188 1.67467 -0.029133 -0.000424862 3.00577 0.18316 3.07284
279.768 117.174 1.7206 -0.0247767 -0.000367737 3.50626 0.130003 3.36743
280.268 117.161 1.7515 -0.0206168 -0.000315768 4.00667 0.0857626 3.65549
280.768 117.151 1.77051 -0.0166528 -0.000268718 4.50699 0.0490423 3.93946
281.268 117.143 1.77998 -0.0128842 -0.000226348 5.00724 0.01878 4.22115
281.768 117.136 1.78175 -0.00931049 -0.000188416 5.50744 -0.00586735 4.50193
282.268 117.132 1.7772 -0.00593103 -0.000154684 6.00759 -0.0255034 4.78293
282.769 117.129 1.76774 -0.00274523 -0.000124911 6.50771 -0.0408371 5.06504
283.269 117.127 1.75442 0.000247592 -9.88565e-05 7.00779 -0.0524012 5.34896
283.769 117.127 1.73817 0.00304811 -7.6283e-05 7.50785 -0.0606637 5.63528
284.269 117.129 1.7198 0.00565705 -5.69534e-05 8.00788 -0.0660542 5.92446
284.769 117.132 1.70001 0.00807515 -4.06328e-05 8.50791 -0.0689714 6.21687
285.269 117.136 1.67944 0.0103032 -2.70881e-05 9.00792 -0.0697879 6.51277
285.769 117.141 1.65863 0.0123419 -1.60887e-05 9.50793 -0.0688514 6.81235
286.269 117.147 1.63808 0.0141921 -7.40659e-06 10.0079 -0.0664847 7.1157
286.769 117.154 1.61818 0.0158545 -8.16282e-07 10.5079 -0.0629846 7.42283
287.269 117.162 1.59927 0.01733 3.90484e-06 11.0079 -0.0586197 7.73367
287.769 117.171 1.58161 0.0186194 6.97661e-06 11.5079 -0.053629 8.04808
288.268 117.18 1.56542 0.0197236 8.61639e-06 12.0079 -0.0482201 8.36586
288.768 117.19 1.55084 0.0206439 9.04119e-06 12.5079 -0.0425685 8.68678
289.268 117.2 1.53799 0.0213825 8.47485e-06 13.0079 -0.0368174 9.01056
289.768 117.211 1.52692 0.0219445 7.16423e-06 13.508 -0.0310818 9.33689
290.268 117.222 1.51764 0.0223407 5.39934e-06 14.008 -0.0254436 9.66538
290.768 117.233 1.51013 0.0225896 3.51147e-06 14.508 -0.0199568 9.99569
291.268 117.244 1.50441 0.0227185 1.81856e-06 15.008 -0.0146563 10.3275
291.768 117.256 1.50039 0.0227595 5.31951e-07 15.508 -0.00954857 10.6603
292.268 117.267 1.49802 0.0227432 -3.02884e-07 16.008 -0.00462762 10.9939
292.767 117.279 1.49728 0.0226933 -7.76384e-07 16.508 0.000117647 11.3277
293.267 117.29 1.49809 0.0226248 -1.02598e-06 17.008 0.00471093 11.6616
293.767 117.301 1.5004 0.0225456 -1.16257e-06 17.5081 0.00917274 11.9952
294.267 117.313 1.50418 0.0224592 -1.24835e-06 18.0081 0.0135151 12.328
294.767 117.324 1.50938 0.0223673 -1.3094e-06 18.5081 0.0177463 12.6599
295.267 117.335 1.51592 0.022271 -1.35431e-06 19.0081 0.021859 12.9905
295.767 117.346 1.52377 0.022171 -1.38557e-06 19.5081 0.0258256 13.3195
296.267 117.357 1.53285 0.0220682 -1.40413e-06 20.0081 0.0296019 13.6467
296.767 117.368 1.54305 0.0219633 -1.41062e-06 20.5081 0.0331218 13.9718
297.266 117.379 1.55426 0.0218571 -1.40571e-06 21.0081 0.0362941 14.2947
297.766 117.39 1.56634 0.0217504 -1.39004e-06 21.5082 0.038993 14.6152
298.266 117.401 1.57908 0.0216439 -1.3643e-06 22.0082 0.0410767 14.9331
298.766 117.412 1.59226 0.0215384 -1.32915e-06 22.5082 0.0423773 15.2484
299.266 117.423 1.60559 0.0214346 -1.28527e-06 23.0082 0.0426976 15.5612
299.766 117.433 1.61873 0.0213334 -1.23328e-06 23.5082 0.0418144 15.8713
300.266 117.444 1.63127 0.0212354 -1.1738e-06 24.0082 0.0394783 16.179
300.766 117.455 1.64275 0.0211415 -1.10737e-06 24.5082 0.0354138 16.4844
301.266 117.465 1.65263 0.0210524 -1.03452e-06 25.0082 0.0293188 16.7879
301.766 117.476 1.66026 0.0209688 -9.55654e-07 25.5082 0.020875 17.0897
302.265 117.486 1.66501 0.0208915 -8.71142e-07 26.0082 0.0105207 17.3904
302.765 117.497 1.66657 0.0208214 -7.8124e-07 26.5082 -2.70659e-05 17.6905
303.265 117.507 1.66516 0.020759 -6.86109e-07 27.0083 -0.00894076 17.9906
303.765 117.517 1.66156 0.0207052 -5.85796e-07 27.5083 -0.0143769 18.2912
304.265 117.528 1.65708 0.0206607 -4.80222e-07 28.0083 -0.0144394 18.5925
304.765 117.538 1.65363 0.0206262 -3.69176e-07 28.5083 -0.00716873 18.8946
305.265 117.548 1.65297 0.0206026 -2.523e-07 29.0083 -0.00512683 19
305.765 117.559 1.65297 0.0205899 -1.29079e-07 29.5083 -0.00512683 19
306.265 117.569 1.65297 0.0205899 -4.21789e-08 30.0083 -0.00512683 19
