191.761 115.954 1.64052 0.021601 -0.00512849 0 0.922219 0
192.254 115.965 1.88805 0.0250656 -0.00409937 0.493003 0.832882 0.278651
192.749 115.977 2.0817 0.029745 -0.00304102 0.988121 0.723194 0.527754
193.246 115.992 2.23676 0.034441 -0.00205174 1.48519 0.627051 0.757692
193.744 116.009 2.36341 0.039124 -0.00117077 1.98395 0.541065 0.974456
194.244 116.029 2.46737 0.0437483 -0.000423581 2.48409 0.463261 1.18145
194.745 116.05 2.55269 0.0482575 0.000176627 2.98531 0.39229 1.38104
195.246 116.075 2.62233 0.0525896 0.000627202 3.48728 0.326969 1.57493
195.748 116.101 2.67844 0.0566823 0.000934181 3.98974 0.266329 1.76442
196.25 116.13 2.72266 0.0604764 0.00111038 4.49244 0.209626 1.9505
196.752 116.16 2.75624 0.0640094 0.00117349 4.99518 0.156288 2.13397
197.252 116.192 2.78011 0.0670996 0.00114424 5.49686 0.105968 2.31518
197.752 116.226 2.79495 0.0696937 0.00104462 5.99793 0.0583303 2.4949
198.252 116.261 2.80115 0.0718304 0.000896357 6.49899 0.0131762 2.67392
198.752 116.297 2.79958 0.0734984 0.000719607 7.00003 -0.0297263 2.8528
199.251 116.333 2.79062 0.074695 0.000531959 7.50102 -0.0704115 3.032
199.751 116.371 2.77458 0.0754271 0.000347928 8.00197 -0.108879 3.21197
200.25 116.408 2.75157 0.0757135 0.000178955 8.50288 -0.145197 3.39321
200.75 116.446 2.72172 0.075591 3.38185e-05 9.00374 -0.179484 3.57623
201.249 116.484 2.6854 0.075121 -8.10587e-05 9.50456 -0.211907 3.76146
201.749 116.522 2.64266 0.0743887 -0.000162074 10.0053 -0.242527 3.94941
202.248 116.559 2.5935 0.073492 -0.000209505 10.5061 -0.271382 4.14064
202.747 116.596 2.53788 0.0725213 -0.00022784 11.0068 -0.298486 4.33576
203.247 116.632 2.47572 0.0715444 -0.00022426 11.5075 -0.323821 4.53546
203.746 116.668 2.40686 0.0706025 -0.000206327 12.0082 -0.347325 4.74053
204.246 116.703 2.33115 0.0697161 -0.00018041 12.5089 -0.368875 4.95184
204.745 116.738 2.24837 0.0688934 -0.000151237 13.0095 -0.388258 5.17042
205.244 116.772 2.15833 0.0681364 -0.000122112 13.5101 -0.405144 5.39744
205.744 116.807 2.06036 0.0674449 -9.52393e-05 14.0108 -0.418813 5.63494
206.243 116.84 1.95467 0.0668175 -7.19545e-05 14.5114 -0.428609 5.88419
206.743 116.874 1.84084 0.0662523 -5.28822e-05 15.012 -0.433083 6.14809
207.242 116.907 1.71918 0.0657474 -3.80822e-05 15.5126 -0.431316 6.42927
207.742 116.94 1.58986 0.0653012 -2.71988e-05 16.0132 -0.422314 6.73188
208.241 116.972 1.4536 0.0649123 -1.96063e-05 16.5137 -0.404564 7.06097
208.741 117.005 1.31199 0.0645795 -1.45431e-05 17.0143 -0.375996 7.4231
209.24 117.037 1.16816 0.0643022 -1.12216e-05 17.5149 -0.33429 7.82723
209.74 117.069 1.02834 0.0640801 -8.91185e-06 18.0154 -0.2762 8.28383
210.239 117.101 0.904332 0.0639131 -6.99667e-06 18.5159 -0.199317 8.80347
210.739 117.133 0.815163 0.0638014 -5.00036e-06 19.0165 -0.104483 9.38888
211.238 117.165 0.782347 0.0637421 -2.59528e-06 19.517 -0.00739382 10
211.738 117.197 0 0.0637421 -1.34889e-06 20.0175 0 10
