170.236 188.204 3.01528 -1.55347 -7.98504e-10 0 -0.00225741 0
170.245 187.704 3.01536 -1.55347 -6.12266e-09 0.5 0.00127807 0.165821
170.253 187.204 3.01557 -1.55349 -1.90768e-08 1 0.000997345 0.331632
170.262 186.704 3.01574 -1.5535 -3.02401e-08 1.5 0.000706299 0.497433
170.271 186.204 3.01585 -1.55353 -3.94465e-08 2 0.000397151 0.663225
170.279 185.705 3.01592 -1.55356 -4.66083e-08 2.5 6.56117e-05 0.829013
170.288 185.205 3.01592 -1.55359 -5.17211e-08 3 -0.000294416 0.994799
170.297 184.705 3.01586 -1.55363 -5.48414e-08 3.5 -0.000692608 1.16059
170.305 184.205 3.01573 -1.55367 -5.60871e-08 4 -0.00113145 1.32638
170.314 183.705 3.01553 -1.55372 -5.56262e-08 4.5 -0.001618 1.49218
170.322 183.205 3.01523 -1.55376 -5.36728e-08 5 -0.00216265 1.658
170.331 182.705 3.01484 -1.55381 -5.04683e-08 5.5 -0.00276627 1.82383
170.339 182.205 3.01435 -1.55386 -4.62717e-08 6 -0.00343707 1.98969
170.348 181.705 3.01373 -1.5539 -4.13757e-08 6.5 -0.00418522 2.15558
170.356 181.205 3.01299 -1.55395 -3.60535e-08 7 -0.00501016 2.3215
170.365 180.705 3.0121 -1.55399 -3.05776e-08 7.5 -0.0059212 2.48747
170.373 180.205 3.01105 -1.55403 -2.51977e-08 8 -0.00692742 2.6535
170.381 179.705 3.00982 -1.55407 -2.01293e-08 8.5 -0.00802687 2.81959
170.39 179.205 3.0084 -1.5541 -1.55379e-08 9 -0.00922963 2.98575
170.398 178.706 3.00677 -1.55413 -1.15314e-08 9.5 -0.0105429 3.15199
170.406 178.206 3.00491 -1.55415 -8.14335e-09 10 -0.0119633 3.31833
170.415 177.706 3.00281 -1.55417 -5.32457e-09 10.5 -0.0135007 3.48478
170.423 177.206 3.00043 -1.55418 -2.91781e-09 11 -0.01516 3.65136
170.431 176.706 2.99777 -1.55418 -6.5738e-10 11.5 -0.0169358 3.81807
170.44 176.206 2.9948 -1.55417 1.83693e-09 12 -0.0188366 3.98494
170.448 175.706 2.99148 -1.55415 5.07269e-09 12.5 -0.0208647 4.15199
170.456 175.206 2.98783 -1.55413 9.6565e-09 13 -0.0230119 4.31923
170.465 174.706 2.9838 -1.55409 1.61684e-08 13.5 -0.025283 4.48669
170.473 174.206 2.97936 -1.55404 2.49141e-08 14 -0.0276778 4.65439
170.481 173.706 2.97451 -1.55399 3.54339e-08 14.5 -0.030184 4.82234
170.49 173.206 2.96923 -1.55393 4.61475e-08 15 -0.0328003 4.99057
170.498 172.706 2.96346 -1.55387 5.45602e-08 15.5 -0.0355231 5.15914
170.507 172.206 2.95724 -1.55381 5.83178e-08 16 -0.0383349 5.32803
170.515 171.707 2.95052 -1.55376 5.63515e-08 16.5 -0.0412257 5.49729
170.524 171.207 2.94327 -1.55372 4.91028e-08 17 -0.0441859 5.66697
170.532 170.707 2.9355 -1.55369 3.78438e-08 17.5 -0.0471914 5.83707
170.541 170.207 2.92721 -1.55367 2.38898e-08 18 -0.0502232 6.00762
170.549 169.707 2.91835 -1.55366 8.32673e-09 18.5 -0.0532572 6.1787
170.558 169.207 2.90895 -1.55366 -7.92669e-09 19 -0.056263 6.35031
170.566 168.707 2.89902 -1.55367 -2.38867e-08 19.5 -0.0592099 6.52248
170.575 168.207 2.88856 -1.55368 -3.83839e-08 20 -0.0620608 6.69524
170.584 167.707 2.87755 -1.5537 -4.99941e-08 20.5 -0.064762 6.86869
170.592 167.207 2.86605 -1.55372 -5.7067e-08 21 -0.0672739 7.0428
170.601 166.707 2.8541 -1.55375 -5.78235e-08 21.5 -0.0695441 7.2176
170.609 166.207 2.84172 -1.55379 -5.05747e-08 22 -0.0715047 7.39316
170.618 165.707 2.82896 -1.55383 -3.40518e-08 22.5 -0.0730685 7.56952
170.626 165.207 2.81591 -1.55387 -7.79971e-09 23 -0.074177 7.74668
170.635 164.708 2.80266 -1.55391 2.73352e-08 23.5 -0.0747458 7.92465
170.643 164.208 2.78929 -1.55395 6.87062e-08 24 -0.0746812 8.10346
170.652 163.708 2.77594 -1.554 1.11501e-07 24.5 -0.073834 8.28316
170.66 163.208 2.76276 -1.55404 1.48521e-07 25 -0.0721142 8.46372
170.668 162.708 2.74991 -1.55408 1.70315e-07 25.5 -0.0694049 8.64512
170.677 162.208 2.7376 -1.55413 1.6575e-07 26 -0.0655706 8.82735
170.685 161.708 2.72604 -1.55416 1.23147e-07 26.5 -0.0604654 9.01037
170.693 161.208 2.7155 -1.5542 3.20136e-08 27 -0.0539063 9.19415
170.702 160.708 2.70632 -1.55423 -1.14619e-07 27.5 -0.0457002 9.37861
170.71 160.208 2.69879 -1.55426 -3.17433e-07 28 -0.0357209 9.56363
170.718 159.708 2.69325 -1.55428 -5.67843e-07 28.5 -0.0237938 9.7491
170.726 159.208 2.69003 -1.55429 -8.45259e-07 29 -0.0112591 9.93488
170.735 158.708 2.68934 -1.5543 -1.11507e-06 29.5 -0.00870453 10
170.743 158.208 2.68934 -1.5543 -1.32817e-06 30 -0.00870453 10
