231.279 249.583 3.01561 -3.12901 -3.22803e-10 0 -0.00171918 0
230.779 249.577 3.01567 -3.12899 -9.14638e-10 0.5 0.000985522 0.165803
230.279 249.57 3.01584 -3.12898 -1.12821e-10 1 0.000724108 0.331598
229.779 249.564 3.01596 -3.12897 4.36622e-12 1.5 0.000451933 0.497385
229.279 249.558 3.01604 -3.12896 -1.19359e-10 2 0.000161086 0.663167
228.779 249.551 3.01606 -3.12897 -1.505e-10 2.5 -0.000152725 0.828945
228.279 249.545 3.01603 -3.12898 1.36517e-10 3 -0.000495662 0.994724
227.779 249.539 3.01594 -3.12899 8.52383e-10 3.5 -0.000877481 1.16051
227.279 249.532 3.01578 -3.12901 2.0044e-09 4 -0.00130062 1.3263
226.779 249.526 3.01555 -3.12903 3.48417e-09 4.5 -0.0017722 1.49209
226.279 249.52 3.01523 -3.12905 5.07924e-09 5 -0.00230263 1.65791
225.779 249.514 3.01482 -3.12907 6.48874e-09 5.5 -0.00289272 1.82374
225.279 249.507 3.01431 -3.12909 7.34326e-09 6 -0.0035507 1.9896
224.779 249.501 3.01367 -3.12912 7.25128e-09 6.5 -0.00428674 2.1555
224.279 249.495 3.01291 -3.12914 5.85961e-09 7 -0.00510019 2.32143
223.779 249.489 3.01201 -3.12916 2.92498e-09 7.5 -0.0060004 2.4874
223.279 249.482 3.01094 -3.12918 -1.59355e-09 8 -0.00699638 2.65343
222.779 249.476 3.00971 -3.1292 -7.44033e-09 8.5 -0.00808611 2.81953
222.279 249.47 3.00828 -3.12921 -1.3995e-08 9 -0.00927968 2.98569
221.779 249.464 3.00664 -3.12922 -2.02125e-08 9.5 -0.0105842 3.15195
221.279 249.458 3.00478 -3.12922 -2.46336e-08 10 -0.0119962 3.31829
220.779 249.451 3.00267 -3.12922 -2.5468e-08 10.5 -0.0135255 3.48475
220.279 249.445 3.00028 -3.1292 -2.077e-08 11 -0.0151771 3.65134
219.779 249.439 2.99762 -3.12919 -8.71378e-09 11.5 -0.0169453 3.81806
219.279 249.433 2.99465 -3.12916 1.20156e-08 12 -0.0188385 3.98494
218.779 249.427 2.99133 -3.12912 4.17687e-08 12.5 -0.020859 4.152
218.28 249.42 2.98768 -3.12908 7.94517e-08 13 -0.0229986 4.31924
217.78 249.414 2.98365 -3.12902 1.22018e-07 13.5 -0.0252619 4.4867
217.28 249.408 2.97922 -3.12896 1.63985e-07 14 -0.0276486 4.65441
216.78 249.402 2.97437 -3.12889 1.96923e-07 14.5 -0.0301465 4.82237
216.28 249.395 2.9691 -3.12881 2.09307e-07 15 -0.0327541 4.99062
215.78 249.389 2.96334 -3.12874 1.87419e-07 15.5 -0.0354679 5.15919
215.28 249.382 2.95712 -3.12867 1.17807e-07 16 -0.0382704 5.32809
214.78 249.376 2.95042 -3.1286 -9.30111e-09 16.5 -0.0411517 5.49735
214.28 249.369 2.94318 -3.12855 -1.96844e-07 17 -0.0441022 5.66704
213.78 249.363 2.93543 -3.12851 -4.3849e-07 17.5 -0.0470979 5.83714
213.28 249.356 2.92715 -3.12848 -7.16588e-07 18 -0.0501199 6.0077
212.78 249.35 2.91832 -3.12846 -1.00034e-06 18.5 -0.0531441 6.17878
212.28 249.343 2.90893 -3.12844 -1.24476e-06 19 -0.0561399 6.35039
211.78 249.337 2.89903 -3.12844 -1.39138e-06 19.5 -0.0590765 6.52256
211.28 249.33 2.88859 -3.12844 -1.37135e-06 20 -0.0619163 6.69532
210.78 249.323 2.8776 -3.12845 -1.11167e-06 20.5 -0.0646051 6.86876
210.28 249.317 2.86613 -3.12847 -5.44684e-07 21 -0.0671026 7.04287
209.78 249.31 2.85421 -3.12849 3.79274e-07 21.5 -0.0693552 7.21767
209.28 249.304 2.84187 -3.12852 1.67661e-06 22 -0.0712945 7.39321
208.78 249.297 2.82915 -3.12855 3.31395e-06 22.5 -0.0728319 7.56956
208.28 249.291 2.81615 -3.12858 5.19223e-06 23 -0.0739086 7.74671
207.78 249.284 2.80295 -3.12861 7.13388e-06 23.5 -0.0744403 7.92466
207.28 249.278 2.78964 -3.12864 8.87618e-06 24 -0.0743338 8.10345
206.78 249.271 2.77636 -3.12868 1.00741e-05 24.5 -0.0734416 8.28313
206.281 249.265 2.76325 -3.12871 1.03154e-05 25 -0.0716773 8.46367
205.781 249.258 2.75049 -3.12875 9.15159e-06 25.5 -0.0689286 8.64504
205.281 249.252 2.73827 -3.12878 6.14439e-06 26 -0.0650659 8.82723
204.781 249.246 2.7268 -3.12881 9.29515e-07 26.5 -0.0599505 9.01021
204.281 249.239 2.71637 -3.12885 -6.70623e-06 27 -0.0534067 9.19392
203.781 249.233 2.70728 -3.12889 -1.67386e-05 27.5 -0.045251 9.37832
203.281 249.226 2.69982 -3.12893 -2.88186e-05 28 -0.0353609 9.56327
202.781 249.22 2.69435 -3.12897 -4.21939e-05 28.5 -0.0235636 9.74866
202.281 249.214 2.69115 -3.12901 -5.56529e-05 28.9999 -0.0111559 9.93434
201.781 249.208 2.69046 -3.12905 -6.75036e-05 29.4999 -0.00860909 10
201.281 249.201 2.69046 -3.12905 -7.56033e-05 29.9998 -0.00860909 10
