169.896 235.929 1.33705 -1.56327 0.029459 0 -0.00321122 1.50249e-08
169.9 235.416 1.43717 -1.54816 0.0261776 0.513011 0.354823 0.37258
169.912 234.905 1.5537 -1.53475 0.0217168 1.02418 0.325805 0.714299
169.93 234.396 1.65161 -1.52391 0.0165766 1.53304 0.290491 1.03154
169.954 233.891 1.73236 -1.51569 0.0116585 2.0395 0.247857 1.33068
169.982 233.387 1.79642 -1.50997 0.00707849 2.54369 0.199398 1.6163
170.012 232.886 1.84451 -1.5065 0.00299057 3.04585 0.148782 1.89199
170.044 232.387 1.87774 -1.50497 -0.000458735 3.54629 0.100122 2.16067
170.077 231.889 1.89839 -1.50501 -0.00317912 4.04538 0.0563925 2.42489
170.11 231.391 1.90807 -1.50623 -0.00514239 4.54349 0.0177945 2.6865
170.142 230.895 1.90818 -1.50825 -0.00637845 5.04101 -0.015637 2.94714
170.173 230.399 1.90039 -1.51048 -0.00696383 5.53826 -0.0441034 3.20816
170.203 229.906 1.88575 -1.51259 -0.0070061 6.03146 -0.0672338 3.46864
170.231 229.422 1.86594 -1.51519 -0.00662766 6.51704 -0.0852907 3.72744
170.258 228.935 1.84166 -1.51762 -0.00595158 7.0049 -0.098857 3.99054
170.284 228.445 1.8138 -1.51976 -0.00509118 7.49521 -0.108004 4.25882
170.309 227.953 1.78344 -1.52157 -0.00414372 7.98795 -0.113126 4.53275
170.334 227.458 1.7515 -1.52302 -0.00318759 8.48295 -0.114527 4.81277
170.357 226.962 1.71891 -1.52414 -0.00228215 8.97997 -0.112599 5.09918
170.381 226.464 1.68658 -1.52495 -0.00146914 9.4787 -0.107816 5.39212
170.404 225.964 1.65532 -1.52551 -0.000774878 9.97879 -0.100756 5.69143
170.426 225.464 1.62585 -1.5259 -0.000212721 10.4799 -0.0919755 5.99689
170.449 224.962 1.59876 -1.52618 0.000214577 10.9817 -0.0820348 6.30817
170.471 224.461 1.57448 -1.52642 0.00051263 11.4838 -0.071491 6.62475
170.493 223.959 1.55324 -1.52667 0.000693393 11.9861 -0.0608461 6.94601
170.516 223.457 1.53513 -1.527 0.00077329 12.4883 -0.0505298 7.27131
170.538 222.956 1.5201 -1.52744 0.000771497 12.9904 -0.0408948 7.59999
170.559 222.454 1.50804 -1.52802 0.000708388 13.4922 -0.0322343 7.93147
170.581 221.953 1.49857 -1.52875 0.000604117 13.9936 -0.0247016 8.26507
170.602 221.453 1.49136 -1.52963 0.000477315 14.4947 -0.0183916 8.60028
170.622 220.952 1.48607 -1.53063 0.000343937 14.9955 -0.0133666 8.9367
170.643 220.452 1.48223 -1.53171 0.000216447 15.4959 -0.0095522 9.27394
170.662 219.952 1.47948 -1.53284 0.000103567 15.9962 -0.00688215 9.61177
170.681 219.453 1.47746 -1.534 1.05686e-05 16.4963 -0.00526123 9.95003
170.699 218.953 1.47582 -1.53516 -6.0171e-05 16.9962 -0.00454168 10.2886
170.717 218.454 1.47429 -1.53631 -0.000108598 17.4961 -0.00460979 10.6275
170.734 217.954 1.47262 -1.53744 -0.000136448 17.9959 -0.00532046 10.9667
170.751 217.454 1.47062 -1.53853 -0.000146715 18.4958 -0.00654095 11.3063
170.767 216.955 1.46812 -1.53958 -0.000143114 18.9956 -0.0081529 11.6465
170.783 216.455 1.46503 -1.54058 -0.000129592 19.4955 -0.0100233 11.9873
170.798 215.956 1.46126 -1.54153 -0.000109924 19.9954 -0.0120353 12.329
170.813 215.456 1.45679 -1.54243 -8.7427e-05 20.4953 -0.0140621 12.6716
170.827 214.956 1.45162 -1.54327 -6.47827e-05 20.9953 -0.0159722 13.0154
170.841 214.456 1.44582 -1.54406 -4.39645e-05 21.4953 -0.0176169 13.3606
170.854 213.956 1.43949 -1.54479 -2.62454e-05 21.9953 -0.0188383 13.7071
170.867 213.457 1.4328 -1.54548 -1.22686e-05 22.4954 -0.0194311 14.0553
170.88 212.957 1.42602 -1.54612 -2.15676e-06 22.9954 -0.0191961 14.4051
170.892 212.457 1.41948 -1.54671 4.35835e-06 23.4955 -0.0178467 14.7566
170.904 211.957 1.41361 -1.54726 7.80425e-06 23.9955 -0.0151393 15.1096
170.916 211.457 1.40891 -1.54776 8.84604e-06 24.4955 -0.0113877 15.464
170.927 210.957 1.40549 -1.54821 8.18425e-06 24.9956 -0.00800639 15.8194
170.939 210.457 1.40298 -1.54863 6.47678e-06 25.4956 -0.00647088 16.1755
170.95 209.957 1.40058 -1.54899 4.28631e-06 25.9956 -0.00737546 16.5321
170.961 209.457 1.39746 -1.54932 2.05169e-06 26.4956 -0.0104026 16.8895
170.971 208.957 1.39291 -1.5496 7.98117e-08 26.9956 -0.015109 17.2479
170.982 208.458 1.3866 -1.54983 -1.44677e-06 27.4956 -0.0198881 17.6076
170.992 207.958 1.37885 -1.55002 -2.45142e-06 27.9956 -0.0223683 17.9692
171.003 207.458 1.37094 -1.55016 -2.93917e-06 28.4956 -0.020374 18.3329
171.013 206.958 1.36467 -1.55026 -2.97078e-06 28.9956 -0.0129176 18.6985
171.023 206.458 1.36218 -1.55031 -2.63815e-06 29.4956 -0.00435978 19
171.034 205.958 1.36218 -1.55031 -2.16607e-06 29.9956 -0.00435978 19
