276.237 117.4 0.19032 -0.0591204 4.5307e-09 0 -0.443962 0
276.737 117.371 1.05618 -0.0570511 -0.000366799 0.501388 1.33933 1.21945
277.238 117.342 1.5206 -0.0546127 -0.000346528 1.0027 1.06318 1.60632
277.738 117.315 1.80964 -0.05223 -0.000327154 1.50392 0.865268 1.90644
278.238 117.289 2.0142 -0.0499024 -0.000308649 2.00507 0.705851 2.16775
278.739 117.264 2.16733 -0.0476294 -0.000290987 2.50613 0.570353 2.40733
279.239 117.24 2.28185 -0.0454102 -0.000274142 3.00712 0.4532 2.63214
279.74 117.217 2.36808 -0.0432443 -0.000258086 3.50805 0.349813 2.84739
280.24 117.195 2.43135 -0.0411309 -0.000242795 4.0089 0.257891 3.05597
280.741 117.175 2.4755 -0.0390695 -0.000228241 4.5097 0.175821 3.25998
281.241 117.155 2.50339 -0.0370593 -0.0002144 5.01044 0.102456 3.46102
281.741 117.137 2.51719 -0.0350995 -0.000201247 5.51113 0.0369796 3.66039
282.242 117.119 2.51867 -0.0331896 -0.000188757 6.01176 -0.0211764 3.85914
282.742 117.103 2.50927 -0.0313286 -0.000176905 6.51235 -0.0724003 4.0582
283.242 117.087 2.49065 -0.0295159 -0.000165667 7.01289 -0.108611 4.25837
283.742 117.072 2.46722 -0.0277506 -0.00015502 7.5134 -0.126945 4.46024
284.243 117.058 2.43797 -0.026032 -0.00014494 8.01386 -0.159217 4.66425
284.743 117.045 2.40224 -0.0243592 -0.000135405 8.51429 -0.185789 4.87098
285.243 117.033 2.36096 -0.0227315 -0.000126391 9.01468 -0.206764 5.08104
285.743 117.022 2.31502 -0.021148 -0.000117878 9.51504 -0.222398 5.29498
286.244 117.011 2.26518 -0.0196079 -0.000109842 10.0154 -0.232983 5.51347
286.744 117.001 2.21235 -0.0181103 -0.000102265 10.5157 -0.239007 5.73699
287.244 116.992 2.15734 -0.0166543 -9.51234e-05 11.016 -0.240932 5.96596
287.744 116.984 2.10091 -0.0152391 -8.83991e-05 11.5162 -0.239156 6.2008
288.244 116.976 2.04376 -0.0138637 -8.2072e-05 12.0164 -0.233877 6.44233
288.745 116.969 1.98666 -0.0125274 -7.6122e-05 12.5167 -0.225731 6.69048
289.245 116.963 1.93036 -0.0112294 -7.05268e-05 13.0169 -0.21497 6.946
289.745 116.957 1.87548 -0.00996912 -6.52573e-05 13.517 -0.202135 7.20879
290.245 116.952 1.82276 -0.00874665 -6.02733e-05 14.0172 -0.187577 7.47937
290.745 116.948 1.77276 -0.00756291 -5.55236e-05 14.5173 -0.171784 7.75767
291.245 116.944 1.72601 -0.00641988 -5.09604e-05 15.0175 -0.155201 8.04362
291.745 116.941 1.68295 -0.00532019 -4.65607e-05 15.5176 -0.13826 8.3371
292.245 116.938 1.64393 -0.00426647 -4.23393e-05 16.0177 -0.12138 8.63783
292.746 116.936 1.60915 -0.00326062 -3.8337e-05 16.5178 -0.10495 8.94537
293.246 116.935 1.57869 -0.0023035 -3.45955e-05 17.0179 -0.0893132 9.2592
293.746 116.933 1.5525 -0.00139508 -3.11379e-05 17.5179 -0.0747595 9.57867
294.246 116.933 1.5304 -0.000534769 -2.79663e-05 18.018 -0.0615202 9.90313
294.746 116.933 1.51218 0.00027828 -2.50694e-05 18.5181 -0.049793 10.2319
295.246 116.933 1.49736 0.00104501 -2.24301e-05 19.0181 -0.0396499 10.5643
295.746 116.933 1.48551 0.00176639 -2.00303e-05 19.5182 -0.0311348 10.8996
296.246 116.934 1.47621 0.0024434 -1.78518e-05 20.0182 -0.024296 11.2374
296.746 116.935 1.46889 0.00307703 -1.58777e-05 20.5183 -0.0190352 11.577
297.246 116.937 1.46307 0.00366827 -1.40914e-05 21.0183 -0.015296 11.9181
297.746 116.939 1.45827 0.0042181 -1.24774e-05 21.5183 -0.0129782 12.2604
298.246 116.941 1.45402 0.00472754 -1.1021e-05 22.0184 -0.0119344 12.6038
298.746 116.943 1.44992 0.00519757 -9.70817e-06 22.5184 -0.01206 12.9482
299.246 116.946 1.44559 0.00562919 -8.5258e-06 23.0184 -0.0131647 13.2936
299.746 116.949 1.44071 0.00602341 -7.46147e-06 23.5185 -0.0151124 13.6401
300.246 116.952 1.43502 0.00638125 -6.5035e-06 24.0185 -0.0177014 13.9878
300.746 116.955 1.42831 0.00670369 -5.64095e-06 24.5185 -0.0207462 14.337
301.246 116.958 1.42046 0.00699176 -4.86362e-06 25.0185 -0.0240172 14.688
301.746 116.962 1.4114 0.00724647 -4.16196e-06 25.5185 -0.0272612 15.0412
302.246 116.965 1.40118 0.00746884 -3.52715e-06 26.0185 -0.0301891 15.3967
302.746 116.969 1.38993 0.00765987 -2.95099e-06 26.5186 -0.0324365 15.755
303.246 116.973 1.37796 0.0078206 -2.42593e-06 27.0186 -0.0336165 16.1163
303.746 116.977 1.36573 0.00795204 -1.94507e-06 27.5186 -0.0332273 16.4807
304.246 116.981 1.35391 0.00805521 -1.50208e-06 28.0186 -0.0306982 16.8485
304.746 116.985 1.34341 0.00813113 -1.09124e-06 28.5186 -0.0254046 17.2193
305.246 116.989 1.33545 0.00818084 -7.07388e-07 29.0186 -0.016602 17.5926
305.746 116.993 1.3315 0.00820664 -3.459e-07 29.5186 -0.00492191 17.9677
306.246 116.997 1.33133 0.00820664 -1.10905e-07 30.0187 -0.00430156 18
