387.766 251.539 3.01529 -3.12925 1.32831e-15 0 -0.0022683 0
387.266 251.533 3.01536 -3.1293 3.42148e-08 0.5 0.00127596 0.165821
386.766 251.527 3.01557 -3.12937 4.43496e-08 1 0.000995297 0.331632
386.266 251.521 3.01574 -3.12943 5.51856e-08 1.5 0.000704368 0.497433
385.766 251.515 3.01585 -3.1295 6.63757e-08 2 0.000395391 0.663225
385.266 251.509 3.01592 -3.12958 7.75375e-08 2.5 6.40658e-05 0.829013
384.767 251.503 3.01592 -3.12965 8.82645e-08 3 -0.000295707 0.994799
384.267 251.497 3.01586 -3.12972 9.81367e-08 3.5 -0.000693607 1.16059
383.767 251.491 3.01573 -3.12979 1.06732e-07 4 -0.00113213 1.32638
383.267 251.485 3.01553 -3.12986 1.13636e-07 4.5 -0.00161834 1.49218
382.767 251.479 3.01523 -3.12992 1.18456e-07 5 -0.00216264 1.658
382.267 251.473 3.01484 -3.12998 1.20828e-07 5.5 -0.0027659 1.82383
381.767 251.468 3.01435 -3.13004 1.2043e-07 6 -0.00343634 1.98969
381.267 251.462 3.01373 -3.1301 1.16995e-07 6.5 -0.00418416 2.15558
380.767 251.456 3.01299 -3.13015 1.10318e-07 7 -0.00500877 2.3215
380.267 251.45 3.0121 -3.13019 1.00268e-07 7.5 -0.00591951 2.48748
379.767 251.445 3.01104 -3.13022 8.68035e-08 8 -0.00692548 2.6535
379.267 251.439 3.00982 -3.13025 6.99771e-08 8.5 -0.00802472 2.81959
378.767 251.433 3.0084 -3.13027 4.99514e-08 9 -0.00922731 2.98575
378.267 251.428 3.00677 -3.13028 2.70082e-08 9.5 -0.0105405 3.15199
377.767 251.422 3.00492 -3.13028 1.56035e-09 10 -0.0119608 3.31833
377.267 251.416 3.00281 -3.13027 -2.58373e-08 10.5 -0.0134982 3.48478
376.767 251.411 3.00043 -3.13025 -5.44759e-08 11 -0.0151576 3.65136
376.267 251.405 2.99777 -3.13022 -8.34788e-08 11.5 -0.0169336 3.81807
375.767 251.399 2.9948 -3.13017 -1.11773e-07 12 -0.0188347 3.98494
375.267 251.394 2.99149 -3.13011 -1.38024e-07 12.5 -0.0208631 4.152
374.767 251.388 2.98783 -3.13004 -1.60475e-07 13 -0.0230107 4.31923
374.267 251.382 2.9838 -3.12995 -1.76743e-07 13.5 -0.0252822 4.48669
373.767 251.376 2.97936 -3.12985 -1.8386e-07 14 -0.0276775 4.65439
373.267 251.37 2.97452 -3.12974 -1.79112e-07 14.5 -0.0301842 4.82234
372.767 251.364 2.96923 -3.12962 -1.61761e-07 15 -0.032801 4.99058
372.267 251.358 2.96347 -3.1295 -1.34417e-07 15.5 -0.0355244 5.15914
371.767 251.352 2.95724 -3.12939 -1.02438e-07 16 -0.0383366 5.32803
371.267 251.346 2.95053 -3.12929 -7.15029e-08 16.5 -0.0412278 5.49729
370.767 251.34 2.94327 -3.12919 -4.53877e-08 17 -0.0441884 5.66697
370.267 251.334 2.9355 -3.12911 -2.54511e-08 17.5 -0.0471941 5.83707
369.768 251.328 2.92721 -3.12904 -1.14112e-08 18 -0.0502261 6.00762
369.268 251.321 2.91835 -3.12899 -2.30234e-09 18.5 -0.0532602 6.1787
368.768 251.315 2.90895 -3.12894 2.95911e-09 19 -0.0562661 6.35031
368.268 251.309 2.89902 -3.1289 5.36263e-09 19.5 -0.0592131 6.52248
367.768 251.302 2.88856 -3.12888 5.75476e-09 20 -0.062064 6.69524
367.268 251.296 2.87754 -3.12886 4.83949e-09 20.5 -0.0647652 6.86869
366.768 251.29 2.86605 -3.12884 3.18782e-09 21 -0.0672772 7.0428
366.268 251.283 2.85409 -3.12884 1.24942e-09 21.5 -0.0695474 7.2176
365.768 251.277 2.84172 -3.12884 -6.36484e-10 22 -0.0715082 7.39316
365.268 251.271 2.82896 -3.12885 -2.22974e-09 22.5 -0.0730721 7.56952
364.768 251.264 2.81591 -3.12886 -3.37789e-09 23 -0.0741808 7.74668
364.268 251.258 2.80265 -3.12888 -4.00514e-09 23.5 -0.07475 7.92465
363.768 251.252 2.78928 -3.1289 -4.10093e-09 24 -0.0746859 8.10346
363.268 251.245 2.77593 -3.12892 -3.70875e-09 24.5 -0.0738392 8.28316
362.768 251.239 2.76275 -3.12894 -2.91491e-09 25 -0.0721201 8.46372
362.268 251.233 2.74991 -3.12897 -1.83741e-09 25.5 -0.0694115 8.64513
361.768 251.226 2.73759 -3.12899 -6.14575e-10 26 -0.0655778 8.82736
361.268 251.22 2.72603 -3.12902 6.06122e-10 26.5 -0.0604731 9.01038
360.768 251.214 2.71549 -3.12904 1.67936e-09 27 -0.053914 9.19415
360.268 251.207 2.70631 -3.12906 2.47298e-09 27.5 -0.0457075 9.37861
359.768 251.201 2.69877 -3.12908 2.87948e-09 28 -0.0357269 9.56364
359.268 251.195 2.69324 -3.12909 2.82697e-09 28.5 -0.0237977 9.74911
358.768 251.189 2.69001 -3.1291 2.2908e-09 29 -0.011261 9.93489
358.268 251.182 2.68932 -3.12911 1.30428e-09 29.5 -0.00870625 10
357.768 251.176 2.68932 -3.12911 4.44375e-10 30 -0.00870625 10
