354.269 251.133 3.01554 -3.12904 1.36827e-16 0 -0.00160525 0
353.769 251.127 3.01562 -3.12901 -2.07126e-09 0.5 0.00106058 0.165806
353.269 251.121 3.0158 -3.12899 -3.51339e-10 1 0.000795326 0.331604
352.769 251.114 3.01594 -3.12898 2.86165e-10 1.5 0.00051941 0.497393
352.269 251.108 3.01602 -3.12897 3.04356e-10 2 0.000224944 0.663175
351.769 251.102 3.01606 -3.12897 5.67059e-11 2.5 -9.23727e-05 0.828955
351.269 251.095 3.01604 -3.12897 -2.01455e-10 3 -0.000438699 0.994734
350.769 251.089 3.01595 -3.12898 -3.01907e-10 3.5 -0.000823785 1.16052
350.269 251.083 3.0158 -3.12899 -1.52188e-10 4 -0.00125009 1.3263
349.769 251.076 3.01558 -3.12901 2.75726e-10 4.5 -0.00172474 1.4921
349.269 251.07 3.01527 -3.12903 9.56564e-10 5 -0.00225813 1.65792
348.769 251.064 3.01486 -3.12905 1.82301e-09 5.5 -0.00285112 1.82375
348.269 251.058 3.01436 -3.12907 2.77702e-09 6 -0.00351195 1.9896
347.769 251.051 3.01373 -3.12909 3.70116e-09 6.5 -0.00425079 2.15549
347.269 251.045 3.01297 -3.12911 4.46955e-09 7 -0.00506703 2.32142
346.769 251.039 3.01208 -3.12913 4.95943e-09 7.5 -0.00597003 2.48739
346.269 251.033 3.01101 -3.12915 5.06225e-09 8 -0.00696882 2.65342
345.769 251.026 3.00978 -3.12916 4.69491e-09 8.5 -0.00806142 2.81951
345.269 251.02 3.00836 -3.12917 3.81116e-09 9 -0.00925795 2.98567
344.769 251.014 3.00672 -3.12918 2.41267e-09 9.5 -0.0105655 3.15192
344.27 251.008 3.00486 -3.12918 5.60333e-10 10 -0.0119807 3.31826
343.77 251.001 3.00276 -3.12918 -1.61428e-09 10.5 -0.0135135 3.48471
343.27 250.995 3.00037 -3.12916 -3.89786e-09 11 -0.0151687 3.6513
342.77 250.989 2.99771 -3.12915 -5.9837e-09 11.5 -0.0169409 3.81801
342.27 250.983 2.99474 -3.12912 -7.45957e-09 12 -0.0188385 3.98488
341.77 250.977 2.99143 -3.12908 -7.79552e-09 12.5 -0.0208637 4.15194
341.27 250.97 2.98777 -3.12904 -6.34195e-09 13 -0.0230085 4.31918
340.77 250.964 2.98374 -3.12899 -2.38757e-09 13.5 -0.0252776 4.48664
340.27 250.958 2.9793 -3.12892 4.61848e-09 14 -0.0276706 4.65434
339.77 250.951 2.97446 -3.12885 1.45772e-08 14.5 -0.0301755 4.82229
339.27 250.945 2.96918 -3.12878 2.62241e-08 15 -0.0327907 4.99053
338.77 250.939 2.96341 -3.12871 3.71555e-08 15.5 -0.0355127 5.1591
338.27 250.932 2.95719 -3.12864 4.47837e-08 16 -0.0383239 5.328
337.77 250.926 2.95048 -3.12858 4.75964e-08 16.5 -0.0412143 5.49726
337.27 250.919 2.94322 -3.12852 4.56379e-08 17 -0.0441744 5.66694
336.77 250.913 2.93545 -3.12848 3.99835e-08 17.5 -0.0471799 5.83704
336.27 250.906 2.92717 -3.12845 3.19577e-08 18 -0.0502119 6.0076
335.77 250.9 2.91831 -3.12843 2.26811e-08 18.5 -0.0532462 6.17868
335.27 250.893 2.90891 -3.12842 1.29998e-08 19 -0.0562524 6.35029
334.77 250.886 2.89898 -3.12842 3.54444e-09 19.5 -0.0591998 6.52246
334.27 250.88 2.88852 -3.12842 -5.21141e-09 20 -0.0620513 6.69523
333.77 250.873 2.87751 -3.12843 -1.29208e-08 20.5 -0.0647532 6.86867
333.27 250.867 2.86602 -3.12845 -1.93466e-08 21 -0.067266 7.04278
332.77 250.86 2.85407 -3.12847 -2.43494e-08 21.5 -0.069537 7.21759
332.271 250.854 2.84169 -3.1285 -2.78759e-08 22 -0.0714986 7.39315
331.771 250.847 2.82893 -3.12853 -2.99476e-08 22.5 -0.0730634 7.56951
331.271 250.84 2.81588 -3.12857 -3.06499e-08 23 -0.074173 7.74667
330.771 250.834 2.80263 -3.1286 -3.01206e-08 23.5 -0.0747431 7.92465
330.271 250.827 2.78926 -3.12864 -2.85386e-08 24 -0.0746798 8.10346
329.771 250.821 2.77591 -3.12868 -2.61129e-08 24.5 -0.073834 8.28316
329.271 250.815 2.76273 -3.12872 -2.30716e-08 25 -0.0721157 8.46372
328.771 250.808 2.74989 -3.12876 -1.96499e-08 25.5 -0.0694078 8.64513
328.271 250.802 2.73757 -3.1288 -1.608e-08 26 -0.0655748 8.82736
327.771 250.795 2.72601 -3.12883 -1.2579e-08 26.5 -0.0604707 9.01038
327.271 250.789 2.71547 -3.12887 -9.3383e-09 27 -0.0539122 9.19416
326.771 250.783 2.70629 -3.12889 -6.51212e-09 27.5 -0.045706 9.37862
326.271 250.776 2.69875 -3.12892 -4.20642e-09 28 -0.0357257 9.56365
325.771 250.77 2.69322 -3.12894 -2.46771e-09 28.5 -0.0237967 9.74912
325.271 250.764 2.69 -3.12895 -1.27192e-09 29 -0.0112604 9.9349
324.771 250.757 2.6893 -3.12896 -5.12939e-10 29.5 -0.00870618 10
324.271 250.751 2.6893 -3.12896 -1.45791e-10 30 -0.00870618 10
