169.926 234.418 1.62846 -1.53246 0.0164458 0 0.39274 2.90708e-10
169.946 233.912 1.67221 -1.52809 0.0114648 0.506545 0.0365581 0.305122
169.967 233.408 1.68575 -1.52648 0.00686508 1.01081 0.0517989 0.605526
169.989 232.906 1.70199 -1.527 0.002773 1.51299 0.0563852 0.902024
170.011 232.406 1.71816 -1.5293 -0.000664058 2.01339 0.0532682 1.19462
170.032 231.908 1.73252 -1.53302 -0.0033574 2.51234 0.0456928 1.48377
170.051 231.41 1.7443 -1.53775 -0.00528227 3.01022 0.036715 1.77013
170.067 230.913 1.75359 -1.5431 -0.00647295 3.50739 0.0290391 2.05436
170.081 230.417 1.7611 -1.54872 -0.00701042 4.00417 0.0245969 2.33703
170.092 229.92 1.76785 -1.55432 -0.00700614 4.50086 0.0239241 2.61853
170.1 229.423 1.77492 -1.55981 -0.00658541 4.99768 0.0271402 2.89902
170.105 228.931 1.78336 -1.56486 -0.00587313 5.49001 0.0341959 3.17576
170.108 228.441 1.7941 -1.56925 -0.00498351 5.97968 0.0447029 3.44954
170.109 227.949 1.80811 -1.57313 -0.00401388 6.47182 0.0583596 3.72284
170.108 227.455 1.82613 -1.57647 -0.00304216 6.96629 0.0746897 3.99503
170.105 226.958 1.84883 -1.57933 -0.00212687 7.46287 0.0931094 4.26531
170.101 226.46 1.87637 -1.58173 -0.00130873 7.96125 0.112843 4.53294
170.095 225.96 1.90878 -1.58375 -0.000612986 8.46111 0.133157 4.79718
170.089 225.459 1.94609 -1.58544 -5.19271e-05 8.96208 0.153252 5.05708
170.082 224.957 1.98761 -1.58689 0.000372665 9.46384 0.172385 5.31229
170.074 224.455 2.03292 -1.58814 0.000667248 9.96608 0.189766 5.56212
170.065 223.953 2.08112 -1.58926 0.000844454 10.4685 0.204802 5.80651
170.056 223.45 2.13148 -1.5903 0.000921188 10.971 0.216718 6.045
170.046 222.948 2.183 -1.5913 0.000916866 11.4734 0.225313 6.27792
170.035 222.446 2.23485 -1.59227 0.000851795 11.9755 0.230417 6.5053
170.025 221.944 2.28619 -1.59325 0.000745694 12.4772 0.2318 6.7272
170.013 221.443 2.33628 -1.59422 0.000616363 12.9787 0.229475 6.94414
170.002 220.942 2.3844 -1.59518 0.000478572 13.4799 0.223344 7.15645
169.989 220.441 2.42992 -1.5961 0.00034346 13.9807 0.213672 7.36452
169.977 219.941 2.4723 -1.59693 0.000218893 14.4814 0.200978 7.56875
169.964 219.441 2.51117 -1.59764 0.000110727 14.9818 0.185751 7.76958
169.95 218.94 2.54623 -1.59821 2.37871e-05 15.4821 0.168431 7.96741
169.937 218.44 2.57727 -1.59865 -3.86825e-05 15.9824 0.149407 8.16266
169.923 217.94 2.60416 -1.59901 -7.64535e-05 16.4826 0.129027 8.35571
169.909 217.44 2.62679 -1.59932 -9.26682e-05 16.9828 0.107593 8.54694
169.894 216.94 2.64512 -1.5996 -9.2492e-05 17.4831 0.0853646 8.7367
169.88 216.44 2.6591 -1.59986 -8.13346e-05 17.9833 0.0625538 8.92532
169.865 215.94 2.66872 -1.60012 -6.38317e-05 18.4837 0.0393327 9.11312
169.851 215.44 2.67396 -1.60036 -4.36224e-05 18.9841 0.0158437 9.30042
169.836 214.94 2.67465 -1.60059 -2.34354e-05 19.4845 -0.00779342 9.48752
169.821 214.439 2.67092 -1.60081 -5.19325e-06 19.985 -0.0314618 9.67475
169.806 213.939 2.66277 -1.60103 9.90407e-06 20.4855 -0.0550583 9.86241
169.791 213.439 2.65018 -1.60123 2.12832e-05 20.9861 -0.0784771 10.0508
169.776 212.938 2.63312 -1.60143 2.88788e-05 21.4867 -0.101603 10.2403
169.76 212.438 2.61157 -1.60162 3.30008e-05 21.9873 -0.124303 10.4311
169.745 211.938 2.5855 -1.6018 3.4201e-05 22.4879 -0.146422 10.6238
169.729 211.437 2.55491 -1.60197 3.31525e-05 22.9885 -0.167768 10.8185
169.714 210.937 2.51981 -1.60214 3.05496e-05 23.4891 -0.188072 11.0158
169.698 210.437 2.48646 -1.60231 2.70324e-05 23.9897 -0.108542 11.2158
169.682 209.936 2.48064 -1.60246 2.31374e-05 24.4903 0.0137341 11.4176
169.666 209.436 2.48188 -1.60261 1.92725e-05 24.9908 -0.00100549 11.6193
169.65 208.936 2.48046 -1.60274 1.57117e-05 25.4914 -0.012618 11.821
169.634 208.435 2.47703 -1.60287 1.26052e-05 25.992 -0.0209694 12.023
169.618 207.935 2.47225 -1.60298 9.99915e-06 26.4926 -0.0257038 12.2253
169.602 207.435 2.46692 -1.60309 7.86186e-06 26.9932 -0.0264446 12.428
169.586 206.934 2.46186 -1.60317 6.10959e-06 27.4938 -0.0227986 12.6311
169.57 206.434 2.45801 -1.60324 4.6313e-06 27.9944 -0.0143614 12.8346
169.554 205.934 2.45621 -1.6033 3.30897e-06 28.495 -0.00771764 13
169.537 205.433 2.45621 -1.60334 2.0328e-06 28.9956 -0.00771764 13
169.521 204.933 2.45621 -1.60336 7.11071e-07 29.4962 -0.00771764 13
169.505 204.433 2.45621 -1.60336 -1.06627e-07 29.9968 -0.00771764 13
