169.9 236.439 1.33942 -1.57886 0.0314579 0 0.107137 1.29301e-06
169.896 235.921 1.32989 -1.56223 0.0295038 0.517758 -0.0212651 0.387378
169.901 235.408 1.33119 -1.54674 0.0261925 1.03075 0.0263125 0.773376
169.913 234.897 1.3487 -1.53336 0.0217341 1.54188 0.0636524 1.15517
169.932 234.389 1.37764 -1.52255 0.0165943 2.0507 0.0897105 1.52867
169.956 233.883 1.41333 -1.51438 0.0116745 2.55712 0.105597 1.89174
169.985 233.379 1.45208 -1.5087 0.00709256 3.06127 0.11368 2.24363
170.016 232.878 1.49158 -1.50527 0.00300229 3.56341 0.116912 2.58487
170.049 232.379 1.5301 -1.50379 -0.000449597 4.06384 0.114667 2.91608
170.082 231.881 1.56584 -1.50388 -0.00317258 4.56292 0.105715 3.23841
170.115 231.384 1.59677 -1.50515 -0.00513827 5.06106 0.0893897 3.55334
170.148 230.887 1.62118 -1.50721 -0.00637648 5.5586 0.0671142 3.86247
170.18 230.391 1.63782 -1.50899 -0.00696368 6.05588 0.0401401 4.16752
170.21 229.907 1.64563 -1.51157 -0.00700744 6.54135 0.011434 4.46311
170.238 229.422 1.64514 -1.51424 -0.00663019 7.02697 -0.0154777 4.75814
170.266 228.935 1.63724 -1.51674 -0.00595505 7.51488 -0.0373506 5.05533
170.292 228.445 1.62358 -1.51896 -0.00509539 8.00523 -0.0530119 5.35601
170.318 227.953 1.60583 -1.52085 -0.00414852 8.498 -0.0627407 5.66114
170.343 227.459 1.58566 -1.52238 -0.00319287 8.99304 -0.0666667 5.97133
170.367 226.962 1.56475 -1.52358 -0.00228783 9.49009 -0.0654006 6.28686
170.39 226.464 1.54452 -1.52449 -0.00147517 9.98884 -0.0604442 6.60769
170.413 225.964 1.52599 -1.52515 -0.000781222 10.4889 -0.0533616 6.9335
170.436 225.464 1.50968 -1.52565 -0.000219336 10.99 -0.0455084 7.26369
170.459 224.963 1.49584 -1.52603 0.000207737 11.4918 -0.0373094 7.59762
170.481 224.461 1.48469 -1.52638 0.000505628 11.994 -0.0290925 7.93465
170.504 223.959 1.47618 -1.52676 0.000686326 12.4963 -0.0211463 8.27398
170.526 223.457 1.47026 -1.52721 0.000766331 12.9985 -0.013696 8.61494
170.548 222.956 1.46677 -1.52777 0.000764952 13.5006 -0.00689208 8.95685
170.569 222.454 1.46546 -1.52847 0.000702729 14.0023 -0.000794902 9.29912
170.591 221.954 1.46614 -1.5293 0.000599891 14.5037 0.00455923 9.64124
170.611 221.453 1.46851 -1.53025 0.00047491 15.0048 0.00924046 9.98276
170.632 220.953 1.47237 -1.53129 0.000343344 15.5056 0.0133205 10.3233
170.651 220.452 1.47751 -1.53239 0.000217255 16.0061 0.016913 10.6627
170.671 219.953 1.48376 -1.53352 0.000105203 16.5063 0.0201418 11.0006
170.689 219.453 1.49104 -1.53467 1.2559e-05 17.0064 0.0231154 11.3368
170.707 218.953 1.49924 -1.53582 -5.80966e-05 17.5063 0.0259439 11.6712
170.725 218.454 1.50832 -1.53695 -0.000106553 18.0062 0.0287038 12.0036
170.742 217.954 1.51825 -1.53805 -0.000134472 18.506 0.0314443 12.3339
170.758 217.455 1.52902 -1.53912 -0.000144822 19.0058 0.0341808 12.662
170.774 216.955 1.54058 -1.54015 -0.000141312 19.5057 0.0368901 12.9877
170.789 216.455 1.55293 -1.54112 -0.000127886 20.0055 0.0395098 13.3109
170.804 215.956 1.56599 -1.54205 -0.000108319 20.5054 0.0419382 13.6314
170.818 215.456 1.57966 -1.54292 -8.59256e-05 21.0054 0.0440393 13.9493
170.832 214.956 1.5938 -1.54373 -6.3386e-05 21.5054 0.0456416 14.2644
170.846 214.456 1.60821 -1.54449 -4.26722e-05 22.0053 0.0465408 14.5767
170.859 213.956 1.62264 -1.5452 -2.5056e-05 22.5054 0.0465021 14.8862
170.872 213.457 1.63674 -1.54586 -1.11794e-05 23.0054 0.0452628 15.1931
170.884 212.957 1.65014 -1.54647 -1.16429e-06 23.5054 0.0425332 15.4973
170.896 212.457 1.66234 -1.54702 5.25857e-06 24.0055 0.0379988 15.7992
170.908 211.957 1.67278 -1.54754 8.61735e-06 24.5055 0.0313264 16.0991
170.92 211.457 1.68086 -1.548 9.57783e-06 25.0056 0.0225652 16.3972
170.931 210.957 1.68606 -1.54842 8.84117e-06 25.5056 0.012354 16.6942
170.943 210.457 1.68809 -1.54879 7.06589e-06 26.0056 0.00134179 16.9905
170.954 209.957 1.68684 -1.54912 4.81531e-06 26.5056 -0.00967778 17.2868
170.964 209.457 1.6825 -1.54941 2.52894e-06 27.0057 -0.0191976 17.5836
170.975 208.958 1.67576 -1.54964 5.14315e-07 27.5057 -0.0254685 17.8813
170.986 208.458 1.66782 -1.54984 -1.04529e-06 28.0057 -0.0267534 18.1804
170.996 207.958 1.66031 -1.54998 -2.07253e-06 28.5057 -0.0224252 18.4809
171.007 207.458 1.65489 -1.55008 -2.57172e-06 29.0057 -0.012739 18.7826
171.017 206.958 1.65301 -1.55013 -2.60284e-06 29.5057 -0.00531403 19
171.027 206.458 1.65301 -1.55013 -2.38748e-06 30.0057 -0.00531403 19
