175.182 246.833 1.46656 -2.59896 0.0888359 0 -0.0613954 0
174.722 246.555 1.44249 -2.55053 0.0904514 0.537699 -0.0672041 0.369681
174.275 246.256 1.41656 -2.50122 0.0921946 1.07542 -0.0706084 0.745815
173.844 245.934 1.38896 -2.45088 0.0941506 1.613 -0.0732556 1.12901
173.43 245.592 1.36005 -2.39938 0.0963474 2.15035 -0.0743368 1.51993
173.034 245.229 1.33058 -2.3466 0.0987393 2.68746 -0.0727866 1.91919
172.658 244.846 1.30184 -2.2925 0.101198 3.22441 -0.0674652 2.32721
172.303 244.443 1.27568 -2.22975 0.103511 3.76136 -0.0572796 2.74397
171.897 243.918 1.25065 -2.16637 0.106082 4.42445 -0.0367351 3.26929
171.584 243.456 1.23911 -2.10705 0.106725 4.98246 -0.0139864 3.71783
171.299 242.977 1.2387 -2.04783 0.106147 5.54061 0.0125981 4.16872
171.043 242.481 1.25072 -1.98964 0.104115 6.09805 0.0414242 4.61696
170.817 241.974 1.27558 -1.93345 0.100513 6.6538 0.0719282 5.0573
170.621 241.457 1.31333 -1.87998 0.0955483 7.20694 0.104945 5.48504
170.453 240.932 1.36281 -1.82925 0.0908244 7.7575 0.13469 5.89686
170.313 240.403 1.42025 -1.78239 0.0836652 8.3048 0.155821 6.29033
170.2 239.872 1.48173 -1.74079 0.0741501 8.84741 0.172685 6.66434
170.109 239.343 1.54527 -1.70925 0.0633927 9.38459 0.183975 7.0194
170.048 238.906 1.5968 -1.67664 0.0578663 9.82612 0.180041 7.30051
169.983 238.294 1.66263 -1.64775 0.0470471 10.4412 0.171912 7.67781
169.943 237.774 1.71643 -1.63242 0.0314905 10.9626 0.178455 7.98647
169.916 237.336 1.76306 -1.61535 0.0319568 11.4021 0.191272 8.23904
169.889 236.745 1.82974 -1.5982 0.0319204 11.9934 0.214611 8.56834
169.875 236.23 1.89231 -1.58318 0.0305719 12.5085 0.237726 8.84518
169.869 235.716 1.95897 -1.57161 0.0278609 13.0227 0.261628 9.11237
169.868 235.326 2.01193 -1.55906 0.0260194 13.4123 0.278029 9.30863
169.875 234.8 2.0857 -1.54807 0.0215086 13.9381 0.295878 9.56521
169.886 234.288 2.15873 -1.53979 0.0163357 14.451 0.307627 9.80706
169.902 233.784 2.23006 -1.53405 0.0114132 14.9549 0.31287 10.0366
169.92 233.288 2.29853 -1.53013 0.00683306 15.4515 0.310488 10.2559
169.945 232.675 2.37831 -1.5291 0.000954473 16.0649 0.29559 10.5182
169.966 232.176 2.43754 -1.52971 -0.00211189 16.5646 0.274779 10.7257
169.986 231.678 2.49052 -1.53158 -0.00442146 17.0629 0.24858 10.9279
170.006 231.181 2.53671 -1.53433 -0.00597934 17.5602 0.217713 11.1257
170.024 230.684 2.57569 -1.53758 -0.00684348 18.057 0.182776 11.32
170.04 230.188 2.60726 -1.54102 -0.00711036 18.5535 0.146042 11.5116
170.055 229.692 2.63155 -1.54439 -0.00689853 19.0501 0.109429 11.7011
170.068 229.195 2.64874 -1.5475 -0.00633312 19.5469 0.0744522 11.8892
170.08 228.698 2.65955 -1.55022 -0.00553356 20.044 0.0420545 12.0765
170.09 228.201 2.6646 -1.55249 -0.00460535 20.5416 0.012782 12.2634
170.099 227.703 2.66451 -1.55427 -0.00363582 21.0397 -0.0131076 12.4503
170.108 227.207 2.65996 -1.55559 -0.00269291 21.5357 -0.0354568 12.6366
170.115 226.709 2.65153 -1.55648 -0.00182605 22.0331 -0.0545402 12.8238
170.122 226.21 2.63973 -1.557 -0.00106814 22.5321 -0.0705287 13.0124
170.129 225.71 2.62508 -1.55721 -0.000437955 23.0324 -0.0836094 13.2024
170.136 225.209 2.60804 -1.55718 5.73259e-05 23.5336 -0.0939288 13.394
170.143 224.707 2.58911 -1.55697 0.000419845 24.0354 -0.101672 13.5871
170.15 224.206 2.56879 -1.55664 0.000658908 24.5368 -0.106936 13.7815
170.157 223.706 2.54757 -1.55625 0.000789044 25.0371 -0.109723 13.9771
170.164 223.205 2.52587 -1.55584 0.0008282 25.5376 -0.109966 14.1744
170.172 222.705 2.50419 -1.55545 0.000796094 26.038 -0.107655 14.3733
170.179 222.205 2.48304 -1.55511 0.000712703 26.5383 -0.102794 14.574
170.187 221.704 2.46297 -1.55482 0.000596971 27.0386 -0.0953318 14.7763
170.195 221.204 2.44453 -1.55459 0.00046576 27.5389 -0.085173 14.9802
170.203 220.704 2.42832 -1.55444 0.0003331 28.0391 -0.0722353 15.1855
170.211 220.204 2.41494 -1.55434 0.000209774 28.5392 -0.0568777 15.3921
170.22 219.704 2.40487 -1.55429 0.000103207 29.0393 -0.0397077 15.5996
170.228 219.204 2.39854 -1.55429 1.76502e-05 29.5393 -0.02135 15.8078
170.236 218.704 2.39585 -1.55432 -4.5421e-05 30.0393 -0.00829227 16
170.244 218.204 2.39585 -1.55436 -8.6768e-05 30.5392 -0.00829227 16
170.253 217.704 2.39585 -1.55436 -0.000108778 31.0392 -0.00829227 16
