169.896 235.926 1.33705 -1.56318 0.029459 0 -0.00321136 0
169.9 235.413 1.41258 -1.54809 0.0261776 0.513003 0.247457 0.374708
169.912 234.902 1.49763 -1.53469 0.0217168 1.02416 0.235389 0.725905
169.93 234.394 1.57239 -1.52386 0.0165766 1.53301 0.214601 1.05724
169.954 233.888 1.63593 -1.51566 0.0116585 2.03945 0.186849 1.37283
169.982 233.384 1.68776 -1.50995 0.00707849 2.54363 0.154196 1.67607
170.012 232.883 1.72793 -1.50649 0.00299057 3.04578 0.119043 1.96994
170.044 232.384 1.75708 -1.50497 -0.000458735 3.54621 0.0843597 2.25698
170.077 231.886 1.77629 -1.50502 -0.00317912 4.04529 0.0519961 2.53936
170.11 231.389 1.78668 -1.50625 -0.00514239 4.5434 0.0223724 2.81886
170.142 230.892 1.78921 -1.50827 -0.00637845 5.04092 -0.00408923 3.09703
170.173 230.396 1.78475 -1.51032 -0.00696383 5.53816 -0.0269952 3.37521
170.203 229.906 1.77461 -1.51259 -0.0070061 6.02846 -0.0459513 3.65065
170.231 229.422 1.75986 -1.51519 -0.00662766 6.51403 -0.0610426 3.92536
170.258 228.935 1.74121 -1.51762 -0.00595158 7.0019 -0.0724864 4.20398
170.284 228.445 1.71948 -1.51976 -0.00509118 7.49221 -0.080256 4.48733
170.309 227.953 1.69562 -1.52157 -0.00414372 7.98495 -0.084577 4.77589
170.334 227.458 1.67051 -1.52302 -0.00318759 8.47996 -0.0857271 5.07
170.357 226.962 1.645 -1.52414 -0.00228215 8.97698 -0.0840609 5.36983
170.381 226.464 1.61989 -1.52495 -0.00146914 9.47571 -0.0800094 5.67535
170.404 225.964 1.59589 -1.52551 -0.000774878 9.9758 -0.0740509 5.98638
170.426 225.464 1.5736 -1.5259 -0.000212721 10.4769 -0.0666841 6.3026
170.449 224.962 1.55353 -1.52618 0.000214577 10.9787 -0.0584041 6.62359
170.471 224.461 1.53597 -1.52642 0.00051263 11.4808 -0.0496957 6.94873
170.493 223.959 1.52106 -1.52667 0.000693393 11.9831 -0.0409703 7.27739
170.516 223.457 1.50887 -1.527 0.00077329 12.4854 -0.0325804 7.60895
170.538 222.956 1.49933 -1.52744 0.000771497 12.9874 -0.0248083 7.9428
170.559 222.454 1.4922 -1.52802 0.000708388 13.4892 -0.0178319 8.27829
170.581 221.953 1.48723 -1.52875 0.000604117 13.9906 -0.0117766 8.61492
170.602 221.453 1.48415 -1.52963 0.000477315 14.4917 -0.00669183 8.95224
170.622 220.952 1.48261 -1.53063 0.000343937 14.9925 -0.002544 9.28985
170.643 220.452 1.48232 -1.53171 0.000216447 15.493 0.000705463 9.62748
170.662 219.952 1.483 -1.53284 0.000103567 15.9932 0.00316116 9.9649
170.681 219.453 1.48437 -1.534 1.05686e-05 16.4933 0.00493421 10.302
170.699 218.953 1.48625 -1.53516 -6.0171e-05 16.9932 0.00612092 10.6386
170.717 218.454 1.48844 -1.53631 -0.000108598 17.4931 0.00684703 10.9747
170.734 217.954 1.4908 -1.53744 -0.000136448 17.993 0.00720564 11.3102
170.751 217.454 1.49324 -1.53853 -0.000146715 18.4928 0.00727764 11.6452
170.767 216.955 1.49565 -1.53958 -0.000143114 18.9926 0.0071348 11.9797
170.783 216.455 1.49799 -1.54058 -0.000129592 19.4925 0.00682224 12.3136
170.798 215.956 1.50019 -1.54153 -0.000109924 19.9924 0.00636962 12.6471
170.813 215.456 1.50222 -1.54243 -8.7427e-05 20.4923 0.0057926 12.9801
170.827 214.956 1.50403 -1.54327 -6.47827e-05 20.9923 0.00508849 13.3127
170.841 214.456 1.50558 -1.54406 -4.39645e-05 21.4923 0.0042428 13.645
170.854 213.956 1.50683 -1.54479 -2.62454e-05 21.9923 0.00323498 13.977
170.867 213.457 1.50771 -1.54548 -1.22686e-05 22.4924 0.00203338 14.3087
170.88 212.957 1.50815 -1.54612 -2.15676e-06 22.9924 0.000598918 14.6403
170.892 212.457 1.50807 -1.54671 4.35835e-06 23.4925 -0.00110206 14.9719
170.904 211.957 1.50739 -1.54726 7.80425e-06 23.9925 -0.00310947 15.3035
170.916 211.457 1.50597 -1.54776 8.84604e-06 24.4925 -0.00547034 15.6354
170.927 210.957 1.5037 -1.54821 8.18425e-06 24.9926 -0.008212 15.9676
170.939 210.457 1.50047 -1.54863 6.47678e-06 25.4926 -0.0113655 16.3005
170.95 209.957 1.49607 -1.54899 4.28631e-06 25.9926 -0.0149687 16.6342
170.961 209.457 1.49039 -1.54932 2.05169e-06 26.4926 -0.0190237 16.9691
170.971 208.957 1.48328 -1.5496 7.98117e-08 26.9926 -0.0233346 17.3053
170.982 208.458 1.47478 -1.54983 -1.44677e-06 27.4927 -0.0266186 17.6434
170.992 207.958 1.46553 -1.55002 -2.45142e-06 27.9927 -0.0272297 17.9835
171.003 207.458 1.45672 -1.55016 -2.93917e-06 28.4927 -0.0235604 18.3257
171.013 206.958 1.44994 -1.55026 -2.97078e-06 28.9927 -0.0150949 18.6698
171.023 206.458 1.44679 -1.55031 -2.63815e-06 29.4927 -0.00465855 19
171.034 205.958 1.44679 -1.55031 -2.16607e-06 29.9927 -0.00465855 19
