273.775 250.118 3.01555 -3.12902 7.55041e-17 0 -0.00161753 0
273.275 250.112 3.01562 -3.129 -7.71717e-10 0.5 0.00105666 0.165806
272.775 250.106 3.0158 -3.12898 2.03166e-10 1 0.000791687 0.331603
272.275 250.1 3.01594 -3.12897 3.73106e-10 1.5 0.000516045 0.497392
271.775 250.093 3.01602 -3.12897 1.5191e-10 2 0.000221844 0.663174
271.275 250.087 3.01606 -3.12897 -1.52708e-10 2.5 -9.52179e-05 0.828954
270.775 250.081 3.01604 -3.12898 -3.27659e-10 3 -0.000441298 0.994732
270.275 250.074 3.01595 -3.12899 -2.43454e-10 3.5 -0.00082615 1.16051
269.775 250.068 3.0158 -3.12901 1.57155e-10 4 -0.00125223 1.3263
269.275 250.062 3.01558 -3.12903 8.70402e-10 4.5 -0.00172666 1.4921
268.776 250.055 3.01527 -3.12905 1.84273e-09 5 -0.00225986 1.65791
268.276 250.049 3.01486 -3.12907 2.98215e-09 5.5 -0.00285265 1.82375
267.776 250.043 3.01436 -3.12909 4.16921e-09 6 -0.0035133 1.9896
267.276 250.037 3.01373 -3.12912 5.26861e-09 6.5 -0.00425197 2.15549
266.776 250.03 3.01297 -3.12914 6.1401e-09 7 -0.00506805 2.32142
266.276 250.024 3.01208 -3.12916 6.64992e-09 7.5 -0.0059709 2.48739
265.776 250.018 3.01101 -3.12918 6.682e-09 8 -0.00696955 2.65342
265.276 250.012 3.00978 -3.12919 6.14916e-09 8.5 -0.00806203 2.81951
264.776 250.006 3.00836 -3.12921 5.00444e-09 9 -0.00925843 2.98567
264.276 249.999 3.00672 -3.12921 3.25228e-09 9.5 -0.0105659 3.15192
263.776 249.993 3.00486 -3.12922 9.59795e-10 10 -0.011981 3.31826
263.276 249.987 3.00275 -3.12921 -1.73196e-09 10.5 -0.0135137 3.48471
262.776 249.981 3.00037 -3.1292 -4.59651e-09 11 -0.0151688 3.65129
262.276 249.975 2.99771 -3.12918 -7.31074e-09 11.5 -0.0169409 3.81801
261.776 249.968 2.99474 -3.12916 -9.44207e-09 12 -0.0188385 3.98488
261.276 249.962 2.99143 -3.12912 -1.0435e-08 12.5 -0.0208637 4.15194
260.776 249.956 2.98777 -3.12907 -9.60512e-09 13 -0.0230084 4.31918
260.276 249.95 2.98374 -3.12902 -6.18946e-09 13.5 -0.0252775 4.48664
259.776 249.943 2.9793 -3.12896 4.325e-10 14 -0.0276705 4.65434
259.276 249.937 2.97446 -3.12888 1.02489e-08 14.5 -0.0301753 4.82229
258.776 249.931 2.96917 -3.12881 2.20576e-08 15 -0.0327905 4.99053
258.276 249.924 2.96341 -3.12873 3.34553e-08 15.5 -0.0355125 5.1591
257.776 249.918 2.95719 -3.12866 4.1779e-08 16 -0.0383237 5.328
257.276 249.911 2.95048 -3.1286 4.53971e-08 16.5 -0.0412141 5.49725
256.776 249.905 2.94322 -3.12855 4.42396e-08 17 -0.0441742 5.66694
256.277 249.898 2.93545 -3.12851 3.93109e-08 17.5 -0.0471797 5.83704
255.777 249.892 2.92717 -3.12848 3.19002e-08 18 -0.0502117 6.0076
255.277 249.885 2.91831 -3.12845 2.31245e-08 18.5 -0.053246 6.17868
254.777 249.879 2.90891 -3.12844 1.3837e-08 19 -0.0562522 6.35029
254.277 249.872 2.89898 -3.12844 4.68024e-09 19.5 -0.0591996 6.52246
253.777 249.866 2.88852 -3.12844 -3.86037e-09 20 -0.0620511 6.69523
253.277 249.859 2.87751 -3.12845 -1.14264e-08 20.5 -0.0647531 6.86867
252.777 249.852 2.86602 -3.12847 -1.777e-08 21 -0.0672658 7.04278
252.277 249.846 2.85407 -3.12849 -2.27417e-08 21.5 -0.0695369 7.21759
251.777 249.839 2.84169 -3.12851 -2.62792e-08 22 -0.0714984 7.39315
251.277 249.833 2.82893 -3.12855 -2.83958e-08 22.5 -0.0730633 7.56951
250.777 249.826 2.81588 -3.12858 -2.91693e-08 23 -0.0741729 7.74667
250.277 249.82 2.80263 -3.12861 -2.87307e-08 23.5 -0.0747429 7.92465
249.777 249.813 2.78926 -3.12865 -2.72533e-08 24 -0.0746797 8.10346
249.277 249.807 2.77591 -3.12869 -2.49418e-08 24.5 -0.0738339 8.28316
248.777 249.8 2.76273 -3.12873 -2.20171e-08 25 -0.0721156 8.46372
248.277 249.794 2.74989 -3.12877 -1.87141e-08 25.5 -0.0694078 8.64513
247.777 249.787 2.73757 -3.12881 -1.52611e-08 26 -0.0655747 8.82736
247.277 249.781 2.72601 -3.12884 -1.18735e-08 26.5 -0.0604706 9.01038
246.777 249.775 2.71547 -3.12887 -8.7416e-09 27 -0.0539121 9.19416
246.277 249.768 2.70629 -3.1289 -6.01938e-09 27.5 -0.0457059 9.37862
245.777 249.762 2.69875 -3.12893 -3.8134e-09 28 -0.0357256 9.56365
245.277 249.756 2.69322 -3.12895 -2.17144e-09 28.5 -0.0237966 9.74912
244.777 249.749 2.69 -3.12896 -1.07062e-09 29 -0.0112604 9.9349
244.278 249.743 2.6893 -3.12897 -4.09817e-10 29.5 -0.00870618 10
243.778 249.737 2.6893 -3.12897 -1.12568e-10 30 -0.00870618 10
