170.147 239.571 1.18109 -1.7175 0.0688999 0 0.00490996 9.0816e-07
170.069 239.042 1.17932 -1.68665 0.0579296 0.533889 0.0244202 0.453013
170.018 238.601 1.19699 -1.65646 0.0524866 0.978264 0.0679914 0.827458
169.966 237.995 1.24055 -1.62985 0.0420302 1.58611 0.101741 1.32677
169.936 237.481 1.28497 -1.61388 0.0319765 2.10143 0.116897 1.73502
169.916 237.029 1.32875 -1.59762 0.0321279 2.55416 0.136894 2.08164
169.901 236.451 1.39348 -1.57868 0.0314791 3.13168 0.169081 2.50635
169.897 235.937 1.46 -1.563 0.0294821 3.64599 0.199658 2.86696
169.901 235.424 1.5334 -1.54872 0.0261541 4.15903 0.228279 3.21002
169.912 234.913 1.61169 -1.53651 0.0216744 4.67022 0.252428 3.53513
169.929 234.404 1.69252 -1.52684 0.0165141 5.17912 0.271567 3.84323
169.952 233.898 1.77409 -1.51979 0.0115809 5.68559 0.286101 4.13551
169.977 233.395 1.85528 -1.51522 0.00698909 6.1898 0.297838 4.4135
170.005 232.893 1.93538 -1.51288 0.0028946 6.69196 0.306169 4.67842
170.034 232.394 2.01358 -1.51246 -0.000555806 7.19236 0.310227 4.93184
170.063 231.896 2.08903 -1.5136 -0.00327234 7.69138 0.308921 5.17513
170.092 231.398 2.16067 -1.51588 -0.00522786 8.18939 0.301128 5.40956
170.119 230.902 2.22738 -1.51893 -0.0064536 8.68674 0.287072 5.63612
170.145 230.406 2.28852 -1.52241 -0.00702742 9.18378 0.267463 5.8562
170.169 229.909 2.34341 -1.52573 -0.00705803 9.68078 0.242591 6.07078
170.191 229.421 2.39065 -1.52914 -0.00666863 10.1698 0.213093 6.27734
170.211 228.933 2.43059 -1.53244 -0.00598279 10.6573 0.180804 6.47956
170.23 228.444 2.46356 -1.53542 -0.00511404 11.1473 0.147547 6.67975
170.247 227.952 2.48965 -1.53803 -0.00415961 11.6397 0.114675 6.87853
170.264 227.457 2.50921 -1.54026 -0.0031977 12.1344 0.0830194 7.07641
170.279 226.961 2.52262 -1.54213 -0.00228743 12.6312 0.0529949 7.2738
170.293 226.463 2.53027 -1.54367 -0.00147023 13.1296 0.0247167 7.47106
170.307 225.963 2.53252 -1.54496 -0.000772141 13.6295 -0.00188493 7.66848
170.319 225.462 2.52965 -1.54607 -0.000206233 14.1303 -0.0269831 7.86633
170.332 224.961 2.52192 -1.54705 0.000225066 14.6319 -0.0508011 8.06488
170.344 224.459 2.50951 -1.54797 0.000527739 15.1339 -0.0735412 8.26438
170.355 223.957 2.49256 -1.54888 0.000714037 15.636 -0.095365 8.46513
170.366 223.455 2.47114 -1.54979 0.000800401 16.1381 -0.116349 8.6674
170.377 222.953 2.44534 -1.55072 0.000805642 16.64 -0.136465 8.87155
170.387 222.452 2.41521 -1.55166 0.000749483 17.1416 -0.155567 9.07792
170.396 221.95 2.38084 -1.55262 0.000651326 17.643 -0.173377 9.28693
170.406 221.449 2.34238 -1.5536 0.000529132 18.1439 -0.189474 9.49899
170.414 220.949 2.29995 -1.5546 0.000398465 18.6446 -0.203205 9.71471
170.422 220.449 2.25405 -1.55563 0.000271834 19.145 -0.213871 9.9345
170.43 219.949 2.20524 -1.55666 0.000158395 19.6451 -0.220671 10.1588
170.437 219.449 2.15428 -1.55769 6.39806e-05 20.1451 -0.22345 10.3881
170.443 218.949 2.10185 -1.55871 -8.59437e-06 20.645 -0.222446 10.623
170.45 218.449 2.04874 -1.55971 -5.90506e-05 21.1447 -0.218134 10.8639
170.455 217.949 1.99568 -1.56067 -8.90512e-05 21.6445 -0.210948 11.111
170.46 217.45 1.94335 -1.56158 -0.000101581 22.1443 -0.2012 11.3648
170.465 216.95 1.89242 -1.56245 -0.000100359 22.644 -0.189407 11.6254
170.469 216.45 1.84349 -1.56326 -8.93288e-05 23.1439 -0.175984 11.893
170.473 215.95 1.79718 -1.56401 -7.22552e-05 23.6437 -0.16137 12.1677
170.476 215.45 1.75389 -1.5647 -5.24375e-05 24.1436 -0.146067 12.4493
170.479 214.95 1.71401 -1.56532 -3.25362e-05 24.6436 -0.130539 12.7377
170.482 214.45 1.67778 -1.56589 -1.45014e-05 25.1436 -0.115251 13.0326
170.484 213.95 1.64531 -1.56639 4.16804e-07 25.6436 -0.100652 13.3336
170.487 213.45 1.61655 -1.56683 1.15969e-05 26.1437 -0.0871658 13.6403
170.488 212.95 1.59128 -1.56722 1.89351e-05 26.6437 -0.0751729 13.9521
170.49 212.45 1.56916 -1.56755 2.27153e-05 27.1438 -0.0648607 14.2686
170.492 211.95 1.54985 -1.56782 2.34777e-05 27.6439 -0.0555204 14.5893
170.493 211.45 1.53337 -1.56804 2.18966e-05 28.1439 -0.0459583 14.9138
170.495 210.95 1.5201 -1.5682 1.86796e-05 28.644 -0.0349295 15.2414
170.496 210.45 1.51065 -1.56831 1.44895e-05 29.1441 -0.0220023 15.5714
170.497 209.95 1.50572 -1.56836 9.89272e-06 29.6441 -0.00724522 15.9031
170.499 209.45 1.50512 -1.56836 5.85071e-06 30.1442 -0.00494755 16
