170.071 197.703 3.01524 -1.55375 -3.64821e-08 0 -0.00214538 0
170.08 197.203 3.01532 -1.55368 5.63896e-08 0.5 0.00130479 0.165823
170.088 196.703 3.01554 -1.55361 5.40027e-08 1 0.0010222 0.331636
170.097 196.203 3.01572 -1.55355 5.29885e-08 1.5 0.000729362 0.497438
170.106 195.703 3.01583 -1.5535 5.18684e-08 2 0.00041851 0.663232
170.114 195.203 3.0159 -1.55346 4.95532e-08 2.5 8.53418e-05 0.829021
170.123 194.703 3.01591 -1.55343 4.54221e-08 3 -0.000276238 0.994807
170.132 194.203 3.01585 -1.5534 3.932e-08 3.5 -0.000675907 1.1606
170.14 193.703 3.01572 -1.55339 3.14877e-08 4 -0.00111616 1.32639
170.149 193.203 3.01552 -1.55338 2.24198e-08 4.5 -0.00160407 1.49219
170.158 192.704 3.01523 -1.55337 1.27513e-08 5 -0.00215001 1.65801
170.166 192.204 3.01484 -1.55337 3.14577e-09 5.5 -0.00275488 1.82384
170.175 191.704 3.01435 -1.55338 -5.79028e-09 6 -0.00342687 1.9897
170.184 191.204 3.01373 -1.55339 -1.3566e-08 6.5 -0.00417616 2.15559
170.193 190.704 3.01299 -1.5534 -1.9844e-08 7 -0.00500219 2.32151
170.201 190.204 3.0121 -1.55342 -2.44201e-08 7.5 -0.00591427 2.48749
170.21 189.704 3.01105 -1.55343 -2.72358e-08 8 -0.00692147 2.65351
170.219 189.204 3.00983 -1.55345 -2.83222e-08 8.5 -0.00802185 2.8196
170.227 188.704 3.00841 -1.55346 -2.77804e-08 9 -0.00922547 2.98576
170.236 188.204 3.00678 -1.55348 -2.57565e-08 9.5 -0.0105396 3.152
170.245 187.704 3.00492 -1.55349 -2.24029e-08 10 -0.0119606 3.31834
170.253 187.204 3.00282 -1.5535 -1.78423e-08 10.5 -0.0134987 3.48479
170.262 186.704 3.00044 -1.55351 -1.21649e-08 11 -0.0151586 3.65137
170.271 186.204 2.99778 -1.55351 -5.40489e-09 11.5 -0.016935 3.81808
170.279 185.705 2.99481 -1.55351 2.4749e-09 12 -0.0188363 3.98495
170.288 185.205 2.99149 -1.5535 1.15572e-08 12.5 -0.0208648 4.152
170.297 184.705 2.98784 -1.55349 2.19193e-08 13 -0.0230124 4.31924
170.305 184.205 2.98381 -1.55347 3.34399e-08 13.5 -0.0252838 4.48669
170.314 183.705 2.97937 -1.55344 4.54572e-08 14 -0.0276788 4.65439
170.323 183.205 2.97452 -1.55341 5.63948e-08 14.5 -0.0301852 4.82234
170.331 182.705 2.96924 -1.55338 6.37907e-08 15 -0.0328017 4.99058
170.34 182.205 2.96347 -1.55334 6.51023e-08 15.5 -0.0355247 5.15914
170.349 181.705 2.95724 -1.55331 5.90019e-08 16 -0.0383366 5.32804
170.357 181.205 2.95053 -1.55329 4.62172e-08 16.5 -0.0412276 5.49729
170.366 180.705 2.94327 -1.55328 2.90319e-08 17 -0.044188 5.66697
170.375 180.205 2.9355 -1.55327 1.00535e-08 17.5 -0.0471937 5.83707
170.384 179.705 2.92722 -1.55328 -8.7222e-09 18 -0.0502257 6.00763
170.392 179.206 2.91836 -1.55329 -2.60954e-08 18.5 -0.0532598 6.1787
170.401 178.706 2.90896 -1.55331 -4.14318e-08 19 -0.0562658 6.35031
170.41 178.206 2.89902 -1.55334 -5.43997e-08 19.5 -0.0592128 6.52248
170.419 177.706 2.88856 -1.55337 -6.48335e-08 20 -0.0620639 6.69525
170.427 177.206 2.87755 -1.55341 -7.2663e-08 20.5 -0.0647652 6.86869
170.436 176.706 2.86605 -1.55345 -7.79015e-08 21 -0.0672773 7.0428
170.445 176.206 2.8541 -1.5535 -8.06367e-08 21.5 -0.0695476 7.2176
170.453 175.706 2.84172 -1.55355 -8.10094e-08 22 -0.0715084 7.39316
170.462 175.206 2.82896 -1.5536 -7.92092e-08 22.5 -0.0730724 7.56952
170.471 174.706 2.81591 -1.55366 -7.54884e-08 23 -0.0741812 7.74668
170.479 174.206 2.80266 -1.55371 -7.01338e-08 23.5 -0.0747503 7.92465
170.488 173.706 2.78929 -1.55377 -6.34968e-08 24 -0.0746862 8.10346
170.496 173.206 2.77594 -1.55382 -5.59657e-08 24.5 -0.0738396 8.28316
170.505 172.707 2.76276 -1.55388 -4.79886e-08 25 -0.0721204 8.46372
170.513 172.207 2.74991 -1.55393 -4.00587e-08 25.5 -0.0694118 8.64513
170.522 171.707 2.73759 -1.55398 -3.26887e-08 26 -0.065578 8.82736
170.53 171.207 2.72603 -1.55402 -2.63894e-08 26.5 -0.0604732 9.01038
170.538 170.707 2.7155 -1.55406 -2.16143e-08 27 -0.0539142 9.19415
170.547 170.207 2.70631 -1.5541 -1.8706e-08 27.5 -0.0457075 9.37861
170.555 169.707 2.69878 -1.55413 -1.77905e-08 28 -0.035727 9.56364
170.563 169.207 2.69324 -1.55415 -1.87219e-08 28.5 -0.0237979 9.74911
170.572 168.707 2.69002 -1.55417 -2.09558e-08 29 -0.011261 9.93488
170.58 168.207 2.68932 -1.55418 -2.34997e-08 29.5 -0.00870623 10
170.588 167.707 2.68932 -1.55418 -2.56926e-08 30 -0.00870623 10
