192.254 115.965 1.88805 0.0213557 -0.0041422 0 0.832882 0
192.749 115.975 2.06897 0.0178336 -0.00315319 0.495121 0.666063 0.249386
193.246 115.984 2.21396 0.0145612 -0.0021986 0.992139 0.582614 0.481444
193.745 115.991 2.33372 0.0119192 -0.00134692 1.4908 0.507606 0.700788
194.244 115.997 2.4328 0.00984236 -0.00062503 1.99078 0.43951 0.910392
194.745 116.002 2.51534 0.00825842 -4.63651e-05 2.49179 0.376772 1.11279
195.247 116.006 2.58374 0.00709135 0.000386951 2.9935 0.318578 1.30952
195.749 116.01 2.63981 0.00624596 0.00068189 3.49549 0.264226 1.50169
196.25 116.013 2.68456 0.00571581 0.000852303 3.99599 0.213316 1.68961
196.75 116.016 2.71945 0.00542419 0.000916769 4.49657 0.165102 1.87478
197.251 116.019 2.74539 0.00532978 0.000896568 4.99715 0.1192 2.05793
197.751 116.021 2.76306 0.00540212 0.000813842 5.4977 0.075341 2.23962
198.252 116.024 2.77295 0.00562118 0.000690011 5.99819 0.0333583 2.4204
198.752 116.027 2.7755 0.00597646 0.000544491 6.49859 -0.00684062 2.60074
199.252 116.03 2.77063 0.0064654 0.000393768 6.9989 -0.0451766 2.78113
199.753 116.033 2.75905 0.00709139 0.00025085 7.49913 -0.0817157 2.96202
200.253 116.037 2.74101 0.00786084 0.000125087 7.99927 -0.116399 3.14386
200.753 116.04 2.71669 0.00877876 2.23164e-05 8.49934 -0.149264 3.32707
201.253 116.045 2.68625 0.00984242 -5.47498e-05 8.99935 -0.180424 3.5121
201.753 116.05 2.64974 0.0110345 -0.000106044 9.49932 -0.209972 3.69942
202.253 116.055 2.60705 0.0123202 -0.000133666 9.99926 -0.237948 3.88963
202.753 116.061 2.55837 0.013652 -0.000141385 10.4992 -0.26446 4.08319
203.252 116.068 2.50363 0.014983 -0.000133973 10.9991 -0.289533 4.28069
203.752 116.076 2.44271 0.0162775 -0.000116369 11.499 -0.313159 4.48279
204.252 116.084 2.37545 0.0175147 -9.303e-05 11.999 -0.335288 4.69024
204.752 116.093 2.30159 0.0186848 -6.76157e-05 12.4989 -0.35579 4.90396
205.252 116.102 2.22073 0.0197841 -4.29244e-05 12.9989 -0.374406 5.12516
205.752 116.112 2.13276 0.0208107 -2.0928e-05 13.4989 -0.390839 5.35487
206.252 116.122 2.03747 0.0217632 -2.83955e-06 13.9989 -0.404586 5.59444
206.752 116.133 1.93415 0.0226401 1.07903e-05 14.4989 -0.414609 5.84641
207.252 116.145 1.82307 0.0234396 1.99498e-05 14.9989 -0.419864 6.1124
207.751 116.156 1.70404 0.0241603 2.50258e-05 15.4989 -0.418999 6.39585
208.251 116.168 1.57738 0.0248012 2.66635e-05 15.9989 -0.411131 6.7006
208.751 116.181 1.4437 0.0253615 2.5638e-05 16.499 -0.394684 7.032
209.251 116.193 1.30467 0.0258407 2.27469e-05 16.999 -0.367792 7.39584
209.751 116.206 1.16323 0.0262388 1.87303e-05 17.499 -0.328009 7.80147
210.251 116.219 1.02552 0.026556 1.42165e-05 17.999 -0.272045 8.25958
210.751 116.233 0.902887 0.0267928 9.69395e-06 18.499 -0.197683 8.77981
211.25 116.246 0.813822 0.0269499 5.50505e-06 18.9991 -0.1056 9.36548
211.75 116.26 0.779336 0.0270321 1.85598e-06 19.4991 -0.0075223 9.99737
212.25 116.273 0 0.0270321 -6.83602e-07 19.9991 0 10
