170.314 183.705 3.01555 -1.55369 1.05429e-10 0 -0.00161778 0
170.322 183.205 3.01562 -1.5537 -7.83672e-09 0.5 0.0010586 0.165806
170.331 182.705 3.0158 -1.55371 -1.6766e-08 1 0.000793593 0.331603
170.339 182.205 3.01594 -1.55373 -2.42015e-08 1.5 0.000517898 0.497392
170.348 181.705 3.01602 -1.55376 -2.99925e-08 2 0.000223627 0.663174
170.356 181.205 3.01606 -1.55379 -3.40639e-08 2.5 -9.35146e-05 0.828954
170.365 180.705 3.01604 -1.55383 -3.64355e-08 3 -0.000439682 0.994732
170.373 180.205 3.01596 -1.55387 -3.71991e-08 3.5 -0.000824624 1.16051
170.382 179.705 3.01581 -1.55391 -3.65081e-08 4 -0.0012508 1.3263
170.39 179.206 3.01558 -1.55395 -3.45603e-08 4.5 -0.00172532 1.4921
170.399 178.706 3.01527 -1.554 -3.15921e-08 5 -0.00225861 1.65791
170.407 178.206 3.01487 -1.55404 -2.78598e-08 5.5 -0.00285149 1.82375
170.415 177.706 3.01436 -1.55409 -2.36326e-08 6 -0.00351223 1.9896
170.424 177.206 3.01373 -1.55413 -1.91668e-08 6.5 -0.00425098 2.15549
170.432 176.706 3.01298 -1.55418 -1.47052e-08 7 -0.00506714 2.32142
170.44 176.206 3.01208 -1.55422 -1.04695e-08 7.5 -0.00597008 2.48739
170.449 175.706 3.01102 -1.55426 -6.64022e-09 8 -0.00696882 2.65342
170.457 175.206 3.00979 -1.55429 -3.35144e-09 8.5 -0.00806138 2.81951
170.465 174.706 3.00836 -1.55432 -7.05378e-10 9 -0.00925787 2.98567
170.474 174.206 3.00672 -1.55434 1.25635e-09 9.5 -0.0105655 3.15192
170.482 173.706 3.00487 -1.55436 2.52222e-09 10 -0.0119806 3.31826
170.49 173.206 3.00276 -1.55437 3.13916e-09 10.5 -0.0135135 3.48471
170.498 172.706 3.00038 -1.55438 3.18944e-09 11 -0.0151687 3.65129
170.506 172.206 2.99772 -1.55437 2.80569e-09 11.5 -0.0169409 3.81801
170.515 171.707 2.99474 -1.55436 2.19683e-09 12 -0.0188386 3.98488
170.523 171.207 2.99143 -1.55433 1.66783e-09 12.5 -0.020864 4.15193
170.531 170.707 2.98778 -1.5543 1.65964e-09 13 -0.0230089 4.31917
170.539 170.207 2.98375 -1.55425 2.72332e-09 13.5 -0.0252783 4.48663
170.548 169.707 2.9793 -1.5542 5.37606e-09 14 -0.0276715 4.65433
170.556 169.207 2.97446 -1.55413 9.66516e-09 14.5 -0.0301767 4.82229
170.564 168.707 2.96918 -1.55406 1.47767e-08 15 -0.0327922 4.99053
170.573 168.207 2.96342 -1.554 1.91373e-08 15.5 -0.0355146 5.1591
170.581 167.707 2.95719 -1.55393 2.14245e-08 16 -0.0383263 5.32799
170.589 167.207 2.95048 -1.55388 2.17698e-08 16.5 -0.0412172 5.49725
170.598 166.707 2.94322 -1.55383 2.20813e-08 17 -0.0441779 5.66693
170.606 166.207 2.93545 -1.55379 2.52459e-08 17.5 -0.047184 5.83704
170.615 165.707 2.92717 -1.55377 3.39806e-08 18 -0.0502165 6.00759
170.623 165.207 2.91831 -1.55375 5.00005e-08 18.5 -0.0532515 6.17867
170.632 164.708 2.90891 -1.55374 7.34682e-08 19 -0.0562582 6.35028
170.64 164.208 2.89898 -1.55374 1.0256e-07 19.5 -0.0592062 6.52245
170.649 163.708 2.88852 -1.55375 1.33153e-07 20 -0.0620582 6.69522
170.657 163.208 2.87751 -1.55376 1.58627e-07 20.5 -0.0647606 6.86867
170.666 162.708 2.86601 -1.55378 1.70004e-07 21 -0.0672738 7.04278
170.675 162.208 2.85406 -1.55381 1.56513e-07 21.5 -0.0695453 7.21759
170.683 161.708 2.84168 -1.55384 1.06736e-07 22 -0.0715075 7.39315
170.691 161.208 2.82892 -1.55387 1.03277e-08 22.5 -0.0730733 7.56951
170.7 160.708 2.81587 -1.55391 -1.39638e-07 23 -0.0741842 7.74667
170.708 160.208 2.80261 -1.55395 -3.43911e-07 23.5 -0.0747562 7.92465
170.717 159.708 2.78924 -1.55399 -5.9408e-07 24 -0.0746955 8.10346
170.725 159.208 2.77589 -1.55403 -8.69834e-07 24.5 -0.073853 8.28316
170.734 158.708 2.76271 -1.55407 -1.13694e-06 25 -0.0721387 8.46373
170.742 158.208 2.74986 -1.55411 -1.34666e-06 25.5 -0.0694353 8.64513
170.75 157.709 2.73753 -1.55415 -1.43713e-06 26 -0.0656067 8.82737
170.759 157.209 2.72596 -1.55419 -1.33755e-06 26.5 -0.0605065 9.01039
170.767 156.709 2.71542 -1.55422 -9.75408e-07 27 -0.0539502 9.19417
170.775 156.209 2.70623 -1.55425 -2.8711e-07 27.5 -0.0457435 9.37864
170.783 155.709 2.69869 -1.55428 7.68419e-07 28 -0.0357588 9.56367
170.792 155.209 2.69315 -1.5543 2.19386e-06 28.5 -0.0238204 9.74915
170.8 154.709 2.68992 -1.55431 3.93686e-06 29 -0.0112722 9.93493
170.808 154.209 2.68923 -1.55431 5.87472e-06 29.5 -0.00871637 10
170.816 153.709 2.68923 -1.55431 7.80311e-06 30 -0.00871637 10
