171.158 145.214 2.88895 -1.52606 -9.91746e-06 0 -0.113077 0
171.181 144.714 2.88847 -1.52661 3.54422e-06 0.500222 0.038393 0.173289
171.203 144.214 2.89395 -1.52725 7.24536e-05 1.00048 0.025002 0.3463
171.225 143.715 2.89719 -1.52784 0.00015576 1.50077 0.0119373 0.519071
171.246 143.215 2.8982 -1.5284 0.000249733 2.00111 -0.000736368 0.691728
171.267 142.715 2.89697 -1.5289 0.000348238 2.5015 -0.0129621 0.86441
171.288 142.215 2.89373 -1.52936 0.000442576 3.00193 -0.0247489 1.03724
171.309 141.715 2.88852 -1.52978 0.000521524 3.5024 -0.0361052 1.21033
171.33 141.215 2.8813 -1.53018 0.000571614 4.0029 -0.0470456 1.38381
171.35 140.715 2.87217 -1.53057 0.000577696 4.50339 -0.0576555 1.55779
171.37 140.214 2.86122 -1.53099 0.000523797 5.00384 -0.0680658 1.73235
171.39 139.714 2.84844 -1.53148 0.000394282 5.50422 -0.0784177 1.9076
171.41 139.215 2.83371 -1.53207 0.000175292 6.00448 -0.0888993 2.08368
171.429 138.715 2.817 -1.53282 -0.000143586 6.50456 -0.0997482 2.26068
171.448 138.215 2.79824 -1.53377 -0.000567483 7.00441 -0.111167 2.4387
171.466 137.716 2.77729 -1.53499 -0.00109436 7.50398 -0.123352 2.61787
171.484 137.217 2.75391 -1.5365 -0.0017132 8.00322 -0.136484 2.79835
171.501 136.719 2.72774 -1.53836 -0.0024024 8.5021 -0.15069 2.98039
171.518 136.22 2.69866 -1.54057 -0.00312861 9.00059 -0.165756 3.16412
171.533 135.723 2.66644 -1.54313 -0.00384613 9.49871 -0.181509 3.3498
171.546 135.225 2.63082 -1.54601 -0.00449718 9.99648 -0.197862 3.53771
171.559 134.728 2.59157 -1.54914 -0.00501302 10.494 -0.214574 3.7282
171.57 134.23 2.54848 -1.55241 -0.00531626 10.9913 -0.231203 3.92167
171.579 133.733 2.50139 -1.55568 -0.00532418 11.4886 -0.247121 4.11859
171.586 133.236 2.45026 -1.55876 -0.00495305 11.986 -0.261827 4.31949
171.592 132.738 2.39509 -1.56142 -0.00412307 12.4838 -0.274918 4.52497
171.597 132.24 2.33598 -1.56341 -0.00276371 12.9823 -0.285802 4.73569
171.601 131.74 2.27314 -1.56442 -0.000818632 13.4816 -0.293746 4.95236
171.604 131.24 2.20696 -1.56414 0.00174994 13.9822 -0.298389 5.17577
171.607 130.738 2.13778 -1.56224 0.00495809 14.4843 -0.300166 5.4068
171.611 130.234 2.06589 -1.55839 0.0087984 14.9882 -0.298939 5.64669
171.618 129.728 1.99181 -1.55227 0.0132395 15.4942 -0.294876 5.89598
171.627 129.219 1.91592 -1.54357 0.0182268 16.0027 -0.287781 6.15641
171.641 128.708 1.83887 -1.53204 0.0236841 16.5139 -0.277768 6.42869
171.661 128.195 1.76133 -1.51744 0.0295159 17.028 -0.264871 6.71425
171.689 127.678 1.68411 -1.49959 0.03561 17.5451 -0.249264 7.01451
171.726 127.159 1.60812 -1.47839 0.0418413 18.0655 -0.231261 7.33076
171.774 126.638 1.53434 -1.45377 0.0480757 18.589 -0.211348 7.6641
171.835 126.115 1.46375 -1.42576 0.0541765 19.1158 -0.190171 8.01558
171.912 125.59 1.39731 -1.39447 0.0600112 19.6457 -0.168549 8.38616
172.005 125.066 1.33574 -1.36006 0.0654606 20.1785 -0.147499 8.77632
172.117 124.542 1.27935 -1.32278 0.0704276 20.7141 -0.128143 9.18613
172.25 124.021 1.22799 -1.2829 0.0748466 21.2522 -0.111727 9.61554
172.403 123.502 1.1808 -1.24075 0.0786899 21.7925 -0.0994613 10.0643
172.579 122.99 1.13611 -1.19664 0.0819712 22.3346 -0.0924606 10.5324
172.777 122.483 1.09142 -1.15087 0.0847443 22.8784 -0.0916792 11.0206
173 121.986 1.04333 -1.10376 0.0870967 23.4234 -0.0977612 11.5312
173.243 121.504 0.988296 -1.05595 0.0891396 23.963 -0.110462 12.0621
173.508 121.035 0.920989 -1.00719 0.0909929 24.502 -0.1288 12.6261
173.796 120.579 0.835455 -0.957476 0.09277 25.0408 -0.150091 13.2389
174.106 120.139 0.72532 -0.906827 0.0945607 25.5793 -0.167551 13.9281
174.437 119.715 0.587597 -0.855218 0.0964162 26.1174 -0.161374 14.7483
174.79 119.31 0.460826 -0.802621 0.0983359 26.655 -0.0558915 15.7914
175.163 118.923 0.45293 -0.749035 0.10026 27.1919 -0.023976 16
175.556 118.558 0.45293 -0.694518 0.102065 27.7282 -0.023976 16
175.967 118.215 0.45293 -0.631612 0.103575 28.2639 -0.023976 16
176.506 117.821 0.45293 -0.56868 0.104815 28.9313 -0.023976 16
176.974 117.522 0.45293 -0.510687 0.10464 29.4866 -0.023976 16
177.458 117.251 0.45293 -0.453238 0.103455 30.0415 -0.023976 16
177.956 117.008 0.45293 -0.397022 0.101162 30.5955 -0.023976 16
178.465 116.795 0.45293 -0.397022 0.0977651 31.1477 -0.023976 16
