169.9 235.422 1.43723 -1.54985 0.0261302 0 0.355 1.19587e-06
169.911 234.911 1.50963 -1.5407 0.0215808 0.511189 0.186501 0.346006
169.926 234.402 1.57085 -1.53441 0.0163972 1.02008 0.181917 0.676422
169.945 233.896 1.62639 -1.53061 0.0114518 1.52655 0.166719 0.993233
169.965 233.392 1.674 -1.52916 0.006854 2.03075 0.14334 1.29869
169.986 232.891 1.71238 -1.5298 0.00276485 2.53289 0.114473 1.59512
170.006 232.391 1.74108 -1.53222 -0.000668595 3.03324 0.0829782 1.88474
170.025 231.892 1.76037 -1.53603 -0.00335796 3.53215 0.0516747 2.16959
170.043 231.395 1.7712 -1.54084 -0.0052788 4.02999 0.0227914 2.45143
170.058 230.898 1.77437 -1.54624 -0.00646566 4.52712 -0.00311274 2.73177
170.07 230.401 1.77065 -1.5519 -0.00699975 5.02387 -0.0256819 3.01194
170.079 229.905 1.76116 -1.55781 -0.00699266 5.52053 -0.0446109 3.29313
170.086 229.418 1.74698 -1.56315 -0.0065698 6.00726 -0.0594348 3.57058
170.089 228.931 1.72887 -1.56802 -0.0058561 6.49447 -0.0706185 3.85089
170.091 228.441 1.70772 -1.5724 -0.00496575 6.98414 -0.0782619 4.13582
170.09 227.949 1.68444 -1.57626 -0.00399603 7.47628 -0.0825122 4.42596
170.087 227.454 1.65989 -1.57958 -0.0030248 7.97076 -0.0836319 4.72166
170.083 226.958 1.63494 -1.5824 -0.00211047 8.46736 -0.081978 5.02311
170.077 226.459 1.61038 -1.58477 -0.00129369 8.96578 -0.0779816 5.33029
170.07 225.96 1.58692 -1.58675 -0.000599596 9.46567 -0.0721249 5.64302
170.062 225.459 1.56515 -1.5884 -4.03889e-05 9.96669 -0.0649054 5.96094
170.053 224.957 1.54552 -1.58979 0.000382231 10.4685 -0.0568079 6.2836
170.044 224.455 1.52837 -1.59099 0.000674794 10.9708 -0.0482863 6.61045
170.033 223.952 1.51387 -1.59206 0.000849989 11.4733 -0.0397472 6.94089
170.023 223.45 1.50201 -1.59303 0.000924749 11.9759 -0.031518 7.27419
170.012 222.948 1.49274 -1.59395 0.000918436 12.4783 -0.0238522 7.60975
170 222.446 1.48591 -1.59483 0.000851093 12.9804 -0.0169305 7.94697
169.988 221.944 1.48123 -1.59569 0.000741812 13.4823 -0.0108272 8.28526
169.975 221.442 1.47847 -1.5965 0.000607518 13.9838 -0.00558522 8.62419
169.963 220.941 1.47735 -1.59723 0.000462683 14.485 -0.00116792 8.96335
169.949 220.441 1.47758 -1.59785 0.000319934 14.9859 0.00250375 9.3024
169.936 219.94 1.47896 -1.59835 0.000190465 15.4866 0.00551392 9.64111
169.922 219.44 1.48125 -1.59874 8.3029e-05 15.9871 0.00800767 9.97926
169.908 218.94 1.48431 -1.59906 2.22281e-06 16.4874 0.0101121 10.3167
169.894 218.44 1.48802 -1.59935 -5.1976e-05 16.9877 0.0119591 10.6533
169.88 217.94 1.49231 -1.59963 -8.28242e-05 17.4879 0.0136657 10.989
169.865 217.44 1.49716 -1.59991 -9.49008e-05 17.9881 0.0153203 11.3237
169.851 216.94 1.50254 -1.60018 -9.28959e-05 18.4884 0.0169873 11.6573
169.836 216.44 1.50846 -1.60044 -8.11662e-05 18.9887 0.0187015 11.9896
169.821 215.939 1.51494 -1.60069 -6.35932e-05 19.489 0.0204717 12.3206
169.806 215.439 1.52198 -1.60094 -4.34745e-05 19.9895 0.0222779 12.6501
169.791 214.939 1.52957 -1.60116 -2.3428e-05 20.4899 0.0240746 12.9782
169.776 214.439 1.5377 -1.60138 -5.34701e-06 20.9904 0.0257917 13.3045
169.761 213.938 1.54633 -1.60159 9.57669e-06 21.491 0.0273303 13.6291
169.745 213.438 1.55536 -1.60178 2.07738e-05 21.9915 0.0285753 13.9519
169.73 212.938 1.56467 -1.60197 2.81822e-05 22.4921 0.0293878 14.2728
169.714 212.437 1.57409 -1.60214 3.2114e-05 22.9927 0.0296078 14.5918
169.698 211.937 1.58341 -1.60231 3.31226e-05 23.4933 0.0290463 14.9089
169.683 211.437 1.59234 -1.60247 3.18822e-05 23.9939 0.0275001 15.2241
169.667 210.936 1.60056 -1.60263 2.90872e-05 24.4945 0.0247547 15.5377
169.651 210.436 1.60767 -1.60277 2.53778e-05 24.9952 0.0205698 15.8497
169.635 209.936 1.61319 -1.60291 2.12901e-05 25.4958 0.0147199 16.1606
169.619 209.435 1.61667 -1.60303 1.72316e-05 25.9964 0.00755227 16.4705
169.603 208.935 1.61784 -1.60314 1.34758e-05 26.497 -3.85285e-05 16.78
169.586 208.435 1.61671 -1.60324 1.01723e-05 26.9976 -0.00713083 17.0895
169.57 207.934 1.61367 -1.60333 7.36731e-06 27.4982 -0.0119655 17.3994
169.554 207.434 1.60991 -1.6034 5.02898e-06 27.9988 -0.0111917 17.71
169.538 206.934 1.60759 -1.60346 3.07377e-06 28.4994 -0.00491514 18
169.521 206.433 1.60759 -1.60349 1.39106e-06 28.9999 -0.00491514 18
169.505 205.933 1.60759 -1.60351 -1.36613e-07 29.5006 -0.00491514 18
169.488 205.433 1.60759 -1.60351 -9.96551e-07 30.0012 -0.00491514 18
