171.543 135.225 2.47394 -1.54689 -0.00447831 0 -0.0882248 0
171.555 134.728 2.42231 -1.55006 -0.00501771 0.497478 -0.348046 0.202863
171.566 134.23 2.35156 -1.5535 -0.0053198 0.99478 -0.331335 0.411282
171.574 133.733 2.28217 -1.55692 -0.00532629 1.49205 -0.315431 0.626003
171.581 133.236 2.21409 -1.56014 -0.00495337 1.98947 -0.300048 0.847329
171.586 132.738 2.14733 -1.56293 -0.00412127 2.48726 -0.284816 1.07559
171.59 132.24 2.08198 -1.56502 -0.00275945 2.98568 -0.269624 1.31126
171.593 131.74 2.01815 -1.56613 -0.000811677 3.48501 -0.254688 1.55496
171.596 131.24 1.95581 -1.56594 0.00175968 3.98557 -0.240112 1.80681
171.598 130.738 1.89507 -1.56412 0.00497051 4.48766 -0.225967 2.06771
171.601 130.234 1.83589 -1.56034 0.00881312 4.99162 -0.212209 2.33791
171.607 129.728 1.77833 -1.55427 0.0132558 5.49774 -0.198784 2.61798
171.615 129.219 1.72248 -1.54563 0.0182436 6.00633 -0.185595 2.90855
171.628 128.708 1.66848 -1.53414 0.0236998 6.51764 -0.172508 3.21019
171.647 128.194 1.61654 -1.51956 0.0295284 7.03191 -0.159324 3.5234
171.673 127.677 1.56694 -1.50173 0.0356168 7.5493 -0.14589 3.84856
171.709 127.158 1.52003 -1.48052 0.0418392 8.06995 -0.132087 4.18591
171.756 126.636 1.47633 -1.45588 0.0480617 8.59392 -0.117829 4.53578
171.817 126.112 1.43629 -1.42784 0.0541473 9.12118 -0.103146 4.89787
171.893 125.587 1.40054 -1.39651 0.0599641 9.65167 -0.0881451 5.27205
171.985 125.062 1.3695 -1.36204 0.0653931 10.1852 -0.0730683 5.65743
172.096 124.537 1.34355 -1.32468 0.0703383 10.7216 -0.0582752 6.05299
172.228 124.014 1.32287 -1.28472 0.0747348 11.2606 -0.0442219 6.4574
172.38 123.495 1.30734 -1.24248 0.0785557 11.8019 -0.0314535 6.86911
172.555 122.981 1.29655 -1.19826 0.0818155 12.3451 -0.0205384 7.28646
172.754 122.473 1.28978 -1.15236 0.0845685 12.89 -0.0120093 7.70792
172.976 121.974 1.28601 -1.10513 0.0869025 13.4363 -0.00626699 8.13219
173.219 121.491 1.28405 -1.05718 0.0889284 13.9771 -0.00351897 8.55308
173.484 121.02 1.28264 -1.00826 0.090766 14.5174 -0.0035834 8.97409
173.772 120.563 1.28069 -0.958383 0.0925282 15.0577 -0.00605833 9.39559
174.083 120.121 1.27727 -0.907564 0.0943042 15.5977 -0.010301 9.81779
174.415 119.696 1.27184 -0.855788 0.096145 16.1374 -0.0153612 10.2411
174.768 119.289 1.26427 -0.803036 0.0980499 16.6765 -0.0201253 10.6663
175.142 118.901 1.2549 -0.749312 0.0999591 17.2151 -0.023423 11.0938
175.536 118.535 1.24456 -0.694679 0.101751 17.7531 -0.0241358 11.5243
175.949 118.191 1.23454 -0.631682 0.10325 18.2906 -0.0214996 11.9579
176.489 117.796 1.22488 -0.568719 0.104481 18.9598 -0.0130038 12.5023
176.959 117.496 1.2213 -0.510694 0.104306 19.5169 -0.00242284 12.9579
177.444 117.224 1.22299 -0.453237 0.103128 20.0736 0.0101426 13.4136
177.944 116.98 1.23063 -0.397038 0.100849 20.6293 0.0235872 13.8667
178.455 116.766 1.24416 -0.342791 0.0974723 21.1832 0.0368226 14.3146
178.974 116.581 1.26336 -0.291115 0.0931013 21.7348 0.0516505 14.7547
179.5 116.423 1.29061 -0.242041 0.087935 22.2834 0.0761201 15.1847
180.032 116.292 1.32688 -0.193165 0.0869385 22.8313 0.0939647 15.6035
180.569 116.187 1.36523 -0.146477 0.0813548 23.3787 0.09169 16.0102
181.105 116.108 1.39678 -0.112539 0.067213 23.9205 0.0643559 16.4023
181.524 116.06 1.40972 -0.0789092 0.0579156 24.342 0.01994 16.7024
182.159 116.01 1.40649 -0.0559872 0.039323 24.9787 -0.0277239 17.154
182.563 115.988 1.39641 -0.0433738 0.0234336 25.3838 -0.0402682 17.443
183.181 115.961 1.3774 -0.0286877 0.0287373 26.0028 -0.0429257 17.8892
183.695 115.946 1.36183 -0.0162353 0.0320077 26.517 -0.0401447 18.2648
184.108 115.939 1.34983 -0.00104832 0.0322583 26.9297 -0.0387183 18.5692
184.642 115.939 1.33482 0.0137293 0.0291921 27.4639 -0.036495 18.9671
185.157 115.946 1.32172 0.0253933 0.0230878 27.9787 -0.0299554 19.3548
185.663 115.959 1.31263 0.0340589 0.017408 28.4849 -0.016192 19.7392
186.162 115.976 1.30988 0.0400076 0.0120788 28.9843 -0.00583146 20
186.656 115.995 1.30988 0.0435485 0.00724626 29.4781 -0.00583146 20
187.144 116.017 1.30988 0.0451666 0.00303034 29.9675 -0.00583146 20
187.755 116.044 1.30988 0.0444766 -0.00196193 30.5785 -0.00583146 20
188.253 116.067 1.30988 0.0425651 -0.0043532 31.0769 -0.00583146 20
188.75 116.088 1.30988 0.0425651 -0.00601067 31.5743 -0.00583146 20
