170.474 174.206 3.01529 -1.55416 7.07637e-10 0 -0.00227581 0
170.483 173.706 3.01535 -1.55415 4.71951e-09 0.5 0.00122827 0.165821
170.491 173.206 3.01556 -1.55415 2.96459e-09 1 0.000948798 0.331632
170.499 172.706 3.01572 -1.55415 1.31767e-09 1.5 0.000658982 0.497433
170.508 172.206 3.01583 -1.55416 -1.19461e-10 2 0.000351045 0.663227
170.516 171.707 3.01589 -1.55418 -1.3873e-09 2.5 2.07039e-05 0.829016
170.524 171.207 3.01588 -1.5542 -2.64724e-09 3 -0.000338132 0.994804
170.532 170.707 3.01582 -1.55422 -4.12586e-09 3.5 -0.00073513 1.16059
170.541 170.207 3.01568 -1.55425 -6.06105e-09 4 -0.00117276 1.32639
170.549 169.707 3.01547 -1.55428 -8.59689e-09 4.5 -0.00165808 1.49219
170.557 169.207 3.01517 -1.55431 -1.17273e-08 5 -0.00220145 1.65801
170.566 168.707 3.01477 -1.55435 -1.517e-08 5.5 -0.00280374 1.82385
170.574 168.207 3.01427 -1.55438 -1.83163e-08 6 -0.0034731 1.98971
170.582 167.707 3.01365 -1.55441 -2.01893e-08 6.5 -0.00421971 2.15561
170.59 167.207 3.0129 -1.55444 -1.94786e-08 7 -0.00504295 2.32154
170.598 166.707 3.012 -1.55447 -1.46403e-08 7.5 -0.0059521 2.48751
170.606 166.207 3.01094 -1.5545 -4.11582e-09 8 -0.00695618 2.65355
170.615 165.707 3.00972 -1.55452 1.33375e-08 8.5 -0.00805322 2.81964
170.623 165.207 3.00829 -1.55454 3.82533e-08 9 -0.00925318 2.9858
170.631 164.707 3.00666 -1.55455 6.99682e-08 9.5 -0.0105633 3.15206
170.639 164.208 3.0048 -1.55455 1.06123e-07 10 -0.0119799 3.3184
170.647 163.708 3.00269 -1.55455 1.423e-07 10.5 -0.0135131 3.48486
170.655 163.208 3.00031 -1.55455 1.71803e-07 11 -0.0151676 3.65144
170.663 162.708 2.99765 -1.55453 1.85789e-07 11.5 -0.0169381 3.81816
170.672 162.208 2.99468 -1.55451 1.73845e-07 12 -0.0188329 3.98504
170.68 161.708 2.99136 -1.55447 1.25131e-07 12.5 -0.0208543 4.1521
170.688 161.208 2.98771 -1.55443 3.01018e-08 13 -0.0229944 4.31934
170.696 160.708 2.98368 -1.55438 -1.17205e-07 13.5 -0.0252579 4.4868
170.704 160.208 2.97925 -1.55431 -3.16643e-07 14 -0.0276446 4.65451
170.712 159.708 2.97441 -1.55424 -5.59489e-07 14.5 -0.0301426 4.82247
170.721 159.208 2.96913 -1.55417 -8.26328e-07 15 -0.0327502 4.99071
170.729 158.708 2.96338 -1.55409 -1.08511e-06 15.5 -0.035464 5.15928
170.737 158.208 2.95716 -1.55402 -1.28962e-06 16 -0.0382664 5.32817
170.746 157.708 2.95046 -1.55396 -1.37959e-06 16.5 -0.041147 5.49743
170.754 157.209 2.94322 -1.55391 -1.28422e-06 17 -0.0440958 5.66712
170.763 156.709 2.93546 -1.55386 -9.2994e-07 17.5 -0.047088 5.83722
170.771 156.209 2.92719 -1.55383 -2.51731e-07 18 -0.050104 6.00778
170.78 155.709 2.91836 -1.55381 7.9273e-07 18.5 -0.0531185 6.17885
170.788 155.209 2.90898 -1.55379 2.20712e-06 19 -0.0561001 6.35046
170.797 154.709 2.89908 -1.55379 3.93983e-06 19.5 -0.0590174 6.52263
170.805 154.209 2.88866 -1.55379 5.86873e-06 20 -0.0618326 6.69539
170.814 153.709 2.87769 -1.55379 7.78981e-06 20.5 -0.0644914 6.86883
170.822 153.209 2.86624 -1.5538 9.41306e-06 21 -0.0669553 7.04293
170.831 152.709 2.85435 -1.55382 1.03687e-05 21.5 -0.0691732 7.21772
170.839 152.209 2.84205 -1.55384 1.0227e-05 22 -0.0710802 7.39326
170.848 151.709 2.82937 -1.55387 8.53352e-06 22.5 -0.072593 7.56961
170.856 151.209 2.81641 -1.5539 4.86148e-06 23 -0.0736591 7.74674
170.864 150.709 2.80325 -1.55393 -1.12003e-06 23.5 -0.0742003 7.92467
170.873 150.209 2.78999 -1.55398 -9.56503e-06 24 -0.0741299 8.10344
170.881 149.71 2.77674 -1.55402 -2.03624e-05 24.5 -0.0733074 8.28309
170.89 149.21 2.76365 -1.55408 -3.30491e-05 25 -0.0716476 8.46359
170.898 148.71 2.75089 -1.55414 -4.67363e-05 25.5 -0.0690357 8.64492
170.906 148.21 2.73863 -1.55421 -6.00605e-05 25.9999 -0.0653341 8.82706
170.915 147.71 2.72711 -1.55428 -7.11757e-05 26.4999 -0.0603895 9.01
170.923 147.21 2.71658 -1.55435 -7.77998e-05 26.9998 -0.0539998 9.19368
170.931 146.71 2.70737 -1.55442 -7.73268e-05 27.4998 -0.0459487 9.37804
170.939 146.21 2.69978 -1.55447 -6.70155e-05 27.9997 -0.0360743 9.56298
170.948 145.71 2.69418 -1.55451 -4.42545e-05 28.4997 -0.0241578 9.74837
170.956 145.211 2.6909 -1.55453 -6.90069e-06 28.9997 -0.0114856 9.93408
170.964 144.711 2.69019 -1.55452 4.63243e-05 29.4997 -0.00886437 10
170.972 144.211 2.69019 -1.55452 0.000115405 29.9998 -0.00886437 10
