169.929 237.337 1.3283 -1.60866 0.0319612 0 -0.036498 0
169.909 236.822 1.31567 -1.59304 0.0319547 0.515274 -0.0160616 0.390039
169.901 236.435 1.31504 -1.5802 0.031466 0.902521 0.0115315 0.684596
169.895 235.871 1.32806 -1.56345 0.0294619 1.4666 0.0487827 1.11186
169.899 235.328 1.35409 -1.54895 0.0261256 2.00947 0.0786084 1.51695
169.911 234.803 1.38843 -1.5371 0.0216387 2.53525 0.0991631 1.90061
169.928 234.29 1.42679 -1.52807 0.0164753 3.04825 0.109864 2.26506
169.95 233.786 1.46571 -1.52165 0.0115447 3.55223 0.11231 2.61359
169.974 233.29 1.50268 -1.51759 0.00695649 4.04894 0.107723 2.94818
170 232.8 1.53599 -1.5156 0.0028677 4.53978 0.0977016 3.2712
170.027 232.314 1.56455 -1.51533 -0.000575697 5.0262 0.0836693 3.58491
170.054 231.832 1.58773 -1.51643 -0.00328467 5.50965 0.0670284 3.89157
170.08 231.351 1.60528 -1.51853 -0.00523281 5.99146 0.0490793 4.19328
170.105 230.87 1.61725 -1.5247 -0.00645189 6.47285 0.0310132 4.49196
170.133 230.266 1.62474 -1.52568 -0.00709324 7.07717 0.00963221 4.8646
170.155 229.77 1.62529 -1.52885 -0.00689422 7.57411 -0.0058112 5.17033
170.176 229.273 1.6215 -1.5318 -0.0063388 8.07125 -0.0187249 5.47651
170.196 228.776 1.61412 -1.53441 -0.00554639 8.56873 -0.0288762 5.78396
170.214 228.278 1.604 -1.5366 -0.00462268 9.06662 -0.0362113 6.09334
170.231 227.78 1.59193 -1.53834 -0.00365535 9.56494 -0.0408203 6.40516
170.247 227.282 1.5787 -1.53963 -0.00271277 10.0637 -0.0429213 6.71977
170.262 226.783 1.56503 -1.5405 -0.00184483 10.5628 -0.0428534 7.03733
170.278 226.284 1.55155 -1.54102 -0.00108487 11.0623 -0.0409966 7.35788
170.292 225.784 1.53878 -1.54125 -0.000452097 11.5621 -0.0377604 7.68134
170.307 225.284 1.52713 -1.54124 4.59697e-05 12.0621 -0.0335597 8.00752
170.322 224.784 1.51688 -1.54107 0.000411201 12.5623 -0.0287997 8.3362
170.337 224.284 1.50817 -1.54079 0.000652755 13.0626 -0.0238575 8.66699
170.352 223.784 1.50103 -1.54045 0.000785169 13.5629 -0.0190484 8.99956
170.367 223.284 1.49542 -1.54008 0.000826563 14.0633 -0.014646 9.33358
170.382 222.784 1.49117 -1.53969 0.000796863 14.5637 -0.0108328 9.66869
170.398 222.284 1.48806 -1.5393 0.000716073 15.0641 -0.00774073 10.0046
170.414 221.784 1.48586 -1.5389 0.000602846 15.5644 -0.00546055 10.3411
170.43 221.284 1.48429 -1.53852 0.00047358 16.0646 -0.00398866 10.6779
170.446 220.784 1.48308 -1.53817 0.000341987 16.5648 -0.00331168 11.0151
170.462 220.284 1.48197 -1.53786 0.00021886 17.065 -0.00337503 11.3525
170.479 219.784 1.48072 -1.53761 0.000111881 17.5651 -0.00408152 11.6901
170.495 219.284 1.47914 -1.53741 2.55939e-05 18.0652 -0.00534319 12.028
170.512 218.784 1.47705 -1.53726 -3.8317e-05 18.5653 -0.00703805 12.3663
170.529 218.285 1.47434 -1.53714 -8.04965e-05 19.0653 -0.00904759 12.7051
170.546 217.785 1.47089 -1.53704 -0.000103274 19.5653 -0.0112543 13.0447
170.562 217.285 1.46667 -1.53696 -0.000110031 20.0654 -0.0135287 13.3851
170.579 216.785 1.46167 -1.53688 -0.000104637 20.5654 -0.0157425 13.7266
170.596 216.286 1.45592 -1.53681 -9.0987e-05 21.0655 -0.0177593 14.0694
170.613 215.786 1.44951 -1.53674 -7.26563e-05 21.5655 -0.0194319 14.4136
170.63 215.286 1.44257 -1.53667 -5.2665e-05 22.0656 -0.0205873 14.7594
170.647 214.786 1.43532 -1.5366 -3.33552e-05 22.5656 -0.0210494 15.1069
170.664 214.287 1.42802 -1.53652 -1.63596e-05 23.0657 -0.0205772 15.4562
170.682 213.787 1.42105 -1.53645 -2.64111e-06 23.5658 -0.0189497 15.8072
170.699 213.287 1.41487 -1.53638 7.41528e-06 24.0658 -0.0158794 16.1599
170.716 212.787 1.40994 -1.53631 1.38822e-05 24.5659 -0.0119367 16.514
170.733 212.288 1.40634 -1.53625 1.71579e-05 25.066 -0.00856877 16.8692
170.75 211.788 1.4036 -1.53619 1.78387e-05 25.5661 -0.00720504 17.2251
170.768 211.288 1.40091 -1.53615 1.6606e-05 26.0662 -0.00825998 17.5818
170.785 210.788 1.39744 -1.5361 1.41359e-05 26.5663 -0.0114194 17.9392
170.802 210.288 1.39254 -1.53607 1.10331e-05 27.0664 -0.0161227 18.2976
170.82 209.789 1.38588 -1.53604 7.79098e-06 27.5665 -0.0206018 18.6575
170.837 209.289 1.37798 -1.53602 4.7724e-06 28.0665 -0.0225144 19.0194
170.855 208.789 1.37014 -1.53601 2.21046e-06 28.5666 -0.0197426 19.3834
170.872 208.289 1.3643 -1.536 2.21596e-07 29.0667 -0.0113667 19.7492
170.889 207.789 1.36239 -1.53599 -1.17264e-06 29.5668 -0.00436121 20
170.907 207.29 1.36239 -1.53599 -1.97218e-06 30.0669 -0.00436121 20
