171.59 132.737 2.16627 -1.55828 -0.00411372 0 -0.227509 0
171.596 132.239 2.12235 -1.55904 -0.00273826 0.498458 -0.181849 0.232622
171.602 131.74 2.07843 -1.5588 -0.000805648 0.997837 -0.188586 0.470348
171.608 131.239 2.03198 -1.55736 0.00174753 1.49843 -0.193728 0.713858
171.615 130.737 1.98315 -1.55442 0.00493819 2.00055 -0.197166 0.964005
171.623 130.233 1.93223 -1.54963 0.00876015 2.50449 -0.198854 1.22137
171.634 129.727 1.87949 -1.54268 0.0131838 3.01052 -0.198614 1.48684
171.648 129.219 1.82531 -1.53327 0.0181565 3.51891 -0.196278 1.76135
171.667 128.708 1.77015 -1.52112 0.0236045 4.02987 -0.191766 2.04559
171.693 128.195 1.7146 -1.506 0.0294349 4.54359 -0.184963 2.34044
171.726 127.68 1.65933 -1.48773 0.0355379 5.06017 -0.175841 2.64669
171.769 127.162 1.60513 -1.4662 0.0417907 5.57969 -0.164469 2.96502
171.824 126.643 1.55288 -1.44134 0.0480611 6.10215 -0.15101 3.29586
171.892 126.122 1.50359 -1.41319 0.0542133 6.62748 -0.13572 3.63979
171.975 125.6 1.4581 -1.38183 0.0601147 7.15555 -0.119067 3.99641
172.074 125.079 1.41741 -1.34743 0.0656446 7.68616 -0.101564 4.36566
172.192 124.559 1.38212 -1.31024 0.0707036 8.21907 -0.0838825 4.74653
172.33 124.042 1.35269 -1.27054 0.0752225 8.754 -0.0667377 5.13787
172.489 123.53 1.3292 -1.22864 0.0791697 9.29063 -0.0508862 5.53821
172.669 123.023 1.31136 -1.18486 0.0825555 9.82868 -0.0370537 5.94587
172.872 122.523 1.29845 -1.13949 0.0854305 10.3678 -0.0258593 6.35917
173.098 122.033 1.28944 -1.09272 0.0878809 10.9079 -0.017775 6.77663
173.344 121.559 1.28315 -1.04552 0.0900174 11.4414 -0.0130518 7.19143
173.611 121.098 1.27813 -0.997409 0.0919609 11.9745 -0.0114903 7.60769
173.9 120.651 1.27317 -0.948433 0.0938267 12.507 -0.0126468 8.02516
174.21 120.218 1.26726 -0.898606 0.0957067 13.0389 -0.0157874 8.44385
174.54 119.803 1.25978 -0.847905 0.0976537 13.5699 -0.0199007 8.86408
174.891 119.405 1.25053 -0.796296 0.0996675 14.1 -0.0237613 9.28635
175.261 119.027 1.23987 -0.74376 0.101686 14.6291 -0.0260494 9.71123
175.65 118.67 1.22873 -0.69033 0.103583 15.1573 -0.0255187 10.1391
176.056 118.334 1.2185 -0.629007 0.105173 15.6845 -0.0212831 10.5701
176.59 117.946 1.20969 -0.566419 0.106482 16.3439 -0.0100419 11.1134
177.051 117.653 1.20811 -0.509381 0.106322 16.8904 0.00344321 11.5657
177.528 117.386 1.21322 -0.452851 0.105109 17.4365 0.0196514 12.017
178.018 117.148 1.22598 -0.397531 0.102745 17.9818 0.0375556 12.4643
178.519 116.937 1.24656 -0.344124 0.0992367 18.5257 0.0562535 12.9046
179.03 116.754 1.27519 -0.293257 0.0946973 19.0677 0.0785094 13.3346
179.546 116.598 1.31461 -0.244976 0.08934 19.6074 0.111383 13.7517
180.069 116.468 1.36524 -0.196852 0.0883163 20.1464 0.137048 14.1543
180.598 116.362 1.42009 -0.150885 0.0824982 20.6852 0.143696 14.5413
181.126 116.282 1.47094 -0.119158 0.0679222 21.2195 0.126941 14.9108
181.538 116.233 1.50178 -0.0837527 0.0583835 21.6345 0.0915761 15.1899
182.169 116.18 1.53053 -0.0643579 0.0394803 22.2676 0.051856 15.607
182.57 116.154 1.54283 -0.0493542 0.0232735 22.6701 0.0439615 15.869
183.187 116.123 1.56085 -0.0364715 0.0289356 23.2876 0.0487834 16.2669
183.699 116.105 1.5783 -0.0266769 0.0322082 23.7996 0.0585847 16.5932
184.108 116.094 1.59429 -0.00958973 0.03243 24.2093 0.0646845 16.8515
184.64 116.089 1.61649 0.00440178 0.0292566 24.7414 0.0686174 17.1829
185.153 116.091 1.63818 0.0154686 0.0230718 25.2545 0.068369 17.4982
185.658 116.099 1.6586 0.0235886 0.0173634 25.7594 0.0645557 17.8045
186.157 116.11 1.67697 0.0290354 0.0120127 26.2579 0.0579217 18.1034
186.65 116.125 1.69266 0.0321234 0.00717216 26.7513 0.048936 18.3962
187.139 116.14 1.70516 0.0357696 0.00295882 27.2405 0.0378188 18.6841
187.75 116.162 1.71615 0.0326628 -0.00201548 27.8521 0.0239166 19.0415
188.248 116.179 1.72162 0.0304785 -0.00439188 28.3507 0.0140088 19.3316
188.746 116.194 1.7245 0.0274202 -0.00603408 28.8485 0.00624694 19.6204
189.243 116.207 1.72553 0.0238488 -0.00699955 29.3456 0.00131127 19.9086
189.74 116.219 1.72562 0.020081 -0.00737392 29.8424 0.000714856 20
190.236 116.229 1.72562 0.0163783 -0.00726083 30.3392 0.000714856 20
190.733 116.237 1.72562 0.0129404 -0.0067718 30.8361 0.000714856 20
191.23 116.244 1.72562 0.0129404 -0.00601682 31.3333 0.000714856 20
