170.027 238.687 1.20993 -1.66592 0.0524748 0 0.102144 0
169.989 238.288 1.22953 -1.64005 0.0471815 0.400594 0.0719909 0.32833
169.945 237.652 1.28015 -1.61575 0.031805 1.03832 0.120899 0.837357
169.922 237.133 1.3348 -1.59694 0.0321626 1.55787 0.15514 1.23507
169.911 236.728 1.38548 -1.58326 0.0320202 1.9629 0.185613 1.53303
169.904 236.152 1.46971 -1.56379 0.0307289 2.53913 0.231939 1.9371
169.908 235.599 1.56233 -1.54597 0.0280834 3.09215 0.275799 2.30238
169.921 235.078 1.65767 -1.53144 0.0241758 3.61272 0.312674 2.62576
169.941 234.569 1.7556 -1.51985 0.0192762 4.12229 0.342239 2.92448
169.967 234.063 1.85502 -1.51091 0.0141719 4.62946 0.364484 3.20563
169.997 233.559 1.95375 -1.50455 0.00939728 5.13435 0.37935 3.47064
170.03 233.057 2.05015 -1.50044 0.00502563 5.63716 0.387313 3.72186
170.065 232.559 2.14258 -1.49776 0.0012249 6.13619 0.388517 3.95984
170.101 232.075 2.22837 -1.49743 -0.00188379 6.62131 0.383114 4.18188
170.136 231.594 2.30876 -1.49844 -0.00424017 7.1042 0.37096 4.39481
170.171 231.113 2.38326 -1.50045 -0.00584559 7.58615 0.353349 4.60025
170.205 230.632 2.45158 -1.50311 -0.00675489 8.06825 0.33142 4.79965
170.238 230.15 2.5136 -1.50613 -0.0070623 8.55139 0.306148 4.99419
170.269 229.666 2.5693 -1.50925 -0.00688504 9.03623 0.278301 5.18489
170.299 229.18 2.61876 -1.5123 -0.00634773 9.52322 0.24929 5.37256
170.328 228.692 2.66224 -1.51514 -0.00556995 10.0126 0.220618 5.55784
170.355 228.201 2.70018 -1.51769 -0.00465783 10.5044 0.193277 5.74123
170.381 227.707 2.73304 -1.52698 -0.00369961 10.9985 0.167828 5.92311
170.408 227.086 2.76762 -1.52216 -0.00231735 11.6199 0.139278 6.149
170.433 226.587 2.79086 -1.52357 -0.00150563 12.1196 0.119174 6.32877
170.456 226.088 2.81056 -1.52476 -0.000812303 12.6195 0.101072 6.50727
170.479 225.588 2.82699 -1.5258 -0.000250616 13.1196 0.0847008 6.68467
170.502 225.089 2.84056 -1.51688 0.000176966 13.6199 0.0696743 6.86117
170.522 224.712 2.84914 -1.52784 0.000340002 13.9965 0.0589642 6.99358
170.544 224.211 2.85826 -1.52876 0.000581049 14.4987 0.0453472 7.16954
170.565 223.709 2.86505 -1.52967 0.000714709 15.001 0.0323053 7.34503
170.585 223.207 2.86962 -1.53058 0.000758771 15.5031 0.0196345 7.52014
170.606 222.706 2.872 -1.53151 0.000732384 16.0049 0.00716309 7.69494
170.625 222.205 2.87211 -1.53244 0.000654846 16.5064 -0.00523733 7.86955
170.644 221.704 2.8701 -1.5334 0.000544611 17.0076 -0.0176398 8.0441
170.663 221.203 2.86596 -1.53439 0.000418345 17.5085 -0.0300653 8.21872
170.681 220.703 2.85965 -1.53539 0.00029009 18.009 -0.042496 8.39355
170.699 220.203 2.85106 -1.53642 0.00017072 18.5093 -0.0548723 8.56877
170.716 219.703 2.84032 -1.53745 6.7759e-05 19.0095 -0.0671091 8.74451
170.733 219.204 2.82745 -1.53848 -1.44671e-05 19.5094 -0.079108 8.92091
170.749 218.704 2.81243 -1.5395 -7.44329e-05 20.0093 -0.0907542 9.09814
170.765 218.204 2.7952 -1.54049 -0.000112868 20.5091 -0.101882 9.27642
170.78 217.705 2.77594 -1.54144 -0.000132145 21.0089 -0.112384 9.45585
170.795 217.205 2.75474 -1.54235 -0.000135664 21.5087 -0.122123 9.63658
170.809 216.706 2.73169 -1.54321 -0.000127304 22.0086 -0.130951 9.81876
170.823 216.206 2.70692 -1.54402 -0.000110961 22.5084 -0.13871 10.0025
170.836 215.706 2.68054 -1.54476 -9.02004e-05 23.0083 -0.145178 10.1881
170.849 215.206 2.65282 -1.54545 -6.80286e-05 23.5083 -0.150194 10.3756
170.862 214.707 2.624 -1.54607 -4.67686e-05 24.0083 -0.153551 10.5651
170.874 214.207 2.59441 -1.54664 -2.80309e-05 24.5083 -0.155002 10.7568
170.886 213.707 2.5644 -1.54715 -1.2756e-05 25.0083 -0.154259 10.9506
170.898 213.207 2.53442 -1.54761 -1.30596e-06 25.5083 -0.151027 11.1468
170.91 212.707 2.50499 -1.54801 6.41299e-06 26.0084 -0.145148 11.3452
170.921 212.207 2.47668 -1.54836 1.08188e-05 26.5084 -0.136539 11.546
170.932 211.707 2.45008 -1.54866 1.25254e-05 27.0084 -0.125097 11.749
170.943 211.207 2.42585 -1.54891 1.22302e-05 27.5085 -0.110703 11.9541
170.954 210.707 2.40469 -1.54911 1.06237e-05 28.0085 -0.0932978 12.1612
170.965 210.208 2.38726 -1.54926 8.32455e-06 28.5085 -0.0732514 12.3699
170.976 209.708 2.37414 -1.54936 5.83884e-06 29.0085 -0.0511868 12.5799
170.986 209.208 2.36575 -1.54941 3.54279e-06 29.5085 -0.0277595 12.791
170.997 208.708 2.36213 -1.54941 1.51897e-06 30.0085 -0.00904308 13
