171.721 127.688 1.85953 -1.5044 0.0356819 0 -0.145036 1.54068e-11
171.756 127.169 1.82226 -1.49657 0.0421502 0.519616 -0.138454 0.282313
171.794 126.648 1.77938 -1.48677 0.0490316 1.04258 -0.155199 0.572672
171.839 126.123 1.73157 -1.47199 0.0555931 1.56925 -0.16221 0.872658
171.891 125.595 1.68116 -1.45232 0.0616967 2.09996 -0.160792 1.18365
171.954 125.064 1.63041 -1.42798 0.0672207 2.63497 -0.152403 1.50678
172.031 124.53 1.58142 -1.39923 0.0720719 3.17447 -0.138714 1.84289
172.124 123.994 1.53589 -1.36641 0.0761966 3.71858 -0.121574 2.19202
172.235 123.456 1.49529 -1.32986 0.0795884 4.26732 -0.102755 2.55428
172.367 122.919 1.46034 -1.28997 0.0822899 4.82066 -0.0840027 2.92885
172.522 122.383 1.4313 -1.24705 0.0843875 5.37852 -0.0668005 3.31482
172.701 121.85 1.4078 -1.20139 0.0860016 5.94079 -0.0523176 3.71103
172.905 121.322 1.38897 -1.15458 0.0872706 6.50736 -0.0412636 4.11631
173.133 120.806 1.37375 -1.10495 0.0883343 7.07067 -0.0339146 4.52418
173.387 120.301 1.36066 -1.05302 0.0893161 7.63638 -0.0298502 4.938
173.669 119.807 1.3485 -0.998905 0.0903077 8.20509 -0.0284336 5.35786
173.978 119.326 1.33637 -0.942619 0.0913571 8.77666 -0.0287722 5.78361
174.315 118.861 1.32373 -0.884475 0.0924956 9.35095 -0.0297817 6.21538
174.681 118.415 1.31056 -0.82521 0.0937526 9.92787 -0.0301262 6.6534
175.074 117.989 1.29742 -0.765216 0.0949009 10.5074 -0.0286274 7.09779
175.494 117.586 1.28535 -0.686428 0.0957554 11.0893 -0.0245305 7.5485
176.042 117.137 1.27405 -0.629129 0.0962728 11.7977 -0.0154934 8.10227
176.532 116.781 1.26913 -0.56689 0.0956377 12.4037 -0.00485334 8.579
177.044 116.455 1.26983 -0.505548 0.0941739 13.011 0.00804817 9.05755
177.575 116.161 1.27714 -0.445773 0.0918275 13.6181 0.0229535 9.53447
178.121 115.9 1.29181 -0.388227 0.0886183 14.2234 0.0397327 10.006
178.679 115.672 1.31458 -0.33349 0.0846399 14.8255 0.0600445 10.4683
179.243 115.476 1.34864 -0.281141 0.0800544 15.4231 0.0934312 10.9175
179.817 115.31 1.39698 -0.229174 0.0796666 16.0201 0.126764 11.3527
180.399 115.175 1.45429 -0.180324 0.0739225 16.6173 0.144804 11.7718
180.976 115.07 1.51229 -0.151057 0.0611504 17.204 0.144758 12.1674
181.436 114.999 1.5535 -0.1041 0.0528414 17.6698 0.12242 12.4711
182.09 114.931 1.59587 -0.0919402 0.0363052 18.3268 0.0867407 12.8881
182.514 114.892 1.61824 -0.0655468 0.0201636 18.753 0.0837886 13.1532
183.138 114.851 1.65237 -0.0525468 0.0281674 19.3786 0.0971509 13.5358
183.668 114.823 1.68625 -0.0420236 0.0309838 19.9092 0.116337 13.8538
184.106 114.805 1.71822 -0.0193245 0.0310391 20.3471 0.132237 14.1112
184.657 114.794 1.76265 -0.00325235 0.0278209 20.8982 0.147398 14.4278
185.185 114.792 1.80778 0.0100418 0.0219949 21.4269 0.156516 14.7241
185.702 114.798 1.85258 0.0203763 0.016662 21.9438 0.159971 15.0065
186.209 114.808 1.89565 0.0279964 0.0115738 22.4506 0.157804 15.2769
186.707 114.822 1.93582 0.0331973 0.006915 22.949 0.150427 15.537
187.198 114.838 1.97224 0.0363061 0.0028144 23.4403 0.138281 15.7885
187.684 114.856 2.00402 0.039127 -0.00063024 23.9262 0.121457 16.0328
188.297 114.88 2.03657 0.0371463 -0.00446174 24.5402 0.0913869 16.3366
188.791 114.898 2.05529 0.0357135 -0.0061037 25.0345 0.0630238 16.5781
189.284 114.916 2.06695 0.033624 -0.00707373 25.5274 0.034561 16.8172
189.776 114.932 2.07194 0.0311896 -0.00745152 26.0195 0.00835461 17.0549
190.268 114.948 2.07129 0.02867 -0.00733824 26.5115 -0.0138819 17.2924
190.76 114.962 2.06586 0.0262675 -0.00684516 27.0039 -0.030456 17.5304
191.253 114.975 2.05726 0.0241269 -0.00608368 27.4971 -0.0405307 17.7696
191.747 114.987 2.04704 0.0223391 -0.00515737 27.9912 -0.0433607 18.0103
192.242 114.998 2.03693 0.0209485 -0.00415678 28.4863 -0.0394074 18.2528
192.738 115.008 2.02826 0.0199605 -0.00315655 28.9826 -0.0306942 18.497
193.235 115.018 2.02226 0.0193504 -0.00221453 29.4799 -0.0181815 18.7426
193.733 115.028 2.01939 0.0190719 -0.00137224 29.9781 -0.0060359 18.9892
194.232 115.037 2.01932 0.0190646 -0.000656286 30.4772 -0.0056842 19
194.732 115.047 2.01932 0.0192612 -8.01332e-05 30.9769 -0.0056842 19
195.232 115.056 2.01932 0.0195922 0.000353755 31.4772 -0.0056842 19
195.732 115.066 2.01932 0.0199959 0.000651794 31.9778 -0.0056842 19
196.233 115.076 2.01932 0.0199959 0.000827393 32.4787 -0.0056842 19
