240.278 249.696 3.01527 -3.12903 -3.62727e-12 0 -0.00225975 0
239.778 249.69 3.01533 -3.12901 -1.57917e-09 0.5 0.00145623 0.165823
239.278 249.684 3.01555 -3.12899 -2.65652e-10 1 0.00116886 0.331637
238.778 249.677 3.01572 -3.12898 1.57784e-10 1.5 0.000871012 0.497439
238.278 249.671 3.01584 -3.12898 1.19652e-10 2 0.000556441 0.663233
237.778 249.665 3.0159 -3.12898 -6.27065e-11 2.5 0.000217423 0.829023
237.278 249.659 3.01591 -3.12899 -1.64042e-10 3 -0.000149146 0.99481
236.778 249.652 3.01585 -3.129 -4.41339e-11 3.5 -0.000552068 1.1606
236.278 249.646 3.01572 -3.12901 3.61461e-10 4 -0.000996958 1.32639
235.778 249.64 3.01552 -3.12903 1.0581e-09 4.5 -0.00148929 1.4922
235.278 249.633 3.01522 -3.12905 1.99613e-09 5 -0.00203965 1.65801
234.778 249.627 3.01484 -3.12907 3.0857e-09 5.5 -0.00264885 1.82385
234.278 249.621 3.01434 -3.1291 4.21078e-09 6 -0.00332511 1.98971
233.778 249.615 3.01373 -3.12912 5.23486e-09 6.5 -0.0040786 2.1556
233.278 249.608 3.01298 -3.12914 6.0187e-09 7 -0.00490876 2.32153
232.778 249.602 3.01209 -3.12916 6.42787e-09 7.5 -0.00582489 2.4875
232.278 249.596 3.01104 -3.12918 6.35019e-09 8 -0.00683608 2.65352
231.778 249.59 3.00982 -3.12919 5.70537e-09 8.5 -0.00794038 2.81961
231.279 249.583 3.0084 -3.1292 4.45978e-09 9 -0.00914784 2.98577
230.779 249.577 3.00676 -3.12921 2.64038e-09 9.5 -0.0104657 3.15202
230.279 249.571 3.00491 -3.12921 3.41283e-10 10 -0.0118905 3.31836
229.779 249.565 3.00281 -3.12921 -2.26288e-09 10.5 -0.0134322 3.48481
229.279 249.559 3.00042 -3.1292 -4.91046e-09 11 -0.0150957 3.65139
228.779 249.553 2.99777 -3.12918 -7.24845e-09 11.5 -0.0168756 3.8181
228.279 249.546 2.99479 -3.12915 -8.82888e-09 12 -0.0187803 3.98497
227.779 249.54 2.99148 -3.12912 -9.11357e-09 12.5 -0.0208121 4.15203
227.279 249.534 2.98783 -3.12907 -7.46848e-09 13 -0.0229629 4.31926
226.779 249.528 2.98379 -3.12902 -3.23807e-09 13.5 -0.0252375 4.48672
226.279 249.521 2.97935 -3.12895 4.03344e-09 14 -0.0276355 4.65442
225.779 249.515 2.97451 -3.12888 1.4118e-08 14.5 -0.0301449 4.82237
225.279 249.509 2.96922 -3.12881 2.55586e-08 15 -0.0327642 4.99061
224.779 249.502 2.96346 -3.12873 3.56986e-08 15.5 -0.0354899 5.15917
224.279 249.496 2.95723 -3.12866 4.16734e-08 16 -0.0383044 5.32807
223.779 249.489 2.95052 -3.1286 4.17571e-08 16.5 -0.0411977 5.49732
223.279 249.483 2.94326 -3.12855 3.59685e-08 17 -0.0441604 5.66701
222.779 249.476 2.93549 -3.1285 2.56628e-08 17.5 -0.0471681 5.83711
222.279 249.47 2.9272 -3.12847 1.27995e-08 18 -0.050202 6.00766
221.779 249.463 2.91835 -3.12845 -4.64485e-10 18.5 -0.0532379 6.17874
221.279 249.457 2.90894 -3.12844 -1.18857e-08 19 -0.0562454 6.35035
220.779 249.45 2.89901 -3.12843 -1.91752e-08 19.5 -0.0591939 6.52252
220.279 249.443 2.88855 -3.12844 -2.01298e-08 20 -0.0620463 6.69529
219.779 249.437 2.87754 -3.12845 -1.289e-08 20.5 -0.0647487 6.86873
219.279 249.43 2.86604 -3.12846 3.67408e-09 21 -0.0672617 7.04284
218.78 249.424 2.85409 -3.12849 2.95066e-08 21.5 -0.0695326 7.21765
218.28 249.417 2.84171 -3.12851 6.28904e-08 22 -0.0714939 7.3932
217.78 249.411 2.82895 -3.12854 9.99992e-08 22.5 -0.073058 7.56957
217.28 249.404 2.81591 -3.12858 1.34642e-07 23 -0.0741667 7.74672
216.78 249.398 2.80265 -3.12861 1.58255e-07 23.5 -0.0747356 7.9247
216.28 249.391 2.78929 -3.12865 1.60326e-07 24 -0.074671 8.10351
215.78 249.385 2.77594 -3.12869 1.29324e-07 24.5 -0.073824 8.28321
215.28 249.378 2.76276 -3.12873 5.42323e-08 25 -0.0721045 8.46377
214.78 249.372 2.74991 -3.12877 -7.33142e-08 25.5 -0.0693958 8.64517
214.28 249.365 2.7376 -3.1288 -2.56399e-07 26 -0.0655623 8.8274
213.78 249.359 2.72604 -3.12884 -4.8989e-07 26.5 -0.0604585 9.01043
213.28 249.353 2.71551 -3.12887 -7.57585e-07 27 -0.0539012 9.1942
212.78 249.346 2.70633 -3.1289 -1.02992e-06 27.5 -0.0456967 9.37866
212.28 249.34 2.69879 -3.12893 -1.26285e-06 28 -0.0357187 9.56368
211.78 249.334 2.69326 -3.12895 -1.39854e-06 28.5 -0.023792 9.74915
211.28 249.327 2.69003 -3.12896 -1.36861e-06 29 -0.0112585 9.93493
210.78 249.321 2.68934 -3.12897 -1.10031e-06 29.5 -0.00870577 10
210.28 249.315 2.68934 -3.12897 -5.26203e-07 30 -0.00870577 10
