171.602 131.74 2.08645 -1.55914 -0.000825453 0 -0.149095 0
171.608 131.239 2.05639 -1.55652 0.00179923 0.500594 -0.125865 0.241775
171.615 130.737 2.02291 -1.55211 0.00498332 1.00272 -0.146224 0.487858
171.624 130.233 1.98394 -1.54599 0.00879442 1.50667 -0.162831 0.73941
171.637 129.727 1.94029 -1.53782 0.0132043 2.01272 -0.175767 0.997192
171.654 129.219 1.89235 -1.52731 0.0181624 2.52112 -0.1847 1.26256
171.676 128.709 1.84104 -1.51418 0.0235968 3.03206 -0.189717 1.53625
171.705 128.196 1.78711 -1.4982 0.029417 3.54569 -0.190745 1.81934
171.742 127.681 1.73148 -1.47919 0.0355158 4.0621 -0.187782 2.11286
171.79 127.164 1.6752 -1.45703 0.0417726 4.58131 -0.180969 2.41773
171.849 126.645 1.61943 -1.43165 0.0480573 5.10329 -0.17061 2.73469
171.922 126.126 1.56537 -1.40307 0.0542354 5.62793 -0.15715 3.06423
172.01 125.606 1.51422 -1.3714 0.0601749 6.15506 -0.141175 3.40658
172.115 125.087 1.46724 -1.3368 0.0657548 6.68444 -0.123386 3.7619
172.238 124.57 1.42533 -1.2995 0.0708741 7.2158 -0.104675 4.12942
172.381 124.057 1.38921 -1.25978 0.0754614 7.74882 -0.0859643 4.5083
172.544 123.548 1.35927 -1.21796 0.0794823 8.28319 -0.0682042 4.8973
172.729 123.045 1.33539 -1.17436 0.0829441 8.8186 -0.0523183 5.29484
172.936 122.551 1.31701 -1.12928 0.0858953 9.35477 -0.039057 5.69926
173.166 122.066 1.30318 -1.08276 0.0884204 9.89147 -0.0290054 6.10904
173.414 121.598 1.29279 -1.03605 0.0906294 10.4211 -0.0225155 6.51719
173.684 121.143 1.28429 -0.988523 0.0926441 10.9501 -0.0193701 6.92775
173.974 120.701 1.27643 -0.940244 0.0945807 11.4783 -0.0191479 7.34025
174.285 120.276 1.26815 -0.891225 0.0965327 12.0054 -0.0211224 7.75453
174.615 119.867 1.25872 -0.841451 0.0985539 12.5313 -0.0242579 8.17076
174.965 119.475 1.24791 -0.790896 0.100644 13.056 -0.0272889 8.58934
175.333 119.103 1.23601 -0.739551 0.10274 13.5794 -0.0288497 9.01073
175.719 118.751 1.22391 -0.687382 0.104711 14.1015 -0.0276528 9.43528
176.122 118.421 1.21299 -0.627508 0.106368 14.6226 -0.0227802 9.86298
176.65 118.037 1.20361 -0.565459 0.107731 15.2757 -0.0108059 10.4037
177.106 117.748 1.20182 -0.509181 0.107579 15.8158 0.00317262 10.853
177.578 117.485 1.20682 -0.453275 0.106342 16.3555 0.019663 11.3014
178.062 117.249 1.21955 -0.398472 0.103923 16.8945 0.0375691 11.7459
178.558 117.04 1.23997 -0.345508 0.100329 17.4324 0.055926 12.1835
179.062 116.859 1.26817 -0.295042 0.0956836 17.9686 0.0778426 12.6114
179.574 116.703 1.30708 -0.247144 0.0902081 18.5029 0.110063 13.0266
180.091 116.573 1.35655 -0.199383 0.089166 19.0367 0.133382 13.4277
180.614 116.467 1.40935 -0.153759 0.0832101 19.5704 0.137353 13.8137
181.138 116.386 1.45718 -0.123312 0.068376 20.1002 0.117014 14.1832
181.546 116.335 1.48486 -0.0866787 0.0586963 20.5116 0.0799377 14.4627
182.174 116.281 1.50903 -0.069318 0.0396045 21.1422 0.0404843 14.8835
182.575 116.253 1.51853 -0.0528366 0.0232375 21.5435 0.0329926 15.1486
183.19 116.22 1.53245 -0.0409788 0.0290517 22.1598 0.0379958 15.5527
183.7 116.199 1.54657 -0.0326939 0.0323314 22.6705 0.0473273 15.8844
184.108 116.186 1.55981 -0.0144724 0.0325417 23.0788 0.0529552 16.1473
184.639 116.178 1.57848 -0.000911421 0.0293182 23.6095 0.0569161 16.4856
185.151 116.178 1.597 0.00982784 0.0230903 24.1216 0.0575194 16.8081
185.655 116.183 1.61482 0.0176421 0.017363 24.6258 0.0558425 17.122
186.153 116.192 1.63175 0.0227999 0.0119983 25.1239 0.0546212 17.4289
186.646 116.203 1.64801 0.025618 0.00715103 25.617 0.0534434 17.7296
187.135 116.215 1.66348 0.0304034 0.00293675 26.1061 0.0509955 18.025
187.747 116.234 1.68089 0.0258856 -0.00203093 26.7179 0.0433173 18.3908
188.245 116.247 1.69241 0.0235072 -0.00440145 27.2167 0.0344574 18.6865
188.743 116.258 1.70107 0.0202694 -0.00603734 27.7146 0.0245131 18.9799
189.241 116.269 1.70672 0.0165334 -0.00699694 28.212 0.014331 19.2718
189.738 116.277 1.70957 0.0126157 -0.00736633 28.7091 0.00567303 19.5628
190.235 116.283 1.71039 0.00877746 -0.00724941 29.2061 0.000627252 19.8534
190.732 116.287 1.71042 0.00522043 -0.00675773 29.7033 -0.000156478 20
191.229 116.29 1.71042 0.00208705 -0.00600164 30.2007 -0.000156478 20
191.727 116.291 1.71042 -0.000537808 -0.00508329 30.6984 -0.000156478 20
192.225 116.291 1.71042 -0.000537808 -0.00409118 31.1966 -0.000156478 20
