276.013 117.432 nan -0.0590254 2.54231e-10 0 nan 0
276.514 117.402 nan -0.056933 -0.000370209 0.501384 nan 0
277.014 117.374 nan -0.0544631 -0.00035036 1.00269 nan 0
277.515 117.346 nan -0.0520443 -0.000331317 1.50391 nan 0
278.015 117.32 nan -0.0496762 -0.000313057 2.00505 nan 0
278.516 117.295 nan -0.0473584 -0.00029556 2.5061 nan 0
279.016 117.272 nan -0.0450907 -0.000278806 3.00709 nan 0
279.516 117.249 nan -0.0428727 -0.000262776 3.508 nan 0
280.017 117.228 nan -0.0407039 -0.000247447 4.00885 nan 0
280.517 117.207 nan -0.0385839 -0.0002328 4.50963 nan 0
281.017 117.188 nan -0.0365123 -0.000218816 5.01036 nan 0
281.518 117.17 nan -0.0344887 -0.000205474 5.51103 nan 0
282.018 117.152 nan -0.0325126 -0.000192755 6.01165 nan 0
282.518 117.136 nan -0.0305836 -0.000180639 6.51222 nan 0
283.019 117.121 nan -0.0287012 -0.000169108 7.01275 nan 0
283.519 117.106 nan -0.0268649 -0.000158141 7.51323 nan 0
284.019 117.093 nan -0.0250743 -0.000147721 8.01368 nan 0
284.52 117.08 nan -0.0233289 -0.000137828 8.51409 nan 0
285.02 117.069 nan -0.0216281 -0.000128444 9.01446 nan 0
285.52 117.058 nan -0.0199714 -0.000119552 9.5148 nan 0
286.02 117.048 nan -0.0183585 -0.000111132 10.0151 nan 0
286.52 117.039 nan -0.0167886 -0.000103167 10.5154 nan 0
287.021 117.03 nan -0.0152613 -9.56411e-05 11.0157 nan 0
287.521 117.023 nan -0.0137761 -8.85366e-05 11.5159 nan 0
288.021 117.016 nan -0.0123322 -8.18409e-05 12.0161 nan 0
288.521 117.01 nan -0.0109285 -7.55535e-05 12.5163 nan 0
289.021 117.004 nan -0.00956288 -6.97087e-05 13.0165 nan 0
289.521 116.999 nan -0.00822983 -6.44084e-05 13.5166 nan 0
290.021 116.995 nan -0.00691892 -5.98304e-05 14.0168 nan 0
290.522 116.992 nan -0.00561333 -5.61521e-05 14.5169 nan 0
291.022 116.989 nan -0.00429184 -5.33903e-05 15.017 nan 0
291.522 116.987 nan -0.0029339 -5.12874e-05 15.5171 nan 0
292.022 116.985 nan -0.00152469 -4.93882e-05 16.0172 nan 0
292.522 116.985 nan -5.68061e-05 -4.72588e-05 16.5172 nan 0
293.022 116.985 nan 0.00147176 -4.46437e-05 17.0173 nan 0
293.522 116.985 nan 0.00306081 -4.14553e-05 17.5173 nan 0
294.022 116.987 nan 0.00470996 -3.7681e-05 18.0174 nan 0
294.522 116.989 nan 0.00641927 -3.33145e-05 18.5174 nan 0
295.022 116.992 nan 0.00818916 -2.83377e-05 19.0174 nan 0
295.522 116.996 nan 0.010016 -2.27238e-05 19.5174 nan 0
296.022 117.002 nan 0.011867 -1.62721e-05 20.0174 nan 0
296.522 117.007 nan 0.0136679 -9.09731e-06 20.5175 nan 0
297.022 117.014 nan 0.0153858 -2.60683e-06 21.0175 nan 0
297.522 117.022 nan 0.0170173 2.98811e-06 21.5175 nan 0
298.022 117.03 nan 0.0185624 7.74041e-06 22.0175 nan 0
298.522 117.04 nan 0.020018 1.16754e-05 22.5175 nan 0
299.022 117.05 nan 0.0213763 1.47107e-05 23.0175 nan 0
299.522 117.06 nan 0.0226342 1.69089e-05 23.5175 nan 0
300.021 117.072 nan 0.0237917 1.83559e-05 24.0175 nan 0
300.521 117.084 nan 0.0248496 1.91179e-05 24.5175 nan 0
301.021 117.096 nan 0.0258083 1.92597e-05 25.0175 nan 0
301.521 117.109 nan 0.0266686 1.88451e-05 25.5176 nan 0
302.021 117.122 nan 0.0274309 1.79366e-05 26.0176 nan 0
302.521 117.136 nan 0.0280959 1.65956e-05 26.5176 nan 0
303.021 117.15 nan 0.0286642 1.4882e-05 27.0177 nan 0
303.52 117.164 nan 0.0291364 1.2855e-05 27.5177 nan 0
304.02 117.179 nan 0.029513 1.05722e-05 28.0178 nan 0
304.52 117.194 nan 0.0297946 8.09033e-06 28.5178 nan 0
305.02 117.209 nan 0.0299818 5.46491e-06 29.0179 nan 0
305.52 117.224 nan 0.0300803 2.75036e-06 29.5179 nan 0
306.02 117.239 nan 0.0300803 9.147e-07 30.018 nan 0
