275.978 117.466 0.00329882 -0.0585679 1.94442e-10 0 -0.126112 0
276.479 117.437 1.20141 -0.0549983 -0.000623887 0.501367 1.45408 1.2191
276.979 117.409 1.6617 -0.050821 -0.000569213 1.00261 1.19551 1.56709
277.48 117.384 1.96451 -0.046777 -0.000517872 1.5037 1.00398 1.84273
277.98 117.36 2.18785 -0.0428663 -0.000469762 2.00467 0.846644 2.08389
278.481 117.339 2.35961 -0.0390887 -0.000424781 2.50551 0.711834 2.3041
278.981 117.319 2.49391 -0.035444 -0.000382824 3.00625 0.593835 2.5102
279.481 117.301 2.60024 -0.031932 -0.000343783 3.5069 0.488773 2.70665
279.982 117.285 2.68385 -0.0285525 -0.000307553 4.00746 0.394572 2.89602
280.482 117.271 2.74834 -0.0253053 -0.000274023 4.50794 0.309867 3.08012
280.982 117.258 2.79709 -0.02219 -0.000243086 5.00835 0.233201 3.26048
281.482 117.247 2.83229 -0.0192063 -0.000214632 5.5087 0.163546 3.43818
281.983 117.238 2.85563 -0.016354 -0.000188552 6.009 0.100112 3.61407
282.483 117.23 2.86807 -0.0136325 -0.000164737 6.50925 0.0424753 3.78882
282.983 117.223 2.87066 -0.0110416 -0.000143077 7.00946 -0.00984056 3.9631
283.483 117.217 2.86475 -0.00858087 -0.000123464 7.50963 -0.0574748 4.13747
283.983 117.213 2.85102 -0.00624985 -0.000105788 8.00977 -0.100725 4.31242
284.483 117.21 2.82982 -0.00404815 -8.99422e-05 8.50989 -0.139675 4.48845
284.983 117.208 2.80176 -0.00197531 -7.5819e-05 9.00998 -0.174541 4.66606
285.483 117.207 2.76756 -3.09008e-05 -6.33118e-05 9.51006 -0.205609 4.84562
285.984 117.207 2.72766 0.00178555 -5.23148e-05 10.0101 -0.232954 5.02757
286.484 117.208 2.68244 0.00347449 -4.27231e-05 10.5102 -0.256597 5.21236
286.984 117.209 2.63231 0.00503641 -3.44329e-05 11.0102 -0.276512 5.40045
287.484 117.212 2.57761 0.00647179 -2.73415e-05 11.5102 -0.292534 5.59242
287.984 117.215 2.51896 0.00778115 -2.13474e-05 12.0102 -0.304628 5.78864
288.484 117.219 2.45689 0.00896513 -1.63508e-05 12.5103 -0.312577 5.9896
288.984 117.224 2.39201 0.0100248 -1.22555e-05 13.0103 -0.316179 6.1958
289.484 117.229 2.32499 0.0109626 -8.96957e-06 13.5103 -0.315571 6.40782
289.984 117.234 2.25653 0.0117836 -6.40464e-06 14.0103 -0.311104 6.62618
290.484 117.24 2.18736 0.0124971 -4.46965e-06 14.5103 -0.30319 6.85127
290.984 117.246 2.11816 0.0131177 -3.06121e-06 15.0103 -0.292217 7.08348
291.483 117.253 2.04966 0.0136637 -2.06113e-06 15.5103 -0.27849 7.32347
291.983 117.26 1.98254 0.0141536 -1.34833e-06 16.0103 -0.262472 7.57153
292.483 117.267 1.9175 0.0146025 -8.19571e-07 16.5103 -0.244612 7.82799
292.983 117.274 1.85516 0.0150206 -4.03873e-07 17.0103 -0.225381 8.09303
293.483 117.281 1.79622 0.0154136 -6.20885e-08 17.5103 -0.205249 8.36706
293.983 117.289 1.74109 0.015784 2.23822e-07 18.0103 -0.184746 8.64985
294.483 117.297 1.69022 0.0161331 4.62003e-07 18.5103 -0.164366 8.94136
294.983 117.305 1.64391 0.0164616 6.57255e-07 19.0103 -0.144595 9.24138
295.483 117.313 1.60228 0.01677 8.13505e-07 19.5103 -0.125889 9.54953
295.983 117.322 1.56529 0.0170589 9.34402e-07 20.0103 -0.108646 9.86531
296.483 117.33 1.53273 0.0173288 1.02341e-06 20.5103 -0.0931929 10.1881
296.983 117.339 1.50431 0.0175801 1.0838e-06 21.0103 -0.0798092 10.5175
297.483 117.348 1.47951 0.0178132 1.11868e-06 21.5103 -0.0686513 10.8527
297.983 117.357 1.45769 0.0180288 1.13093e-06 22.0103 -0.0597571 11.1932
298.483 117.366 1.43826 0.0182273 1.12331e-06 22.5103 -0.0531727 11.5386
298.983 117.375 1.42049 0.0184092 1.09836e-06 23.0103 -0.0487319 11.8884
299.482 117.384 1.40372 0.0185749 1.05848e-06 23.5103 -0.0462968 12.2426
299.982 117.393 1.3873 0.0187251 1.00591e-06 24.0103 -0.0455547 12.6008
300.482 117.403 1.3707 0.01886 9.42729e-07 24.5103 -0.0462053 12.9634
300.982 117.412 1.35347 0.0189803 8.70861e-07 25.0103 -0.0477755 13.3305
301.482 117.422 1.33534 0.0190864 7.92084e-07 25.5103 -0.0497451 13.7024
301.982 117.431 1.31624 0.0191788 7.08042e-07 26.0103 -0.0514558 14.0795
302.482 117.441 1.29637 0.019258 6.2024e-07 26.5103 -0.0521065 14.4623
302.982 117.45 1.27631 0.0193244 5.30048e-07 27.0103 -0.0507301 14.851
303.482 117.46 1.25706 0.0193786 4.38718e-07 27.5103 -0.0462697 15.2458
303.982 117.47 1.23993 0.019421 3.47373e-07 28.0103 -0.0388963 15.6463
304.482 117.479 1.22597 0.0194522 2.57027e-07 28.5103 -0.0297844 16.052
304.981 117.489 1.21583 0.0194725 1.68577e-07 29.0103 -0.0194695 16.4616
305.481 117.499 1.21033 0.019483 8.28203e-08 29.5103 -0.00662599 16.874
305.981 117.509 1.20965 0.019483 2.71401e-08 30.0103 -0.00392546 17
