169.973 225.708 1.54593 -1.5941 -0.000387685 0 0.045217 0
169.961 225.208 1.66099 -1.59306 8.28979e-06 0.500311 0.676622 0.315113
169.95 224.707 1.91064 -1.59167 0.000364032 1.00084 0.95245 0.596781
169.939 224.207 2.1322 -1.59018 0.000597211 1.5015 0.846437 0.843719
169.93 223.706 2.31244 -1.58866 0.000722772 2.00225 0.754164 1.06892
169.921 223.205 2.46203 -1.58714 0.000758897 2.50302 0.672101 1.27864
169.912 222.705 2.58786 -1.58565 0.000725367 3.00378 0.59809 1.47685
169.905 222.204 2.69466 -1.58423 0.000642089 3.50448 0.53065 1.66629
169.898 221.704 2.78583 -1.58289 0.000527829 4.00509 0.468728 1.8489
169.892 221.203 2.86388 -1.58163 0.000399196 4.50562 0.411556 2.02608
169.887 220.703 2.93066 -1.58046 0.000269937 5.00605 0.358576 2.19888
169.882 220.202 2.98679 -1.57936 0.000150542 5.50638 0.3097 2.36782
169.878 219.702 3.03443 -1.57834 4.81675e-05 6.00663 0.264205 2.53395
169.874 219.202 3.07448 -1.57737 -3.31645e-05 6.5068 0.221834 2.69775
169.871 218.702 3.1069 -1.57645 -9.21591e-05 7.00692 0.18271 2.85946
169.868 218.202 3.13334 -1.57556 -0.000129702 7.50699 0.146225 3.01974
169.865 217.702 3.15387 -1.5747 -0.000148255 8.00704 0.112416 3.17878
169.863 217.202 3.16909 -1.57386 -0.000151255 8.50706 0.0810928 3.33691
169.862 216.702 3.17972 -1.57303 -0.000142575 9.00708 0.0519721 3.49442
169.861 216.202 3.1856 -1.5722 -0.000126076 9.5071 0.02519 3.6515
169.86 215.702 3.18772 -1.57138 -0.000105275 10.0071 0.000299789 3.8084
169.86 215.202 3.18585 -1.57056 -8.31231e-05 10.5072 -0.0225338 3.9653
169.86 214.702 3.18068 -1.56974 -6.18908e-05 11.0072 -0.0436244 4.12236
169.86 214.202 3.17228 -1.56891 -4.31437e-05 11.5072 -0.0629742 4.27977
169.861 213.702 3.16089 -1.56809 -2.77871e-05 12.0073 -0.080661 4.43768
169.863 213.201 3.1469 -1.56728 -1.61582e-05 12.5073 -0.0968678 4.59619
169.865 212.701 3.1302 -1.56647 -8.14335e-06 13.0074 -0.111457 4.75554
169.867 212.201 3.11132 -1.56567 -3.30503e-06 13.5074 -0.124694 4.91574
169.869 211.701 3.09023 -1.56487 -1.00896e-06 14.0075 -0.136482 5.07701
169.872 211.201 3.06718 -1.5641 -5.49029e-07 14.5075 -0.146889 5.23943
169.876 210.701 3.04245 -1.56335 -1.25764e-06 15.0075 -0.156 5.40306
169.879 210.201 3.016 -1.56263 -2.57857e-06 15.5076 -0.163646 5.56817
169.883 209.701 2.98821 -1.56194 -4.08828e-06 16.0076 -0.169958 5.73473
169.888 209.201 2.95924 -1.56129 -5.48254e-06 16.5076 -0.174913 5.90281
169.893 208.701 2.9292 -1.56068 -6.55874e-06 17.0076 -0.178321 6.07269
169.898 208.201 2.89841 -1.5601 -7.20646e-06 17.5076 -0.18034 6.2443
169.903 207.701 2.86706 -1.55955 -7.3981e-06 18.0076 -0.181089 6.41772
169.909 207.201 2.83534 -1.55903 -7.17213e-06 18.5076 -0.180653 6.59306
169.914 206.701 2.80342 -1.55855 -6.61057e-06 19.0077 -0.179125 6.77045
169.921 206.201 2.7715 -1.55809 -5.81645e-06 19.5077 -0.176673 6.94985
169.927 205.701 2.73973 -1.55767 -4.89531e-06 20.0077 -0.173392 7.13129
169.933 205.201 2.70826 -1.55727 -3.94193e-06 20.5077 -0.169372 7.31482
169.94 204.702 2.67723 -1.5569 -3.0323e-06 21.0077 -0.164699 7.50047
169.947 204.202 2.64679 -1.55656 -2.22007e-06 21.5077 -0.159431 7.68833
169.954 203.702 2.61705 -1.55624 -1.53664e-06 22.0077 -0.153657 7.87833
169.962 203.202 2.58813 -1.55595 -9.93802e-07 22.5077 -0.147431 8.07047
169.969 202.702 2.56014 -1.55568 -5.87814e-07 23.0077 -0.140793 8.26472
169.977 202.202 2.53318 -1.55544 -3.0411e-07 23.5077 -0.13377 8.46107
169.984 201.702 2.50737 -1.55522 -1.21855e-07 24.0077 -0.126372 8.65947
169.992 201.202 2.48282 -1.55503 -1.78956e-08 24.5077 -0.118598 8.85988
170 200.702 2.45964 -1.55485 3.02188e-08 25.0077 -0.110426 9.06221
170.008 200.202 2.43797 -1.5547 4.21758e-08 25.5077 -0.101819 9.26641
170.016 199.702 2.41792 -1.55456 3.37853e-08 26.0077 -0.0927246 9.47235
170.024 199.202 2.39966 -1.55445 1.66456e-08 26.5077 -0.0830715 9.67993
170.032 198.702 2.38335 -1.55435 -1.62018e-09 27.0077 -0.0727737 9.88901
170.04 198.202 2.36916 -1.55428 -1.67162e-08 27.5077 -0.0617303 10.0994
170.049 197.702 2.35737 -1.55421 -2.68727e-08 28.0077 -0.0498036 10.311
170.057 197.202 2.34817 -1.55417 -3.20329e-08 28.5077 -0.0368838 10.5236
170.065 196.703 2.34181 -1.55414 -3.30852e-08 29.0077 -0.0228398 10.7368
170.074 196.203 2.33845 -1.55413 -3.12632e-08 29.5077 -0.00946751 10.9505
170.082 195.703 2.33798 -1.55413 -2.59919e-08 30.0077 -0.0076631 11
