269.509 117.1 1.45637 0.0403225 2.64833e-07 0 0.0128888 0
270.009 117.12 1.57467 0.0376935 -0.000152231 0.500157 0.681995 0.33385
270.509 117.139 1.82939 0.0346386 -0.000127291 1.00028 0.903532 0.628711
271.008 117.156 2.04987 0.0317094 -0.000104594 1.50038 0.806534 0.88645
271.508 117.172 2.22819 0.0289066 -8.40625e-05 2.00044 0.721564 1.11998
272.008 117.187 2.3763 0.0262311 -6.56204e-05 2.50049 0.645311 1.33694
272.508 117.2 2.50138 0.0236834 -4.91907e-05 3.00052 0.576063 1.54185
273.008 117.212 2.60788 0.0212645 -3.46947e-05 3.50054 0.512749 1.73752
273.508 117.222 2.69904 0.0189749 -2.20517e-05 4.00055 0.45455 1.92593
274.008 117.232 2.7773 0.0168153 -1.11784e-05 4.50055 0.400825 2.10856
274.507 117.24 2.84408 0.0147864 -1.98908e-06 5.00055 0.351223 2.28638
275.007 117.248 2.90099 0.012889 5.60501e-06 5.50055 0.30529 2.46033
275.507 117.254 2.94953 0.0111236 1.16952e-05 6.00055 0.26257 2.63124
276.007 117.26 2.99062 0.00949086 1.63756e-05 6.50056 0.222777 2.79964
276.507 117.264 3.02431 0.00799154 1.97426e-05 7.00056 0.18598 2.96579
277.007 117.268 3.05209 0.00662625 2.18948e-05 7.50058 0.151641 3.13035
277.507 117.272 3.07436 0.00539565 2.29331e-05 8.0006 0.11964 3.29359
278.007 117.274 3.09117 0.00430039 2.29602e-05 8.50062 0.0900159 3.45573
278.507 117.276 3.10355 0.00334114 2.20804e-05 9.00065 0.06237 3.61717
279.007 117.278 3.11148 0.00251856 2.04e-05 9.50069 0.0367502 3.77806
279.507 117.279 3.11541 0.00183332 1.80267e-05 10.0007 0.0130036 3.93865
280.007 117.28 3.11587 0.00128609 1.507e-05 10.5008 -0.00907401 4.09913
280.508 117.281 3.11263 0.00087755 1.16409e-05 11.0008 -0.0293203 4.25969
281.008 117.281 3.10644 0.000608349 7.85274e-06 11.5009 -0.0480583 4.42048
281.508 117.282 3.0973 0.000479047 3.82214e-06 12.0009 -0.0652304 4.58168
282.008 117.282 3.08543 0.000489783 -3.24697e-07 12.501 -0.0808804 4.74344
282.508 117.282 3.0712 0.000639356 -4.43625e-06 13.001 -0.095157 4.90584
283.008 117.282 3.05455 0.000923261 -8.30755e-06 13.5011 -0.107918 5.06912
283.508 117.283 3.03588 0.00133071 -1.16595e-05 14.0011 -0.119316 5.23333
284.008 117.284 3.01538 0.001842 -1.41733e-05 14.5012 -0.12937 5.39855
284.508 117.285 2.99306 0.00242866 -1.56082e-05 15.0012 -0.137912 5.56504
285.008 117.286 2.96932 0.00305785 -1.5938e-05 15.5013 -0.145085 5.73276
285.508 117.287 2.94432 0.00369925 -1.53823e-05 16.0013 -0.15085 5.90182
286.008 117.289 2.91819 0.00433045 -1.429e-05 16.5013 -0.155012 6.07245
286.508 117.291 2.89125 0.00493832 -1.298e-05 17.0014 -0.157742 6.2446
287.008 117.294 2.86372 0.00551692 -1.16544e-05 17.5014 -0.159156 6.41835
287.508 117.296 2.83576 0.00606439 -1.04057e-05 18.0014 -0.159348 6.59378
288.008 117.3 2.8076 0.00658064 -9.26203e-06 18.5015 -0.158408 6.77103
288.508 117.303 2.7794 0.00706623 -8.22515e-06 19.0015 -0.156513 6.95004
289.008 117.306 2.75134 0.00752185 -7.28881e-06 19.5015 -0.153764 7.13085
289.508 117.31 2.72356 0.00794825 -6.44524e-06 20.0015 -0.150259 7.31348
290.008 117.314 2.69621 0.00834615 -5.68678e-06 20.5015 -0.146086 7.49797
290.508 117.318 2.66943 0.00871632 -5.00614e-06 21.0015 -0.141319 7.68438
291.008 117.323 2.64333 0.0090595 -4.3964e-06 21.5015 -0.136058 7.87264
291.508 117.327 2.61801 0.00937644 -3.8511e-06 22.0015 -0.13037 8.06272
292.008 117.332 2.59357 0.00966789 -3.36413e-06 22.5016 -0.124312 8.25462
292.508 117.337 2.57011 0.00993462 -2.9298e-06 23.0016 -0.117932 8.44829
293.008 117.342 2.54771 0.0101774 -2.54274e-06 23.5016 -0.111264 8.6437
293.508 117.347 2.52646 0.0103969 -2.19801e-06 24.0016 -0.104333 8.84078
294.008 117.352 2.50644 0.0105939 -1.89097e-06 24.5016 -0.0971516 9.03949
294.508 117.357 2.48773 0.0107693 -1.61734e-06 25.0016 -0.0897183 9.23973
295.008 117.363 2.47041 0.0109237 -1.37318e-06 25.5016 -0.0820202 9.44143
295.508 117.368 2.45456 0.0110579 -1.15486e-06 26.0016 -0.0740319 9.64449
296.008 117.374 2.44028 0.0111727 -9.59069e-07 26.5016 -0.0657156 9.84881
296.508 117.379 2.42767 0.0112689 -7.82788e-07 27.0016 -0.0570185 10.0542
297.008 117.385 2.41684 0.0113471 -6.23296e-07 27.5016 -0.0477572 10.2607
297.508 117.39 2.40798 0.0114083 -4.78139e-07 28.0016 -0.0375267 10.468
298.008 117.396 2.40136 0.011453 -3.45139e-07 28.5016 -0.0258758 10.6759
298.508 117.402 2.39733 0.0114822 -2.22371e-07 29.0016 -0.0123437 10.8843
299.008 117.408 2.39615 0.0114972 -1.08157e-07 29.5016 -0.00776096 11
299.508 117.413 2.39615 0.0114972 -3.45971e-08 30.0016 -0.00776096 11
