171.575 133.733 2.28737 -1.55465 -0.00530737 0 -0.360688 0
171.583 133.235 2.21987 -1.55632 -0.00491154 0.497437 -0.285383 0.220965
171.59 132.738 2.15633 -1.55752 -0.00408842 0.99526 -0.273136 0.448557
171.597 132.239 2.09371 -1.55814 -0.00273949 1.49372 -0.260762 0.683085
171.603 131.74 2.03208 -1.55789 -0.000808271 1.99311 -0.248415 0.925223
171.61 131.239 1.97148 -1.55647 0.00174353 2.49371 -0.236215 1.17533
171.617 130.737 1.91196 -1.55354 0.00493294 2.99583 -0.224166 1.43398
171.625 130.233 1.85354 -1.54879 0.00875392 3.49977 -0.212239 1.70156
171.637 129.728 1.79635 -1.54187 0.0131769 4.00579 -0.200389 1.97897
171.651 129.219 1.74045 -1.5325 0.0181496 4.51416 -0.188507 2.26652
171.671 128.709 1.68603 -1.5204 0.0235983 5.02509 -0.176442 2.5648
171.697 128.196 1.63332 -1.50534 0.02943 5.53876 -0.164059 2.87434
171.73 127.68 1.58265 -1.48714 0.0355353 6.05527 -0.151227 3.19555
171.774 127.163 1.5345 -1.46568 0.0417912 6.57471 -0.137821 3.52898
171.829 126.643 1.48928 -1.4409 0.0480655 7.09705 -0.123824 3.87456
171.897 126.123 1.44759 -1.41282 0.0542223 7.62225 -0.109268 4.23233
171.98 125.601 1.40994 -1.38155 0.0601288 8.15015 -0.0942992 4.60186
172.08 125.08 1.37695 -1.34725 0.0656639 8.68059 -0.0791687 4.9827
172.198 124.561 1.34895 -1.31016 0.0707279 9.21329 -0.0642419 5.3737
172.335 124.044 1.32614 -1.27057 0.0752514 9.748 -0.0499886 5.77361
172.494 123.532 1.30849 -1.22878 0.0792026 10.2844 -0.0369477 6.18093
172.674 123.025 1.2956 -1.18512 0.0825914 10.8222 -0.0256884 6.59408
172.877 122.526 1.28683 -1.13987 0.0854684 11.3611 -0.0167888 7.01156
173.103 122.035 1.28116 -1.09325 0.0879199 11.9009 -0.01065 7.43205
173.348 121.561 1.27748 -1.04617 0.0900565 12.4344 -0.00751285 7.84908
173.615 121.1 1.27449 -0.998208 0.0919994 12.9672 -0.0072121 8.26667
173.903 120.653 1.2711 -0.949382 0.0938638 13.4996 -0.0093445 8.68489
174.213 120.221 1.26642 -0.899701 0.0957418 14.0313 -0.0132456 9.1039
174.543 119.805 1.25986 -0.849126 0.0976861 14.5621 -0.01794 9.52412
174.893 119.407 1.25135 -0.797603 0.0996963 15.0921 -0.0222315 9.94614
175.262 119.028 1.24128 -0.745102 0.10171 15.621 -0.0248547 10.3705
175.65 118.67 1.23059 -0.691654 0.1036 16.1491 -0.0246402 10.7978
176.057 118.334 1.22072 -0.630032 0.105182 16.6763 -0.0206516 11.228
176.589 117.946 1.21218 -0.567607 0.106481 17.3355 -0.00981488 11.7701
177.05 117.652 1.21059 -0.510516 0.106311 17.8821 0.00324479 12.2215
177.527 117.385 1.21551 -0.453948 0.10509 18.4283 0.0189021 12.672
178.017 117.146 1.22773 -0.398599 0.102719 18.9737 0.0360462 13.1187
178.518 116.935 1.24746 -0.345168 0.0992048 19.5177 0.0537062 13.5585
179.028 116.751 1.27462 -0.294278 0.0946613 20.0599 0.0743799 13.9887
179.545 116.595 1.31202 -0.245968 0.089302 20.5997 0.105556 14.4065
180.068 116.463 1.36011 -0.197813 0.0882819 21.139 0.129399 14.8103
180.597 116.357 1.41188 -0.151821 0.0824527 21.678 0.133993 15.1993
181.125 116.277 1.45889 -0.120295 0.0678785 22.2125 0.114502 15.5715
181.537 116.227 1.48623 -0.0844693 0.0583431 22.628 0.0774295 15.8534
182.168 116.173 1.50864 -0.0654278 0.0394541 23.261 0.0342831 16.2757
182.57 116.147 1.5162 -0.0500168 0.0232366 23.6638 0.0242556 16.542
183.187 116.116 1.52592 -0.0372247 0.028936 24.2811 0.0258428 16.9479
183.698 116.097 1.53566 -0.0275408 0.0322032 24.7932 0.0325544 17.2825
184.108 116.086 1.54486 -0.0102069 0.0324216 25.2034 0.0361048 17.5487
184.64 116.08 1.55751 0.00381677 0.0292433 25.7355 0.0370692 17.8918
185.154 116.082 1.56933 0.0149326 0.0230593 26.2487 0.0345077 18.2201
185.659 116.09 1.57962 0.0231078 0.0173539 26.7537 0.0293089 18.5408
186.157 116.101 1.5878 0.028615 0.0120052 27.2523 0.0224861 18.8556
186.65 116.115 1.59358 0.0317683 0.00716619 27.7457 0.0145842 19.1657
187.139 116.131 1.59682 0.0355394 0.00295403 28.2349 0.00678002 19.4723
187.75 116.153 1.5981 0.0324587 -0.00201924 28.8463 0.000778666 19.855
188.249 116.169 1.59815 0.0303508 -0.00439517 29.345 -2.80663e-06 20
188.746 116.184 1.59815 0.0273719 -0.00603708 29.8427 -2.80663e-06 20
189.243 116.198 1.59815 0.0238827 -0.00700242 30.3398 -2.80663e-06 20
189.74 116.21 1.59815 0.0201974 -0.00737674 30.8365 -2.80663e-06 20
190.236 116.22 1.59815 0.0201974 -0.00726329 31.3333 -2.80663e-06 20
