170.09 239.201 1.17932 -1.69127 0.0634503 0 0.0244203 0
170.018 238.602 1.21434 -1.6561 0.0524925 0.603047 0.108084 0.505334
169.968 238.021 1.27735 -1.62911 0.0420728 1.18598 0.155465 0.973859
169.946 237.648 1.32448 -1.61487 0.0318619 1.56055 0.171804 1.26184
169.919 237.029 1.40966 -1.59296 0.0321725 2.17939 0.206315 1.71503
169.907 236.477 1.49515 -1.57336 0.0315465 2.73181 0.2439 2.09576
169.906 235.963 1.58281 -1.55634 0.029578 3.24609 0.280235 2.43
169.913 235.45 1.67658 -1.53627 0.0262812 3.75909 0.315309 2.74493
169.926 235.062 1.75076 -1.53 0.0241944 4.14684 0.340007 2.9713
169.948 234.544 1.85267 -1.51806 0.0192943 4.66509 0.367514 3.25901
169.974 234.037 1.9535 -1.50902 0.0141866 5.17273 0.387453 3.52587
170.005 233.539 2.05188 -1.50796 0.00940854 5.67247 0.40003 3.77544
170.044 232.92 2.17029 -1.49904 0.00305079 6.2922 0.404797 4.06899
170.08 232.421 2.26125 -1.49768 -0.000416597 6.79282 0.398411 4.29506
170.116 231.923 2.34613 -1.49796 -0.00315402 7.29212 0.384436 4.51173
170.153 231.426 2.42441 -1.49949 -0.00513244 7.79049 0.364686 4.72059
170.188 230.929 2.49578 -1.50186 -0.00638134 8.28828 0.34028 4.9229
170.222 230.433 2.56003 -1.50475 -0.00697719 8.78581 0.312028 5.11968
170.255 229.937 2.61707 -1.50785 -0.00702777 9.28332 0.280895 5.31188
170.287 229.44 2.66706 -1.51094 -0.00665577 9.78101 0.248806 5.50026
170.316 228.943 2.71009 -1.51379 -0.00598463 10.279 0.217345 5.68539
170.345 228.446 2.7469 -1.51607 -0.00512802 10.7765 0.187608 5.86767
170.372 227.954 2.7779 -1.5185 -0.00418347 11.2694 0.160344 6.04607
170.398 227.459 2.80415 -1.52061 -0.0032296 11.7645 0.135393 6.22346
170.423 226.963 2.82616 -1.52241 -0.0023259 12.2617 0.112808 6.40007
170.447 226.465 2.8441 -1.52393 -0.00151415 12.7604 0.0926385 6.57595
170.47 225.965 2.8587 -1.52524 -0.00082061 13.2606 0.0744616 6.75132
170.493 225.465 2.87029 -1.52639 -0.000258339 13.7617 0.0579912 6.92624
170.515 224.963 2.87917 -1.52744 0.000170399 14.2634 0.0429258 7.10078
170.537 224.462 2.88535 -1.52843 0.000471809 14.7655 0.029026 7.27497
170.558 223.96 2.88923 -1.52938 0.000658207 15.2678 0.0159016 7.4489
170.579 223.458 2.89092 -1.53032 0.000745825 15.7699 0.00331697 7.62266
170.599 222.957 2.89048 -1.53125 0.000753062 16.2719 -0.00892098 7.7963
170.619 222.455 2.88782 -1.53218 0.000699194 16.7736 -0.0209595 7.96994
170.638 221.954 2.88312 -1.53313 0.000603299 17.275 -0.0329106 8.14368
170.657 221.454 2.8764 -1.5341 0.000483178 17.776 -0.044817 8.31765
170.676 220.953 2.86757 -1.53509 0.000354364 18.2767 -0.0566788 8.49197
170.694 220.453 2.85658 -1.5361 0.000229398 18.7772 -0.0684501 8.66683
170.711 219.953 2.84353 -1.53712 0.000117489 19.2774 -0.0800585 8.84233
170.728 219.453 2.82844 -1.53815 2.45284e-05 19.7774 -0.0914096 9.01863
170.744 218.954 2.8113 -1.53916 -4.66198e-05 20.2773 -0.102383 9.19588
170.76 218.454 2.79204 -1.54016 -9.56325e-05 20.7772 -0.112814 9.37431
170.775 217.955 2.77087 -1.54112 -0.000124138 21.277 -0.122586 9.554
170.79 217.455 2.74784 -1.54204 -0.000135097 21.7768 -0.131548 9.73512
170.804 216.955 2.72309 -1.54292 -0.000132211 22.2766 -0.139539 9.91781
170.818 216.456 2.69673 -1.54374 -0.000119419 22.7764 -0.146386 10.1022
170.832 215.956 2.66891 -1.5445 -0.000100485 23.2763 -0.151846 10.2886
170.845 215.456 2.63991 -1.5452 -7.8718e-05 23.7763 -0.155744 10.4769
170.858 214.957 2.61001 -1.54584 -5.67894e-05 24.2762 -0.157851 10.6674
170.87 214.457 2.57956 -1.54642 -3.66646e-05 24.7762 -0.157899 10.8601
170.882 213.957 2.54897 -1.54694 -1.96092e-05 25.2762 -0.155583 11.0551
170.894 213.457 2.51871 -1.5474 -6.26008e-06 25.7762 -0.150667 11.2524
170.906 212.957 2.48935 -1.54781 3.2654e-06 26.2763 -0.143056 11.4521
170.918 212.457 2.46146 -1.54817 9.24031e-06 26.7763 -0.132659 11.6542
170.929 211.957 2.43568 -1.54847 1.21963e-05 27.2764 -0.119364 11.8584
170.94 211.457 2.4127 -1.54873 1.28025e-05 27.7764 -0.103052 12.0647
170.951 210.957 2.3932 -1.54893 1.1763e-05 28.2764 -0.0838599 12.2728
170.962 210.458 2.37782 -1.54908 9.7394e-06 28.7764 -0.0623471 12.4824
170.973 209.958 2.36706 -1.54918 7.29825e-06 29.2765 -0.039158 12.6932
170.984 209.458 2.3613 -1.54923 4.88222e-06 29.7765 -0.0152019 12.9047
170.994 208.958 2.36013 -1.54923 2.62987e-06 30.2765 -0.00908663 13
