171.566 134.23 2.3614 -1.55252 -0.00529847 0 -0.273241 0
171.575 133.733 2.28737 -1.5543 -0.00527811 0.497276 -0.360688 0.213897
171.583 133.236 2.21019 -1.5558 -0.00491102 0.994716 -0.337358 0.435228
171.591 132.738 2.13555 -1.55699 -0.00408861 1.49254 -0.314258 0.664387
171.597 132.239 2.06357 -1.55762 -0.00274044 1.99101 -0.291685 0.901699
171.604 131.74 1.99453 -1.55738 -0.000810001 2.4904 -0.26998 1.14803
171.611 131.239 1.92823 -1.55598 0.00174106 2.99101 -0.249229 1.40318
171.618 130.737 1.86491 -1.55307 0.00492984 3.49313 -0.229638 1.66811
171.627 130.234 1.80439 -1.54833 0.00875036 3.99706 -0.21125 1.94286
171.638 129.728 1.74664 -1.54145 0.0131732 4.50308 -0.194075 2.2279
171.653 129.22 1.69165 -1.53211 0.018146 5.01143 -0.178017 2.52366
171.673 128.709 1.63938 -1.52004 0.0235951 5.52234 -0.162933 2.8305
171.699 128.196 1.58984 -1.50502 0.0294278 6.03597 -0.148632 3.14871
171.733 127.681 1.54311 -1.48686 0.0355345 6.55245 -0.134857 3.47846
171.777 127.163 1.49937 -1.46544 0.0417924 7.07182 -0.121405 3.81996
171.832 126.644 1.45887 -1.44071 0.048069 7.5941 -0.108068 4.17317
171.9 126.123 1.42191 -1.41268 0.0542285 8.11921 -0.0947188 4.53784
171.983 125.602 1.38883 -1.38146 0.0601378 8.64702 -0.081319 4.91349
172.083 125.081 1.36002 -1.34722 0.0656758 9.17735 -0.067951 5.29943
172.201 124.562 1.33579 -1.31019 0.0707426 9.70994 -0.0548261 5.69469
172.338 124.045 1.31624 -1.27066 0.0752686 10.2445 -0.0422931 6.09796
172.497 123.533 1.30131 -1.22894 0.0792217 10.7808 -0.0308189 6.50783
172.677 123.026 1.29064 -1.18534 0.0826119 11.3184 -0.0209355 6.92282
172.88 122.527 1.28359 -1.14017 0.0854898 11.8572 -0.0131621 7.34151
173.105 122.037 1.27924 -1.09363 0.0879415 12.3969 -0.00793222 7.76273
173.35 121.563 1.27652 -1.04662 0.0900778 12.9304 -0.00548926 8.18021
173.617 121.102 1.27427 -0.998738 0.09202 13.4631 -0.00572418 8.59788
173.905 120.654 1.2714 -0.949987 0.0938834 13.9953 -0.00827762 9.01601
174.214 120.222 1.26709 -0.900365 0.09576 14.5269 -0.012481 9.43477
174.544 119.806 1.26082 -0.849825 0.0977024 15.0576 -0.0173906 9.85465
174.894 119.408 1.25252 -0.798309 0.09971 15.5875 -0.0218516 10.2762
175.263 119.029 1.2426 -0.745789 0.10172 16.1165 -0.0246291 10.7002
175.651 118.671 1.23199 -0.69231 0.103606 16.6445 -0.0245207 11.127
176.057 118.334 1.22214 -0.630537 0.105184 17.1717 -0.0207199 11.5567
176.589 117.946 1.21348 -0.568197 0.106479 17.8308 -0.0101863 12.0981
177.05 117.651 1.21168 -0.511089 0.106304 18.3774 0.00254262 12.549
177.526 117.384 1.21613 -0.454506 0.105079 18.9237 0.0176992 12.9993
178.016 117.145 1.22772 -0.399144 0.102704 19.4691 0.0341765 13.4459
178.517 116.933 1.24642 -0.345698 0.0991869 20.0133 0.0509663 13.8859
179.028 116.75 1.27224 -0.294794 0.0946415 20.5555 0.0704719 14.3167
179.544 116.593 1.30784 -0.246466 0.0892813 21.0954 0.100151 14.7356
180.067 116.461 1.35362 -0.198292 0.0882631 21.6348 0.122401 15.1412
180.596 116.355 1.40258 -0.152284 0.0824285 22.174 0.124997 15.5324
181.124 116.274 1.44635 -0.120851 0.0678557 22.7086 0.103523 15.9077
181.537 116.224 1.47052 -0.0848177 0.0583223 23.1243 0.0638305 16.1925
182.168 116.17 1.48702 -0.0659419 0.0394407 23.7572 0.0192931 16.62
182.57 116.143 1.49052 -0.0503323 0.0232183 24.1603 0.0082767 16.8907
183.186 116.112 1.49351 -0.0375786 0.0289358 24.7775 0.00826229 17.3044
183.698 116.093 1.49724 -0.0279391 0.0322003 25.2897 0.0134424 17.6469
184.108 116.082 1.50127 -0.0104867 0.0324171 25.7 0.015705 17.9206
184.641 116.076 1.50688 0.00355757 0.0292367 26.2322 0.0154987 18.2745
185.154 116.078 1.51173 0.014702 0.0230533 26.7454 0.0126908 18.6145
185.659 116.085 1.51527 0.0229087 0.0173494 27.2505 0.00843069 18.9482
186.157 116.097 1.51731 0.02845 0.0120016 27.7492 0.00399399 19.277
186.65 116.111 1.51796 0.03164 0.00716341 28.2425 7.08335e-05 19.6021
187.139 116.126 1.51771 0.0354662 0.00295183 28.7318 -0.0010411 19.9244
187.75 116.148 1.51763 0.0324119 -0.00202097 29.3431 -0.0010024 20
188.249 116.164 1.51763 0.0303459 -0.00439671 29.8417 -0.0010024 20
188.746 116.179 1.51763 0.0274102 -0.00603853 30.3394 -0.0010024 20
189.243 116.193 1.51763 0.0239632 -0.00700384 30.8364 -0.0010024 20
189.74 116.205 1.51763 0.0239632 -0.00737779 31.3332 -0.0010024 20
