222.16 116.101 3.0117 0.0264444 5.00753e-07 0 0.00763667 0
222.66 116.115 3.01242 0.0264158 2.74487e-08 0.500019 0.00257408 0.165999
223.16 116.128 3.01285 0.026369 -2.0479e-07 1.00004 0.00217152 0.331972
223.66 116.141 3.0132 0.0263072 -4.81384e-07 1.50006 0.00176123 0.497924
224.16 116.154 3.01348 0.0262312 -8.27666e-07 2.00008 0.00133653 0.663858
224.66 116.167 3.01369 0.0261418 -1.26588e-06 2.50009 0.000893331 0.829778
225.159 116.18 3.01383 0.0260396 -1.81174e-06 3.00011 0.000426166 0.995689
225.659 116.193 3.01388 0.0259254 -2.47068e-06 3.50013 -7.39247e-05 1.16159
226.159 116.206 3.01384 0.0257999 -3.23427e-06 4.00015 -0.000609518 1.3275
226.659 116.219 3.01372 0.0256639 -4.07686e-06 4.50016 -0.00118693 1.49341
227.159 116.232 3.01349 0.0255181 -4.95313e-06 5.00017 -0.00181603 1.65932
227.659 116.245 3.01315 0.0253633 -5.79682e-06 5.50019 -0.00249757 1.82526
228.159 116.257 3.01269 0.0252004 -6.52129e-06 6.0002 -0.00323844 1.99121
228.658 116.27 3.0121 0.0250301 -7.02214e-06 6.50021 -0.00404803 2.15719
229.158 116.283 3.01138 0.0248534 -7.18247e-06 7.00022 -0.00492501 2.32321
229.658 116.295 3.0105 0.0246713 -6.88068e-06 7.50023 -0.00587628 2.48927
230.158 116.307 3.00945 0.0244849 -6.00089e-06 8.00024 -0.00690952 2.65539
230.658 116.32 3.00823 0.0242952 -4.44539e-06 8.50025 -0.0080213 2.82157
231.158 116.332 3.00681 0.0241033 -2.14852e-06 9.00026 -0.009218 2.98782
231.658 116.344 3.00518 0.0239105 9.09104e-07 9.50027 -0.0105051 3.15416
232.157 116.356 3.00333 0.0237178 4.68733e-06 10.0003 -0.0118775 3.32059
232.657 116.368 3.00125 0.0235263 9.0755e-06 10.5003 -0.0133409 3.48713
233.157 116.379 2.9989 0.023337 1.38851e-05 11.0003 -0.0148993 3.6538
233.657 116.391 2.99629 0.0231508 1.88469e-05 11.5003 -0.0165468 3.82061
234.157 116.403 2.9934 0.0229683 2.36139e-05 12.0004 -0.0182886 3.98756
234.657 116.414 2.99019 0.0227901 2.77698e-05 12.5004 -0.0201287 4.1547
235.157 116.425 2.98668 0.0226166 3.08425e-05 13.0004 -0.0220612 4.32202
235.657 116.437 2.98283 0.0224479 3.23232e-05 13.5005 -0.0240907 4.48954
236.157 116.448 2.9786 0.022284 3.16875e-05 14.0005 -0.0262226 4.6573
236.656 116.459 2.97402 0.0221243 2.84199e-05 14.5005 -0.0284502 4.8253
237.156 116.47 2.96906 0.0219671 2.20403e-05 15.0005 -0.0307765 4.99356
237.656 116.481 2.96366 0.0218095 1.2136e-05 15.5006 -0.0332081 5.16213
238.156 116.492 2.95785 0.0216476 -1.60283e-06 16.0006 -0.0357355 5.33101
238.656 116.503 2.9516 0.0214774 -1.9349e-05 16.5006 -0.0383562 5.50021
239.156 116.514 2.94485 0.0212954 -4.11104e-05 17.0005 -0.0410756 5.66981
239.656 116.524 2.93764 0.0210989 -6.67072e-05 17.5005 -0.0438762 5.83979
240.156 116.535 2.92993 0.0208864 -9.57526e-05 18.0004 -0.0467479 6.01018
240.655 116.545 2.92169 0.0206566 -0.000127638 18.5004 -0.0496792 6.18105
241.155 116.556 2.91292 0.0204091 -0.000161528 19.0003 -0.0526457 6.35241
241.655 116.566 2.90363 0.020144 -0.000196374 19.5001 -0.0556194 6.52428
242.155 116.576 2.8938 0.0198621 -0.000230943 20 -0.0585674 6.6967
242.654 116.586 2.8834 0.0195647 -0.000263871 20.4998 -0.061439 6.86975
243.154 116.596 2.87249 0.0192541 -0.00029374 20.9996 -0.064186 7.04341
243.654 116.605 2.86109 0.0189331 -0.000319169 21.4994 -0.0667488 7.21773
244.153 116.615 2.84921 0.0186055 -0.000338914 21.9991 -0.0690505 7.39275
244.653 116.624 2.83689 0.0183076 -0.000351969 22.4989 -0.070992 7.56855
245.143 116.633 2.82446 0.0179998 -0.000357654 22.9891 -0.0724733 7.74172
245.627 116.642 2.81193 0.0176785 -0.00035567 23.473 -0.0734381 7.91342
246.111 116.65 2.79923 0.0173678 -0.000346132 23.9571 -0.073779 8.08598
246.596 116.659 2.78645 0.0170722 -0.000329552 24.4418 -0.0733775 8.25954
247.081 116.667 2.77374 0.0167956 -0.000306794 24.9273 -0.072147 8.43417
247.568 116.675 2.76123 0.0165414 -0.000278996 25.4138 -0.0699632 8.60995
248.055 116.683 2.74913 0.0163124 -0.000247475 25.9016 -0.066641 8.78699
248.544 116.691 2.73765 0.0161107 -0.000213628 26.3907 -0.0620389 8.96531
249.035 116.699 2.72704 0.0159374 -0.000178838 26.8814 -0.0560409 9.14489
249.527 116.707 2.71756 0.0156851 -0.00014439 27.3736 -0.0484814 9.32569
250.15 116.717 2.70778 0.0156631 -9.57896e-05 27.9967 -0.0364009 9.55545
250.65 116.724 2.70213 0.0155822 -6.67026e-05 28.4967 -0.0245379 9.74028
251.15 116.732 2.69878 0.0155287 -4.10122e-05 28.9966 -0.0116818 9.92543
251.65 116.74 2.69798 0.0155006 -1.91046e-05 29.4966 -0.00873975 10
252.15 116.748 2.69798 0.0155006 -1.16414e-06 29.9966 -0.00873975 10
