171.555 134.727 2.42231 -1.54979 -0.00499465 0 -0.348047 0
171.566 134.23 2.3614 -1.55311 -0.00532111 0.497304 -0.273241 0.208069
171.575 133.733 2.30375 -1.55656 -0.00532772 0.994576 -0.267659 0.421318
171.582 133.236 2.24579 -1.55981 -0.00495494 1.492 -0.262469 0.640039
171.587 132.738 2.18743 -1.56263 -0.00412298 1.98979 -0.257159 0.864617
171.591 132.239 2.12872 -1.56476 -0.00276129 2.48822 -0.251188 1.09548
171.594 131.74 2.06976 -1.56589 -0.000813604 2.98755 -0.244472 1.33346
171.597 131.24 2.01066 -1.56573 0.00175772 3.48811 -0.237176 1.57879
171.599 130.737 1.95154 -1.56393 0.0049686 3.9902 -0.229291 1.83229
171.603 130.234 1.89252 -1.56018 0.00881136 4.49415 -0.220784 2.09441
171.608 129.727 1.8338 -1.55414 0.0132543 5.00027 -0.211501 2.36619
171.617 129.219 1.77561 -1.54553 0.0182426 5.50884 -0.201375 2.64804
171.629 128.708 1.71827 -1.53406 0.0236994 6.02014 -0.190301 2.94077
171.648 128.194 1.66219 -1.51951 0.0295288 6.53439 -0.17818 3.24507
171.675 127.677 1.60788 -1.50169 0.0356181 7.05176 -0.164922 3.56156
171.711 127.158 1.55592 -1.48051 0.0418416 7.57238 -0.150543 3.89068
171.758 126.636 1.50705 -1.45589 0.0480653 8.09631 -0.135097 4.23295
171.818 126.112 1.46193 -1.42787 0.0541521 8.62353 -0.118776 4.58817
171.894 125.587 1.42136 -1.39656 0.0599701 9.15397 -0.101857 4.95629
171.987 125.062 1.3859 -1.36211 0.0654002 9.68747 -0.0847418 5.33652
172.098 124.537 1.35605 -1.32477 0.0703463 10.2238 -0.0679205 5.72789
172.229 124.014 1.33205 -1.28483 0.0747434 10.7627 -0.0519671 6.12902
172.382 123.495 1.31382 -1.2426 0.0785648 11.3039 -0.0375001 6.53827
172.557 122.981 1.30089 -1.1984 0.0818248 11.8471 -0.0251289 6.95388
172.755 122.474 1.29246 -1.15252 0.0845776 12.392 -0.0153719 7.37417
172.977 121.974 1.28747 -1.10532 0.0869114 12.9382 -0.00863191 7.79771
173.219 121.491 1.28469 -1.05739 0.0889368 13.4788 -0.00513134 8.2181
173.485 121.021 1.28273 -1.00849 0.0907738 14.0191 -0.0046217 8.63897
173.773 120.564 1.28043 -0.958618 0.0925351 14.5593 -0.0066673 9.06048
174.083 120.122 1.27684 -0.907804 0.0943103 15.0993 -0.0105812 9.48277
174.415 119.696 1.27135 -0.856026 0.0961501 15.639 -0.0154161 9.90624
174.769 119.289 1.26378 -0.803266 0.0980541 16.1781 -0.0200231 10.3315
175.143 118.902 1.25447 -0.749528 0.099962 16.7166 -0.0232013 10.7592
175.536 118.535 1.24423 -0.694878 0.101753 17.2546 -0.0238649 11.1898
175.949 118.191 1.23434 -0.63182 0.103251 17.7921 -0.0211726 11.6235
176.489 117.796 1.2249 -0.56886 0.10448 18.4615 -0.0126118 12.1681
176.959 117.496 1.22148 -0.510818 0.104304 19.0186 -0.00200067 12.6237
177.444 117.223 1.22339 -0.453346 0.103124 19.5753 0.0106441 13.0793
177.944 116.98 1.23127 -0.397134 0.100845 20.131 0.0241577 13.5323
178.455 116.766 1.24506 -0.342873 0.0974676 20.685 0.0374839 13.9799
178.974 116.58 1.26453 -0.291186 0.0930964 21.2366 0.0522849 14.4196
179.5 116.423 1.29208 -0.2421 0.0879301 21.7853 0.0767731 14.8491
180.032 116.291 1.32862 -0.193214 0.0869342 22.3331 0.0947842 15.2674
180.569 116.186 1.3673 -0.146516 0.0813498 22.8806 0.0926667 15.6736
181.105 116.107 1.39917 -0.11259 0.0672089 23.4224 0.0654567 16.065
181.524 116.06 1.41253 -0.0789395 0.0579123 23.8437 0.0220005 16.3645
182.159 116.01 1.41017 -0.0560239 0.0393211 24.4807 -0.0267988 16.8152
182.563 115.987 1.40032 -0.043395 0.0234318 24.8856 -0.0398795 17.1033
183.181 115.96 1.38137 -0.0287039 0.0287369 25.5047 -0.0432185 17.5484
183.696 115.945 1.36558 -0.0162545 0.032007 26.019 -0.0411891 17.9228
184.108 115.939 1.35328 -0.00106189 0.0322575 26.4315 -0.039565 18.2263
184.642 115.938 1.33856 0.0137173 0.0291914 26.9658 -0.0340328 18.6233
185.157 115.945 1.32696 0.0253822 0.0230872 27.4806 -0.0255689 19.0096
185.663 115.958 1.31888 0.0340476 0.0174076 27.9867 -0.0168512 19.3923
186.162 115.975 1.31415 0.0399952 0.0120786 28.4861 -0.00793597 19.7718
186.656 115.995 1.31294 0.0435338 0.00724609 28.9799 -0.00317222 20
187.144 116.016 1.31294 0.0451524 0.0030302 29.4693 -0.00317222 20
187.755 116.044 1.31294 0.0444544 -0.00196205 30.0805 -0.00317222 20
188.253 116.066 1.31294 0.0425376 -0.00435332 30.5789 -0.00317222 20
188.75 116.087 1.31294 0.0397033 -0.00601078 31.0763 -0.00317222 20
189.246 116.107 1.31294 0.0397033 -0.00699023 31.573 -0.00317222 20
