276.265 117.333 0.0109557 -0.0587585 4.61752e-09 0 0.0167736 0
276.765 117.304 0.908569 -0.0557573 -0.000526639 0.501375 0.711745 1.24196
277.266 117.276 1.20363 -0.0522199 -0.000489683 1.00264 0.54113 1.71396
277.766 117.25 1.38851 -0.0487625 -0.000454487 1.50378 0.419094 2.09967
278.267 117.225 1.51569 -0.0453845 -0.000421003 2.00481 0.324064 2.44375
278.767 117.203 1.60692 -0.0420855 -0.000389184 2.50573 0.246857 2.76418
279.267 117.182 1.67234 -0.0388648 -0.000358982 3.00656 0.183187 3.06934
279.768 117.162 1.7184 -0.0357218 -0.000330348 3.50729 0.130286 3.36446
280.268 117.144 1.74947 -0.032656 -0.000303233 4.00794 0.0862462 3.65302
280.768 117.128 1.76868 -0.0296667 -0.00027759 4.50852 0.0496835 3.93745
281.269 117.113 1.77836 -0.0267532 -0.000253371 5.00903 0.0195428 4.21955
281.769 117.1 1.78036 -0.0239148 -0.000230526 5.50947 -0.00501366 4.50071
282.269 117.088 1.77606 -0.0211508 -0.00020901 6.00985 -0.0245815 4.78204
282.769 117.077 1.76685 -0.0184606 -0.000188773 6.51019 -0.0398771 5.06443
283.27 117.068 1.7538 -0.0158434 -0.000169771 7.01047 -0.0514229 5.34859
283.77 117.06 1.73782 -0.0132983 -0.000151955 7.51071 -0.0596855 5.6351
284.27 117.053 1.71972 -0.0108247 -0.000135282 8.01092 -0.0650927 5.92441
284.77 117.048 1.7002 -0.00842174 -0.000119704 8.51109 -0.068042 6.21689
285.27 117.044 1.6799 -0.00608864 -0.000105178 9.01123 -0.0689052 6.51281
285.77 117.041 1.65935 -0.00382459 -9.16606e-05 9.51134 -0.0680297 6.81235
286.27 117.039 1.63904 -0.00162876 -7.9108e-05 10.0114 -0.0657384 7.1156
286.77 117.038 1.61937 0.000499664 -6.74783e-05 10.5115 -0.0623291 7.42257
287.271 117.038 1.60066 0.00256152 -5.67302e-05 11.0116 -0.058072 7.73319
287.771 117.039 1.58317 0.00455761 -4.68227e-05 11.5116 -0.0532084 8.04733
288.271 117.042 1.5671 0.00648855 -3.77145e-05 12.0116 -0.0479493 8.36481
288.771 117.045 1.5526 0.00835429 -2.93619e-05 12.5117 -0.042474 8.68538
289.271 117.049 1.53976 0.0101529 -2.17197e-05 13.0117 -0.0369311 9.00879
289.771 117.054 1.52863 0.0118785 -1.47581e-05 13.5117 -0.0314413 9.33475
290.271 117.06 1.5192 0.0135198 -8.50183e-06 14.0117 -0.0260926 9.66289
290.77 117.067 1.51143 0.0150613 -3.06216e-06 14.5117 -0.0209459 9.99287
291.27 117.074 1.50531 0.0164893 1.41382e-06 15.0117 -0.0160448 10.3244
291.77 117.083 1.50076 0.0178 4.87917e-06 15.5117 -0.0114039 10.6571
292.27 117.092 1.49768 0.0190021 7.47628e-06 16.0117 -0.00702296 10.9906
292.77 117.101 1.49604 0.0201133 9.46502e-06 16.5117 -0.00289672 11.3247
293.27 117.111 1.49573 0.0211514 1.10707e-05 17.0117 0.000997532 11.659
293.77 117.122 1.49667 0.0221296 1.24068e-05 17.5117 0.00468421 11.9932
294.27 117.133 1.49883 0.0230549 1.35036e-05 18.0117 0.00818075 12.327
294.77 117.144 1.50212 0.023931 1.43644e-05 18.5117 0.011508 12.6603
295.27 117.156 1.50647 0.0247594 1.49957e-05 19.0117 0.0146755 12.9927
295.77 117.169 1.51183 0.0255412 1.54114e-05 19.5118 0.017677 13.324
296.269 117.181 1.51814 0.0262774 1.56283e-05 20.0118 0.0204972 13.6541
296.769 117.195 1.52531 0.0269688 1.56639e-05 20.5118 0.0231037 13.9827
297.269 117.208 1.53325 0.0276163 1.55351e-05 21.0119 0.0254411 14.3097
297.769 117.222 1.54186 0.0282207 1.52579e-05 21.5119 0.0274327 14.6349
298.269 117.236 1.55099 0.0287829 1.48477e-05 22.0119 0.0289887 14.9583
298.769 117.25 1.56049 0.0293037 1.43191e-05 22.512 0.0299931 15.2797
299.268 117.265 1.57014 0.0297841 1.36859e-05 23.012 0.0303075 15.5992
299.768 117.28 1.57969 0.0302248 1.29613e-05 23.5121 0.0297538 15.9167
300.268 117.295 1.58886 0.0306266 1.21577e-05 24.0121 0.0281601 16.2323
300.768 117.31 1.59728 0.0309905 1.12869e-05 24.5122 0.0253207 16.5462
301.268 117.326 1.60456 0.0313173 1.03599e-05 25.0123 0.0210068 16.8585
301.768 117.341 1.6102 0.0316077 9.38719e-06 25.5123 0.0150071 17.1696
302.267 117.357 1.61375 0.0318627 8.37857e-06 26.0124 0.00770432 17.4798
302.767 117.373 1.61495 0.032083 7.34326e-06 26.5125 5.85578e-06 17.7895
303.267 117.389 1.61383 0.0322694 6.28988e-06 27.0125 -0.00715812 18.0992
303.767 117.405 1.61077 0.0324228 5.22647e-06 27.5126 -0.0119191 18.4094
304.267 117.422 1.60704 0.032544 4.16054e-06 28.0127 -0.0109574 18.7202
304.766 117.438 1.60484 0.0326337 3.09903e-06 28.5127 -0.00490617 19
305.266 117.454 1.60484 0.0326928 2.04839e-06 29.0128 -0.00490617 19
305.766 117.471 1.60484 0.0327236 1.01457e-06 29.5129 -0.00490617 19
306.266 117.487 1.60484 0.0327236 3.25019e-07 30.013 -0.00490617 19
