276.264 117.35 0.0113838 -0.0586303 4.59493e-09 0 -0.0283081 0
276.765 117.32 0.911719 -0.0551747 -0.000604533 0.50137 0.718494 1.26285
277.265 117.293 1.20802 -0.0511223 -0.000554147 1.00261 0.545969 1.73283
277.766 117.267 1.39372 -0.0471877 -0.000506666 1.50372 0.422586 2.11702
278.266 117.243 1.52165 -0.0433708 -0.000462003 2.0047 0.326409 2.45992
278.767 117.222 1.61321 -0.0396709 -0.000420068 2.50556 0.248368 2.77911
279.267 117.202 1.67874 -0.0360877 -0.000380772 3.00632 0.184061 3.08305
279.767 117.184 1.72478 -0.0326206 -0.000344023 3.50698 0.130654 3.37701
280.268 117.167 1.75575 -0.029269 -0.000309731 4.00755 0.0862063 3.66446
280.768 117.153 1.77481 -0.0260325 -0.000277805 4.50805 0.0493124 3.94784
281.268 117.14 1.7843 -0.0229103 -0.000248152 5.00848 0.0189048 4.22895
281.768 117.128 1.78607 -0.0199019 -0.000220683 5.50884 -0.00586218 4.50915
282.269 117.118 1.78156 -0.0170066 -0.000195305 6.00915 -0.0256285 4.78954
282.769 117.11 1.77206 -0.0142238 -0.00017193 6.50941 -0.0410251 5.07105
283.269 117.103 1.75871 -0.0115526 -0.000150467 7.00963 -0.0526306 5.35436
283.769 117.097 1.74243 -0.00899239 -0.000130827 7.50981 -0.0609139 5.64005
284.269 117.092 1.72402 -0.00654244 -0.000112923 8.00996 -0.0663053 5.92859
284.769 117.089 1.7042 -0.00420197 -9.66686e-05 8.51008 -0.0692054 6.22033
285.27 117.087 1.68361 -0.00197021 -8.1977e-05 9.01017 -0.0699889 6.51555
285.77 117.086 1.66281 0.000153621 -6.87642e-05 9.51025 -0.0690071 6.81443
286.27 117.086 1.64226 0.00217033 -5.69471e-05 10.0103 -0.0665873 7.11704
286.77 117.087 1.62239 0.00408071 -4.6444e-05 10.5103 -0.0630318 7.42341
287.27 117.089 1.60352 0.00588559 -3.71747e-05 11.0104 -0.0586162 7.73345
287.77 117.092 1.58592 0.0075858 -2.90603e-05 11.5104 -0.0535874 8.04703
288.27 117.096 1.56979 0.00918217 -2.20239e-05 12.0104 -0.0481625 8.36395
288.77 117.101 1.55526 0.0106756 -1.599e-05 12.5104 -0.0425273 8.68397
289.27 117.106 1.54245 0.0120672 -1.08852e-05 13.0104 -0.0368373 9.00681
289.77 117.112 1.53139 0.0133585 -6.63706e-06 13.5104 -0.0312209 9.33219
290.27 117.119 1.52207 0.0145525 -3.17067e-06 14.0104 -0.0257738 9.65972
290.77 117.126 1.51443 0.015654 -4.00596e-07 14.5104 -0.0205648 9.98907
291.27 117.134 1.50846 0.0166707 1.77743e-06 15.0104 -0.0156457 10.3199
291.769 117.142 1.50404 0.0176129 3.485e-06 15.5104 -0.011041 10.6519
292.269 117.151 1.50108 0.0184913 4.84301e-06 16.0104 -0.00675782 10.9847
292.769 117.16 1.4995 0.0193158 5.94687e-06 16.5104 -0.00280019 11.318
293.269 117.17 1.49918 0.0200933 6.85414e-06 17.0104 0.000841436 11.6515
293.769 117.18 1.50002 0.0208282 7.5917e-06 17.5105 0.00418313 11.9849
294.269 117.19 1.50193 0.0215231 8.17183e-06 18.0105 0.00723112 12.3181
294.769 117.201 1.50481 0.0221793 8.60403e-06 18.5105 0.00999314 12.6507
295.269 117.212 1.50854 0.0227979 8.899e-06 19.0105 0.0124724 12.9826
295.769 117.223 1.51303 0.0233797 9.06848e-06 19.5105 0.0146544 13.3135
296.269 117.235 1.51819 0.0239257 9.12432e-06 20.0105 0.0165147 13.6435
296.768 117.247 1.52387 0.0244366 9.07793e-06 20.5105 0.0180208 13.9722
297.268 117.259 1.52996 0.0249133 8.94018e-06 21.0105 0.0191206 14.2997
297.768 117.272 1.53631 0.0253566 8.72135e-06 21.5106 0.0197318 14.6258
298.268 117.284 1.54274 0.0257673 8.43113e-06 22.0106 0.0197783 14.9506
298.768 117.297 1.54906 0.0261463 8.07866e-06 22.5106 0.0191565 15.2741
299.268 117.31 1.55503 0.0264944 7.67254e-06 23.0107 0.0177449 15.5962
299.768 117.324 1.56037 0.0268124 7.22082e-06 23.5107 0.0153866 15.9172
300.267 117.337 1.56476 0.0271011 6.73106e-06 24.0107 0.0119345 16.2372
300.767 117.351 1.56785 0.0273614 6.2103e-06 24.5108 0.00721819 16.5564
301.267 117.364 1.56921 0.0275941 5.66511e-06 25.0108 0.00104678 16.8752
301.767 117.378 1.56836 0.0277999 5.1016e-06 25.5108 -0.00673508 17.1939
302.267 117.392 1.5648 0.0279797 4.52543e-06 26.0109 -0.0155879 17.513
302.767 117.406 1.55837 0.0281343 3.94181e-06 26.5109 -0.0243834 17.8332
303.267 117.42 1.54925 0.0282645 3.35555e-06 27.0109 -0.031966 18.155
303.766 117.434 1.538 0.028371 2.77104e-06 27.511 -0.0371202 18.4789
304.266 117.448 1.52554 0.0284547 2.1923e-06 28.011 -0.0385115 18.8053
304.766 117.463 1.51337 0.0285164 1.62297e-06 28.5111 -0.0346364 19.1345
305.266 117.477 1.50331 0.0285568 1.06633e-06 29.0111 -0.0253407 19.466
305.766 117.491 1.49697 0.0285777 5.25312e-07 29.5112 -0.0119186 19.7994
306.266 117.505 1.49539 0.0285777 1.67824e-07 30.0112 -0.00491594 20
