170.39 179.206 3.0156 -1.55393 -2.19836e-11 0 -0.0017251 0
170.399 178.706 3.01567 -1.55393 -7.83521e-10 0.5 0.00102003 0.165803
170.407 178.206 3.01584 -1.55394 -6.53185e-09 1 0.000757694 0.331598
170.416 177.706 3.01597 -1.55396 -1.13831e-08 1.5 0.000484616 0.497385
170.424 177.206 3.01605 -1.55398 -1.51251e-08 2 0.000192886 0.663166
170.432 176.706 3.01608 -1.554 -1.76334e-08 2.5 -0.000121793 0.828944
170.441 176.206 3.01606 -1.55403 -1.88641e-08 3 -0.000465586 0.994721
170.449 175.706 3.01597 -1.55407 -1.88331e-08 3.5 -0.000848257 1.1605
170.458 175.206 3.01582 -1.5541 -1.76116e-08 4 -0.00127226 1.32629
170.466 174.706 3.01559 -1.55414 -1.534e-08 4.5 -0.00174471 1.49209
170.474 174.206 3.01527 -1.55418 -1.21994e-08 5 -0.00227603 1.6579
170.483 173.706 3.01487 -1.55422 -8.44234e-09 5.5 -0.00286706 1.82373
170.491 173.206 3.01436 -1.55426 -4.36397e-09 6 -0.00352604 1.98959
170.499 172.706 3.01373 -1.5543 -3.25694e-10 6.5 -0.00426315 2.15548
170.507 172.206 3.01297 -1.55434 3.25997e-09 7 -0.00507777 2.32141
170.516 171.707 3.01207 -1.55437 5.95506e-09 7.5 -0.00597927 2.48738
170.524 171.207 3.01101 -1.55441 7.3175e-09 8 -0.00697667 2.65341
170.532 170.707 3.00978 -1.55443 6.95688e-09 8.5 -0.00806798 2.81949
170.54 170.207 3.00835 -1.55446 4.58827e-09 9 -0.00926334 2.98566
170.548 169.707 3.00671 -1.55448 1.37404e-10 9.5 -0.0105699 3.15191
170.556 169.207 3.00485 -1.55449 -6.20302e-09 10 -0.0119841 3.31825
170.565 168.707 3.00275 -1.55449 -1.38473e-08 10.5 -0.0135161 3.4847
170.573 168.207 3.00036 -1.55449 -2.17669e-08 11 -0.0151705 3.65128
170.581 167.707 2.9977 -1.55448 -2.84474e-08 11.5 -0.016942 3.818
170.589 167.207 2.99473 -1.55446 -3.19238e-08 12 -0.0188391 3.98487
170.597 166.707 2.99142 -1.55443 -2.98768e-08 12.5 -0.0208639 4.15193
170.605 166.207 2.98776 -1.55439 -1.98581e-08 13 -0.0230083 4.31917
170.614 165.707 2.98373 -1.55434 3.18433e-10 13.5 -0.025277 4.48663
170.622 165.207 2.97929 -1.55428 3.19503e-08 14 -0.0276697 4.65433
170.63 164.707 2.97445 -1.55421 7.44498e-08 14.5 -0.0301742 4.82229
170.638 164.208 2.96917 -1.55414 1.24257e-07 15 -0.0327891 4.99053
170.647 163.708 2.9634 -1.55407 1.74432e-07 15.5 -0.0355106 5.15909
170.655 163.208 2.95718 -1.554 2.15368e-07 16 -0.0383214 5.32799
170.664 162.708 2.95047 -1.55394 2.36225e-07 16.5 -0.0412113 5.49725
170.672 162.208 2.94321 -1.55388 2.26037e-07 17 -0.044171 5.66693
170.68 161.708 2.93545 -1.55384 1.74358e-07 17.5 -0.0471761 5.83704
170.689 161.208 2.92716 -1.55381 7.21735e-08 18 -0.0502079 6.0076
170.697 160.708 2.91831 -1.55379 -8.62264e-08 18.5 -0.0532425 6.17867
170.706 160.208 2.90891 -1.55378 -3.00597e-07 19 -0.0562494 6.35029
170.714 159.708 2.89898 -1.55378 -5.61707e-07 19.5 -0.0591981 6.52246
170.723 159.208 2.88852 -1.55378 -8.48564e-07 20 -0.0620517 6.69523
170.731 158.708 2.87751 -1.55379 -1.12637e-06 20.5 -0.0647564 6.86867
170.74 158.208 2.86601 -1.55381 -1.34592e-06 21 -0.0672725 7.04278
170.748 157.708 2.85406 -1.55383 -1.44499e-06 21.5 -0.0695472 7.21759
170.757 157.209 2.84168 -1.55386 -1.35251e-06 22 -0.0715124 7.39315
170.765 156.709 2.82892 -1.55389 -9.95799e-07 22.5 -0.0730799 7.56951
170.774 156.209 2.81587 -1.55393 -3.11159e-07 23 -0.0741904 7.74667
170.782 155.709 2.80261 -1.55397 7.42496e-07 23.5 -0.0747587 7.92465
170.791 155.209 2.78924 -1.554 2.16778e-06 24 -0.0746899 8.10346
170.799 154.709 2.77589 -1.55404 3.91216e-06 24.5 -0.0738337 8.28316
170.807 154.209 2.76271 -1.55408 5.85267e-06 25 -0.0720997 8.46373
170.816 153.709 2.74987 -1.55411 7.78456e-06 25.5 -0.0693713 8.64514
170.824 153.209 2.73756 -1.55414 9.41721e-06 26 -0.0655139 8.82737
170.832 152.709 2.72601 -1.55417 1.03804e-05 26.5 -0.060384 9.0104
170.841 152.209 2.71549 -1.5542 1.02439e-05 27 -0.0538025 9.19418
170.849 151.709 2.70634 -1.55423 8.55324e-06 27.5 -0.0455817 9.37864
170.857 151.209 2.69882 -1.55425 4.88182e-06 28 -0.0356019 9.56367
170.866 150.709 2.69331 -1.55427 -1.10097e-06 28.5 -0.0236961 9.74913
170.874 150.209 2.6901 -1.55429 -9.54856e-06 29 -0.0112053 9.9349
170.882 149.71 2.68941 -1.5543 -2.03491e-05 29.5 -0.00866227 10
170.89 149.21 2.68941 -1.5543 -3.30388e-05 30 -0.00866227 10
