169.92 207.702 3.01496 -1.55857 -1.36127e-06 0 -0.00126692 0
169.926 207.202 3.0151 -1.55819 -5.78916e-06 0.500003 0.00169201 0.165838
169.932 206.702 3.01536 -1.55776 -5.43148e-06 1.00001 0.00137853 0.331664
169.939 206.202 3.01556 -1.55735 -4.81481e-06 1.50001 0.0010555 0.497477
169.946 205.702 3.01571 -1.55697 -4.04706e-06 2.00001 0.000718098 0.663279
169.952 205.202 3.0158 -1.55661 -3.22523e-06 2.50001 0.000358501 0.829075
169.96 204.702 3.01583 -1.55627 -2.4274e-06 3.00001 -2.62104e-05 0.994868
169.967 204.202 3.01578 -1.55595 -1.70925e-06 3.50001 -0.000444759 1.16066
169.974 203.702 3.01567 -1.55566 -1.10407e-06 4.00001 -0.000903239 1.32646
169.982 203.202 3.01548 -1.55538 -6.25447e-07 4.50001 -0.0014073 1.49226
169.99 202.702 3.0152 -1.55512 -2.71326e-07 5.00001 -0.00196775 1.65808
169.997 202.202 3.01483 -1.55488 -2.87272e-08 5.50001 -0.00258584 1.82392
170.005 201.702 3.01434 -1.55466 1.21695e-07 6.00001 -0.00326995 1.98978
170.013 201.202 3.01374 -1.55445 2.01702e-07 6.50001 -0.00403048 2.15567
170.022 200.702 3.013 -1.55426 2.32445e-07 7.00001 -0.00486706 2.32159
170.03 200.202 3.01212 -1.55409 2.32401e-07 7.50001 -0.00578906 2.48757
170.038 199.702 3.01107 -1.55393 2.16262e-07 8.00001 -0.00680566 2.65359
170.047 199.203 3.00985 -1.55378 1.94595e-07 8.50001 -0.00791496 2.81968
170.055 198.703 3.00844 -1.55365 1.74082e-07 9.00001 -0.00912701 2.98584
170.064 198.203 3.00681 -1.55353 1.58164e-07 9.50001 -0.0104491 3.15208
170.072 197.703 3.00495 -1.55342 1.47844e-07 10 -0.0118777 3.31842
170.081 197.203 3.00285 -1.55332 1.425e-07 10.5 -0.0134229 3.48487
170.09 196.703 3.00047 -1.55323 1.4065e-07 11 -0.0150894 3.65144
170.099 196.203 2.99781 -1.55316 1.40552e-07 11.5 -0.0168721 3.81815
170.107 195.703 2.99484 -1.55309 1.40612e-07 12 -0.0187792 3.98502
170.116 195.203 2.99153 -1.55302 1.39651e-07 12.5 -0.0208131 4.15207
170.125 194.703 2.98787 -1.55297 1.3698e-07 13 -0.0229657 4.31931
170.134 194.203 2.98384 -1.55292 1.32325e-07 13.5 -0.0252418 4.48676
170.143 193.703 2.9794 -1.55288 1.2556e-07 14 -0.0276412 4.65446
170.152 193.203 2.97455 -1.55284 1.16255e-07 14.5 -0.0301517 4.82241
170.161 192.704 2.96927 -1.5528 1.03415e-07 15 -0.032772 4.99064
170.17 192.204 2.9635 -1.55278 8.58118e-08 15.5 -0.0354985 5.15921
170.179 191.704 2.95727 -1.55276 6.29222e-08 16 -0.0383137 5.3281
170.188 191.204 2.95056 -1.55275 3.5662e-08 16.5 -0.0412077 5.49735
170.197 190.704 2.9433 -1.55275 6.16034e-09 17 -0.0441709 5.66703
170.206 190.204 2.93553 -1.55276 -2.31762e-08 17.5 -0.0471791 5.83713
170.215 189.704 2.92724 -1.55277 -5.05119e-08 18 -0.0502134 6.00769
170.224 189.204 2.91838 -1.5528 -7.47678e-08 18.5 -0.0532497 6.17876
170.233 188.704 2.90897 -1.55283 -9.54406e-08 19 -0.0562575 6.35037
170.242 188.204 2.89904 -1.55287 -1.12364e-07 19.5 -0.0592063 6.52254
170.251 187.704 2.88857 -1.55291 -1.2555e-07 20 -0.0620588 6.6953
170.26 187.204 2.87756 -1.55296 -1.35103e-07 20.5 -0.0647615 6.86875
170.269 186.705 2.86606 -1.55301 -1.41213e-07 21 -0.0672747 7.04285
170.278 186.205 2.85411 -1.55307 -1.44121e-07 21.5 -0.0695459 7.21766
170.287 185.705 2.84173 -1.55312 -1.44106e-07 22 -0.0715076 7.39321
170.295 185.205 2.82897 -1.55319 -1.41484e-07 22.5 -0.0730721 7.56958
170.304 184.705 2.81592 -1.55325 -1.36592e-07 23 -0.0741814 7.74673
170.313 184.205 2.80266 -1.55331 -1.29783e-07 23.5 -0.0747508 7.9247
170.322 183.705 2.78929 -1.55337 -1.21418e-07 24 -0.0746868 8.10351
170.33 183.205 2.77594 -1.55343 -1.1186e-07 24.5 -0.0738403 8.28321
170.339 182.705 2.76276 -1.55349 -1.01459e-07 25 -0.072121 8.46378
170.348 182.205 2.74991 -1.55355 -9.05384e-08 25.5 -0.0694121 8.64518
170.356 181.705 2.73759 -1.5536 -7.94126e-08 26 -0.065578 8.82741
170.365 181.205 2.72603 -1.55365 -6.83351e-08 26.5 -0.0604727 9.01043
170.374 180.705 2.7155 -1.55369 -5.75167e-08 27 -0.0539133 9.19421
170.382 180.206 2.70631 -1.55373 -4.7103e-08 27.5 -0.0457059 9.37867
170.391 179.706 2.69878 -1.55376 -3.71639e-08 28 -0.0357245 9.56369
170.399 179.206 2.69324 -1.55379 -2.76776e-08 28.5 -0.0237945 9.74917
170.408 178.706 2.69002 -1.55381 -1.85233e-08 29 -0.011259 9.93494
170.416 178.206 2.68933 -1.55382 -9.46441e-09 29.5 -0.00870642 10
170.425 177.706 2.68933 -1.55382 -3.27283e-09 30 -0.00870642 10
