169.905 222.204 2.69466 -1.58454 0.000705845 0 0.53065 0
169.898 221.704 2.76025 -1.58315 0.000510653 0.500623 0.23132 0.183145
169.892 221.203 2.79801 -1.58163 0.000384472 1.00115 0.19694 0.36318
169.887 220.703 2.83164 -1.58022 0.000257496 1.50158 0.181535 0.540946
169.882 220.202 2.86227 -1.5789 0.0001402 2.00191 0.166491 0.716706
169.878 219.702 2.88998 -1.57768 3.97347e-05 2.50215 0.151879 0.890636
169.874 219.202 2.91486 -1.57653 -3.98744e-05 3.00232 0.137775 1.06291
169.871 218.702 2.93725 -1.57545 -9.73228e-05 3.50242 0.124209 1.23382
169.869 218.202 2.95729 -1.57443 -0.000133483 4.00249 0.111217 1.40352
169.867 217.702 2.97493 -1.57345 -0.0001508 4.50252 0.0988926 1.57206
169.866 217.202 2.99051 -1.5725 -0.000152697 5.00253 0.0872068 1.73968
169.865 216.702 3.00419 -1.57159 -0.000143031 5.50254 0.0761542 1.90651
169.865 216.202 3.01593 -1.5707 -0.000125655 6.00255 0.065793 2.0726
169.865 215.702 3.026 -1.56984 -0.000104077 6.50256 0.0560589 2.2381
169.865 215.202 3.03455 -1.56899 -8.12428e-05 7.00257 0.0469136 2.40312
169.866 214.702 3.04151 -1.56816 -5.9419e-05 7.5026 0.0383958 2.56769
169.867 214.202 3.04716 -1.56736 -4.01698e-05 8.00263 0.0304067 2.73193
169.869 213.702 3.05157 -1.56658 -2.44003e-05 8.50266 0.0229144 2.89592
169.871 213.202 3.0547 -1.56582 -1.24498e-05 9.0027 0.0159289 3.05968
169.874 212.702 3.05678 -1.56508 -4.21232e-06 9.50274 0.0093553 3.22332
169.877 212.202 3.05781 -1.56437 7.32484e-07 10.0028 0.00318026 3.38687
169.88 211.702 3.05783 -1.56368 2.99378e-06 10.5028 -0.00261981 3.5504
169.883 211.202 3.05697 -1.56302 3.25913e-06 11.0029 -0.00810747 3.71394
169.887 210.702 3.05521 -1.56239 2.20613e-06 11.5029 -0.0132859 3.87755
169.891 210.201 3.05262 -1.56178 4.38904e-07 12.0029 -0.0181944 4.04128
169.896 209.701 3.04928 -1.56119 -1.55055e-06 12.5029 -0.0228695 4.20516
169.901 209.202 3.04514 -1.56063 -3.39881e-06 13.0029 -0.0273082 4.36926
169.906 208.702 3.0403 -1.56009 -4.86975e-06 13.503 -0.0315529 4.53358
169.911 208.202 3.0348 -1.55957 -5.84181e-06 14.003 -0.0356219 4.69818
169.917 207.702 3.02857 -1.55908 -6.28954e-06 14.503 -0.0395123 4.86312
169.923 207.202 3.02174 -1.55862 -6.26179e-06 15.003 -0.0432583 5.02839
169.929 206.702 3.01429 -1.55818 -5.85607e-06 15.503 -0.0468667 5.19405
169.935 206.202 3.00619 -1.55777 -5.19069e-06 16.003 -0.0503362 5.36017
169.942 205.702 2.99753 -1.55738 -4.38109e-06 16.503 -0.0536862 5.52672
169.948 205.202 2.98831 -1.55702 -3.52579e-06 17.003 -0.0569164 5.69377
169.955 204.702 2.97849 -1.55668 -2.70118e-06 17.503 -0.0600179 5.86138
169.962 204.202 2.96815 -1.55636 -1.96087e-06 18.003 -0.0629977 6.02954
169.969 203.702 2.95729 -1.55607 -1.33683e-06 18.503 -0.0658473 6.19828
169.977 203.202 2.94589 -1.5558 -8.4193e-07 19.003 -0.0685395 6.3677
169.984 202.702 2.93402 -1.55555 -4.73717e-07 19.503 -0.0710706 6.53777
169.992 202.202 2.92169 -1.55531 -2.18905e-07 20.003 -0.0734189 6.70852
170 201.702 2.90891 -1.5551 -5.78859e-08 20.503 -0.0755401 6.88004
170.008 201.202 2.89572 -1.5549 3.13345e-08 21.003 -0.0774047 7.05233
170.016 200.702 2.88219 -1.55472 7.01192e-08 21.503 -0.0789785 7.22539
170.024 200.202 2.86835 -1.55456 7.71354e-08 22.003 -0.080213 7.39926
170.032 199.702 2.85426 -1.55442 6.7242e-08 22.503 -0.0810156 7.57403
170.04 199.202 2.83999 -1.55428 5.11549e-08 23.003 -0.0813505 7.74965
170.048 198.703 2.82565 -1.55417 3.56841e-08 23.503 -0.0811446 7.92615
170.056 198.203 2.81132 -1.55406 2.43807e-08 24.003 -0.0803157 8.10353
170.065 197.703 2.79713 -1.55397 1.83386e-08 24.503 -0.0787239 8.28185
170.073 197.203 2.78324 -1.5539 1.70072e-08 25.003 -0.0762938 8.46106
170.082 196.703 2.76979 -1.55383 1.8959e-08 25.503 -0.0729202 8.64115
170.09 196.203 2.75698 -1.55377 2.24887e-08 26.003 -0.0684801 8.82208
170.099 195.703 2.74502 -1.55373 2.60162e-08 26.503 -0.0628401 9.00382
170.107 195.203 2.73419 -1.55369 2.83593e-08 27.003 -0.0557957 9.18635
170.116 194.703 2.72476 -1.55366 2.88134e-08 27.503 -0.0472295 9.36955
170.124 194.203 2.71701 -1.55363 2.71486e-08 28.003 -0.0370002 9.55333
170.133 193.703 2.71128 -1.55362 2.35398e-08 28.503 -0.0249468 9.73756
170.141 193.203 2.70787 -1.55361 1.84249e-08 29.003 -0.011876 9.9221
170.15 192.703 2.70704 -1.5536 1.23911e-08 29.503 -0.00877585 10
170.159 192.203 2.70704 -1.5536 7.92015e-09 30.003 -0.00877585 10
