426.756 252.62 2.53971 3.13818 6.51788e-14 0 0.500822 0
426.256 252.622 2.61453 -3.1403 -0.000160741 0.500064 0.336868 0.193798
425.756 252.621 2.67545 -3.13489 -9.27025e-05 1.0001 0.30862 0.382763
425.256 252.618 2.72999 -3.12975 -3.36904e-05 1.5001 0.281914 0.567696
424.756 252.612 2.77884 -3.12488 1.67834e-05 2.0001 0.25671 0.749183
424.256 252.603 2.82257 -3.12029 5.9208e-05 2.50011 0.232952 0.927711
423.756 252.593 2.86169 -3.11598 9.40722e-05 3.00013 0.210581 1.10369
423.256 252.58 2.89634 -3.11194 0.000121863 3.50017 0.189631 1.2773
422.756 252.565 2.92716 -3.10817 0.000143063 4.00024 0.169961 1.44901
422.256 252.548 2.95454 -3.10467 0.000158154 4.50035 0.15149 1.61907
421.757 252.53 2.97864 -3.10145 0.000167609 5.0005 0.134204 1.78766
421.257 252.51 2.99966 -3.09849 0.000171899 5.50069 0.118065 1.95496
420.757 252.488 3.01807 -3.0958 0.000171486 6.00092 0.102937 2.12121
420.257 252.465 3.03393 -3.09338 0.000166829 6.5012 0.0888088 2.28654
419.757 252.441 3.0474 -3.09122 0.000158377 7.00151 0.0756463 2.45105
419.258 252.416 3.05883 -3.08933 0.000146576 7.50187 0.0633206 2.61494
418.758 252.39 3.06821 -3.0877 0.000131862 8.00227 0.0518448 2.77827
418.258 252.363 3.07575 -3.08634 0.000114666 8.50269 0.0411414 2.94115
417.759 252.335 3.08169 -3.08523 9.54145e-05 9.00315 0.0311197 3.10371
417.259 252.307 3.08592 -3.08439 7.45243e-05 9.50363 0.0218162 3.26599
416.759 252.279 3.08876 -3.08381 5.24083e-05 10.0041 0.0131056 3.4281
416.26 252.25 3.09024 -3.08348 2.94735e-05 10.5046 0.00496051 3.5901
415.76 252.221 3.09039 -3.08341 6.12161e-06 11.0052 -0.00262802 3.75205
415.26 252.192 3.08941 -3.0836 -1.72482e-05 11.5057 -0.00975565 3.91403
414.761 252.163 3.08728 -3.08405 -4.02299e-05 12.0062 -0.0164172 4.0761
414.261 252.134 3.08409 -3.08475 -6.23746e-05 12.5067 -0.022668 4.2383
413.761 252.105 3.07997 -3.08569 -8.30991e-05 13.0072 -0.0285585 4.40067
413.262 252.077 3.07484 -3.08688 -0.000101536 13.5077 -0.0340689 4.56331
412.762 252.05 3.06887 -3.08828 -0.000116448 14.0081 -0.0392705 4.72621
412.262 252.023 3.06207 -3.08985 -0.00012645 14.5085 -0.0441677 4.88944
411.762 251.997 3.05445 -3.09155 -0.000130648 15.0089 -0.0487583 5.05307
411.263 251.972 3.04611 -3.09331 -0.000129265 15.5092 -0.0530804 5.21709
410.763 251.948 3.03704 -3.09508 -0.000123662 16.0096 -0.0571244 5.38158
410.263 251.925 3.02729 -3.09682 -0.00011566 16.5099 -0.0609034 5.54658
409.763 251.903 3.01693 -3.09853 -0.00010677 17.0101 -0.0644429 5.7121
409.264 251.881 3.00594 -3.10018 -9.78727e-05 17.5103 -0.0677318 5.87821
408.764 251.86 2.99439 -3.10177 -8.93389e-05 18.0105 -0.0707853 6.04495
408.264 251.84 2.98231 -3.10331 -8.128e-05 18.5107 -0.0736146 6.21231
407.764 251.821 2.96972 -3.10479 -7.37137e-05 19.0109 -0.0762001 6.38038
407.265 251.803 2.95665 -3.10621 -6.66333e-05 19.511 -0.078539 6.54917
406.765 251.785 2.94316 -3.10757 -6.00274e-05 20.0112 -0.0806279 6.7187
406.265 251.768 2.92928 -3.10886 -5.38827e-05 20.5113 -0.0824365 6.88902
405.765 251.752 2.91503 -3.1101 -4.81852e-05 21.0114 -0.0839281 7.06018
405.265 251.736 2.90049 -3.11127 -4.29198e-05 21.5115 -0.0850879 7.23216
404.765 251.721 2.88572 -3.11238 -3.80703e-05 22.0116 -0.0858765 7.40498
404.265 251.706 2.87076 -3.11343 -3.36196e-05 22.5116 -0.0862122 7.57874
403.766 251.692 2.85571 -3.11441 -2.95495e-05 23.0117 -0.0860574 7.7534
403.266 251.679 2.84066 -3.11532 -2.58409e-05 23.5117 -0.085354 7.92896
402.766 251.666 2.8257 -3.11617 -2.24736e-05 24.0118 -0.0840279 8.10544
402.266 251.653 2.81097 -3.11695 -1.94264e-05 24.5118 -0.0819506 8.28288
401.766 251.64 2.79661 -3.11767 -1.66772e-05 25.0119 -0.0790477 8.46124
401.266 251.629 2.78278 -3.11831 -1.4203e-05 25.5119 -0.075227 8.64048
400.766 251.617 2.76965 -3.11889 -1.19795e-05 26.0119 -0.0703737 8.82059
400.266 251.606 2.75742 -3.1194 -9.98174e-06 26.512 -0.0643632 9.00152
399.767 251.594 2.7464 -3.11984 -8.18353e-06 27.012 -0.0569878 9.18324
399.267 251.584 2.73682 -3.1202 -6.55781e-06 27.512 -0.0481606 9.36564
398.767 251.573 2.72895 -3.1205 -5.0765e-06 28.012 -0.0377398 9.54861
398.267 251.562 2.72311 -3.12072 -3.7105e-06 28.512 -0.0255733 9.73205
397.767 251.552 2.71962 -3.12087 -2.42974e-06 29.0121 -0.0122043 9.9158
397.267 251.542 2.71871 -3.12094 -1.2031e-06 29.5121 -0.00882157 10
396.767 251.531 2.71871 -3.12094 -3.87036e-07 30.0121 -0.00882157 10
