171.583 133.235 2.22009 -1.55664 -0.00493893 0 -0.285382 0
171.59 132.738 2.1659 -1.55799 -0.0040884 0.49782 -0.227342 0.227189
171.596 132.239 2.11356 -1.55861 -0.00273877 0.996281 -0.22513 0.460154
171.602 131.74 2.06036 -1.55836 -0.000806821 1.49566 -0.222176 0.699305
171.609 131.239 2.00634 -1.55693 0.00174569 1.99626 -0.218451 0.945618
171.616 130.737 1.95167 -1.554 0.00493573 2.49838 -0.214005 1.1992
171.624 130.233 1.89646 -1.54922 0.0087572 3.00231 -0.208679 1.46123
171.635 129.727 1.84091 -1.54229 0.0131805 3.50835 -0.202399 1.73201
171.649 129.219 1.78526 -1.53289 0.0181531 4.01673 -0.195041 2.01234
171.669 128.709 1.72985 -1.52076 0.0236014 4.52768 -0.186457 2.30302
171.695 128.196 1.67512 -1.50567 0.0294324 5.04137 -0.176526 2.60478
171.728 127.68 1.62159 -1.48744 0.0355364 5.55792 -0.16519 2.91823
171.771 127.162 1.5699 -1.46594 0.0417907 6.0774 -0.15244 3.24386
171.826 126.643 1.52072 -1.44112 0.0480629 6.59981 -0.138359 3.58194
171.894 126.122 1.47487 -1.413 0.0542173 7.12507 -0.123119 3.93274
171.977 125.601 1.43303 -1.38168 0.0601211 7.65307 -0.107025 4.29591
172.077 125.08 1.39603 -1.34733 0.0656535 8.18359 -0.0904723 4.67114
172.195 124.56 1.3643 -1.31019 0.0707149 8.71641 -0.0739897 5.05733
172.333 124.043 1.33817 -1.27054 0.0752361 9.25123 -0.0581629 5.45327
172.491 123.531 1.31765 -1.22869 0.0791853 9.78775 -0.0436372 5.85743
172.672 123.024 1.30238 -1.18496 0.0825725 10.3257 -0.0310591 6.26817
172.875 122.525 1.29163 -1.13965 0.0854486 10.8647 -0.0209957 6.68388
173.1 122.034 1.28441 -1.09296 0.0878997 11.4047 -0.0138814 7.10315
173.346 121.56 1.27954 -1.04581 0.0900363 11.9382 -0.0099921 7.51937
173.613 121.099 1.27565 -0.997767 0.0919796 12.4712 -0.00909557 7.93653
173.901 120.652 1.27157 -0.948865 0.0938448 13.0036 -0.0107729 8.35457
174.211 120.219 1.26636 -0.899112 0.095724 13.5354 -0.0143236 8.77359
174.542 119.804 1.25942 -0.84848 0.0976697 14.0663 -0.018758 9.19394
174.892 119.406 1.25059 -0.796925 0.0996819 14.5964 -0.0228598 9.61622
175.262 119.028 1.24027 -0.744419 0.101698 15.1254 -0.0253247 10.041
175.65 118.67 1.2294 -0.690991 0.103592 15.6535 -0.0249598 10.4686
176.057 118.334 1.21939 -0.629525 0.105178 16.1807 -0.0208714 10.8993
176.589 117.946 1.2108 -0.567022 0.106482 16.8399 -0.00978786 11.442
177.05 117.652 1.20925 -0.509954 0.106317 17.3865 0.00351233 11.8939
177.527 117.386 1.21439 -0.453403 0.1051 17.9327 0.0195145 12.3448
178.017 117.147 1.22697 -0.398067 0.102733 18.478 0.0371216 12.7918
178.519 116.936 1.24732 -0.344648 0.0992214 19.0219 0.0554102 13.2317
179.029 116.753 1.27541 -0.29377 0.0946799 19.564 0.0769786 13.6617
179.546 116.597 1.31401 -0.245475 0.0893215 20.1037 0.109131 14.079
180.069 116.466 1.36364 -0.197337 0.0882996 20.6429 0.134077 14.482
180.597 116.36 1.41727 -0.151359 0.0824759 21.1818 0.139813 14.8696
181.125 116.279 1.46655 -0.119731 0.0679007 21.7163 0.121899 15.2401
181.538 116.23 1.4961 -0.0841147 0.0583635 22.1315 0.0863311 15.5203
182.168 116.177 1.5224 -0.0648992 0.0394673 22.7645 0.0450645 15.9392
182.57 116.15 1.53288 -0.0496909 0.023255 23.1672 0.0359328 16.2029
183.187 116.12 1.54753 -0.0368565 0.0289359 23.7846 0.0393538 16.6037
183.698 116.101 1.56187 -0.0271181 0.0322058 24.2966 0.0477254 16.9331
184.108 116.09 1.57504 -0.00990694 0.0324259 24.7066 0.0527296 17.1945
184.64 116.084 1.59327 0.00409922 0.02925 25.2387 0.0551823 17.5304
185.154 116.087 1.6108 0.0151893 0.0230655 25.7518 0.0537132 17.8507
185.658 116.094 1.62689 0.0233355 0.0173586 26.2568 0.0490212 18.1626
186.157 116.106 1.64081 0.0288112 0.0120089 26.7554 0.0418983 18.4677
186.65 116.12 1.65206 0.0319306 0.00716912 27.2488 0.0328533 18.7674
187.139 116.136 1.66021 0.0356405 0.00295637 27.738 0.0223832 19.0627
187.75 116.158 1.66622 0.0325435 -0.0020174 28.3494 0.0107009 19.4303
188.248 116.174 1.66832 0.0303964 -0.00439355 28.8481 0.00376192 19.7293
188.746 116.189 1.66884 0.0273766 -0.00603559 29.3458 0.000570345 20
189.243 116.202 1.66884 0.0238452 -0.00700098 29.8429 0.000570345 20
189.74 116.214 1.66884 0.0201187 -0.00737531 30.3397 0.000570345 20
190.236 116.224 1.66884 0.0164562 -0.00726223 30.8364 0.000570345 20
190.733 116.232 1.66884 0.0164562 -0.00677283 31.3333 0.000570345 20
