292.774 250.358 3.01555 -3.12902 7.78341e-17 0 -0.00161753 0
292.274 250.352 3.01562 -3.129 -8.15673e-10 0.5 0.00105666 0.165806
291.774 250.345 3.0158 -3.12898 1.768e-10 1 0.000791687 0.331603
291.274 250.339 3.01594 -3.12897 3.60637e-10 1.5 0.000516045 0.497392
290.774 250.333 3.01602 -3.12897 1.50069e-10 2 0.000221844 0.663174
290.274 250.326 3.01606 -3.12897 -1.46641e-10 2.5 -9.52179e-05 0.828954
289.774 250.32 3.01604 -3.12898 -3.16157e-10 3 -0.000441298 0.994732
289.274 250.314 3.01595 -3.12899 -2.28564e-10 3.5 -0.00082615 1.16051
288.774 250.307 3.0158 -3.12901 1.73679e-10 4 -0.00125223 1.3263
288.274 250.301 3.01558 -3.12903 8.87119e-10 4.5 -0.00172666 1.4921
287.774 250.295 3.01527 -3.12905 1.85856e-09 5 -0.00225986 1.65791
287.274 250.289 3.01486 -3.12907 2.9962e-09 5.5 -0.00285265 1.82375
286.774 250.282 3.01436 -3.12909 4.18086e-09 6 -0.0035133 1.9896
286.274 250.276 3.01373 -3.12912 5.27745e-09 6.5 -0.00425197 2.15549
285.774 250.27 3.01297 -3.12914 6.14593e-09 7 -0.00506805 2.32142
285.274 250.264 3.01208 -3.12916 6.65271e-09 7.5 -0.0059709 2.48739
284.774 250.257 3.01101 -3.12918 6.68185e-09 8 -0.00696955 2.65342
284.274 250.251 3.00978 -3.12919 6.14633e-09 8.5 -0.00806203 2.81951
283.774 250.245 3.00836 -3.12921 4.99927e-09 9 -0.00925843 2.98567
283.274 250.239 3.00672 -3.12921 3.24514e-09 9.5 -0.0105659 3.15192
282.774 250.233 3.00486 -3.12922 9.51176e-10 10 -0.011981 3.31826
282.274 250.226 3.00275 -3.12921 -1.74152e-09 10.5 -0.0135137 3.48471
281.774 250.22 3.00037 -3.1292 -4.60657e-09 11 -0.0151688 3.65129
281.275 250.214 2.99771 -3.12918 -7.32081e-09 11.5 -0.0169409 3.81801
280.775 250.208 2.99474 -3.12916 -9.45173e-09 12 -0.0188385 3.98488
280.275 250.202 2.99143 -3.12912 -1.04438e-08 12.5 -0.0208637 4.15194
279.775 250.195 2.98777 -3.12907 -9.61286e-09 13 -0.0230084 4.31918
279.275 250.189 2.98374 -3.12902 -6.19586e-09 13.5 -0.0252775 4.48664
278.775 250.183 2.9793 -3.12896 4.27513e-10 14 -0.0276705 4.65434
278.275 250.176 2.97446 -3.12888 1.02453e-08 14.5 -0.0301753 4.82229
277.775 250.17 2.96917 -3.12881 2.20555e-08 15 -0.0327905 4.99053
277.275 250.164 2.96341 -3.12873 3.34545e-08 15.5 -0.0355125 5.1591
276.775 250.157 2.95719 -3.12866 4.17795e-08 16 -0.0383237 5.328
276.275 250.151 2.95048 -3.1286 4.53987e-08 16.5 -0.0412141 5.49725
275.775 250.144 2.94322 -3.12855 4.4242e-08 17 -0.0441742 5.66694
275.275 250.138 2.93545 -3.12851 3.93139e-08 17.5 -0.0471797 5.83704
274.775 250.131 2.92717 -3.12848 3.19037e-08 18 -0.0502117 6.0076
274.275 250.125 2.91831 -3.12845 2.31281e-08 18.5 -0.053246 6.17868
273.775 250.118 2.90891 -3.12844 1.38406e-08 19 -0.0562522 6.35029
273.275 250.112 2.89898 -3.12844 4.68363e-09 19.5 -0.0591996 6.52246
272.775 250.105 2.88852 -3.12844 -3.85736e-09 20 -0.0620511 6.69523
272.275 250.098 2.87751 -3.12845 -1.14238e-08 20.5 -0.0647531 6.86867
271.775 250.092 2.86602 -3.12847 -1.77678e-08 21 -0.0672658 7.04278
271.275 250.085 2.85407 -3.12849 -2.27402e-08 21.5 -0.0695369 7.21759
270.775 250.079 2.84169 -3.12851 -2.62782e-08 22 -0.0714984 7.39315
270.275 250.072 2.82893 -3.12855 -2.83954e-08 22.5 -0.0730633 7.56951
269.775 250.066 2.81588 -3.12858 -2.91694e-08 23 -0.0741729 7.74667
269.276 250.059 2.80263 -3.12861 -2.87314e-08 23.5 -0.0747429 7.92465
268.776 250.053 2.78926 -3.12865 -2.72544e-08 24 -0.0746797 8.10346
268.276 250.046 2.77591 -3.12869 -2.49424e-08 24.5 -0.0738339 8.28316
267.776 250.04 2.76273 -3.12873 -2.2019e-08 25 -0.0721156 8.46372
267.276 250.033 2.74989 -3.12877 -1.87161e-08 25.5 -0.0694078 8.64513
266.776 250.027 2.73757 -3.12881 -1.52633e-08 26 -0.0655747 8.82736
266.276 250.02 2.72601 -3.12884 -1.18758e-08 26.5 -0.0604706 9.01038
265.776 250.014 2.71547 -3.12887 -8.74383e-09 27 -0.0539121 9.19416
265.276 250.008 2.70629 -3.1289 -6.02149e-09 27.5 -0.0457059 9.37862
264.776 250.001 2.69875 -3.12893 -3.81524e-09 28 -0.0357256 9.56365
264.276 249.995 2.69322 -3.12895 -2.17295e-09 28.5 -0.0237966 9.74912
263.776 249.989 2.69 -3.12896 -1.07265e-09 29 -0.0112604 9.9349
263.276 249.982 2.6893 -3.12897 -4.11354e-10 29.5 -0.00870618 10
262.776 249.976 2.6893 -3.12897 -1.12767e-10 30 -0.00870618 10
