276.264 117.38 0.105394 -0.0589967 4.55569e-09 0 -0.100501 6.1198e-08
276.764 117.351 1.09132 -0.0568807 -0.000374375 0.501383 1.25195 1.1145
277.265 117.322 1.52081 -0.0543881 -0.000353246 1.00269 0.998803 1.49635
277.765 117.295 1.79374 -0.0519535 -0.000333065 1.50391 0.812567 1.79798
278.266 117.269 1.98753 -0.0495762 -0.000313805 2.00504 0.660831 2.06215
278.766 117.244 2.13275 -0.0472558 -0.000295436 2.50609 0.530848 2.30532
279.267 117.221 2.24072 -0.0449914 -0.00027793 3.00708 0.41843 2.53401
279.767 117.198 2.3215 -0.0427826 -0.000261259 3.50799 0.319717 2.75341
280.268 117.177 2.38026 -0.0406286 -0.000245396 4.00883 0.233 2.96633
280.768 117.156 2.42088 -0.0385287 -0.000230312 4.50961 0.157077 3.17484
281.268 117.137 2.4463 -0.0364822 -0.000215981 5.01034 0.0907236 3.3805
281.769 117.119 2.45885 -0.0344885 -0.000202376 5.51101 0.0328694 3.58457
282.269 117.101 2.46037 -0.0325467 -0.00018947 6.01163 -0.0173018 3.78803
282.769 117.085 2.4524 -0.030656 -0.000177237 6.5122 -0.0604154 3.99175
283.27 117.07 2.43624 -0.0288159 -0.000165651 7.01273 -0.0970065 4.19647
283.77 117.055 2.41298 -0.0270253 -0.000154688 7.51322 -0.127696 4.40284
284.27 117.042 2.38357 -0.0252836 -0.000144322 8.01367 -0.153113 4.6115
284.77 117.029 2.34889 -0.02359 -0.000134529 8.51408 -0.173907 4.82297
285.271 117.017 2.30965 -0.0219435 -0.000125285 9.01446 -0.190644 5.03779
285.771 117.006 2.26648 -0.0203434 -0.000116566 9.5148 -0.203751 5.25644
286.271 116.996 2.21993 -0.0187888 -0.00010835 10.0151 -0.213372 5.47943
286.771 116.987 2.17058 -0.0172789 -0.000100614 10.5154 -0.21951 5.70726
287.271 116.978 2.119 -0.0158127 -9.33362e-05 11.0157 -0.222048 5.94059
287.772 116.97 2.06597 -0.0143894 -8.64955e-05 11.5159 -0.221107 6.17962
288.272 116.963 2.01221 -0.0130082 -8.00711e-05 12.0161 -0.216809 6.42496
288.772 116.957 1.95844 -0.0116681 -7.40418e-05 12.5163 -0.209598 6.67692
289.272 116.951 1.9054 -0.0103683 -6.83845e-05 13.0165 -0.199878 6.93588
289.772 116.946 1.85371 -0.00910833 -6.30706e-05 13.5167 -0.188115 7.20192
290.272 116.941 1.8041 -0.00788812 -5.80618e-05 14.0168 -0.174668 7.47552
290.772 116.937 1.75708 -0.00670841 -5.33109e-05 14.517 -0.160036 7.75648
291.273 116.934 1.71316 -0.00557085 -4.87746e-05 15.0171 -0.144641 8.04478
291.773 116.931 1.67275 -0.00447768 -4.44318e-05 15.5172 -0.128901 8.34025
292.273 116.929 1.63617 -0.0034311 -4.02938e-05 16.0173 -0.113217 8.64259
292.773 116.927 1.60358 -0.00243264 -3.63934e-05 16.5174 -0.0979562 8.95139
293.273 116.926 1.57506 -0.00148288 -3.27629e-05 17.0175 -0.0834423 9.26611
293.773 116.925 1.55053 -0.000581674 -2.94182e-05 17.5175 -0.0699445 9.58614
294.273 116.925 1.52984 0.00027165 -2.63573e-05 18.0176 -0.0576883 9.91088
294.773 116.925 1.51271 0.00107796 -2.35671e-05 18.5177 -0.0468374 10.2397
295.273 116.925 1.49875 0.00183822 -2.10302e-05 19.0177 -0.0374675 10.5718
295.773 116.926 1.48754 0.00255339 -1.87282e-05 19.5178 -0.029629 10.9068
296.273 116.928 1.47866 0.00322447 -1.66434e-05 20.0178 -0.0233494 11.244
296.773 116.929 1.47159 0.00385244 -1.47588e-05 20.5178 -0.0185474 11.583
297.273 116.931 1.46589 0.0044383 -1.30581e-05 21.0179 -0.0151792 11.9234
297.773 116.933 1.46108 0.00498304 -1.15259e-05 21.5179 -0.0131398 12.2651
298.273 116.936 1.45675 0.00548767 -1.01476e-05 22.0179 -0.012304 12.6079
298.773 116.939 1.4525 0.00595317 -8.90946e-06 22.5179 -0.0125672 12.9516
299.273 116.942 1.44799 0.00638057 -7.79842e-06 23.018 -0.0137559 13.2964
299.773 116.945 1.4429 0.00677085 -6.80223e-06 23.518 -0.015743 13.6423
300.273 116.948 1.43701 0.00712504 -5.90937e-06 24.018 -0.0183338 13.9895
300.773 116.952 1.43009 0.00744414 -5.10905e-06 24.518 -0.0213519 14.3383
301.273 116.955 1.42204 0.00772916 -4.3912e-06 25.018 -0.0245746 14.6889
301.773 116.959 1.4128 0.00798113 -3.74643e-06 25.518 -0.027755 15.0417
302.273 116.963 1.40243 0.00820105 -3.16602e-06 26.0181 -0.0306102 15.3968
302.773 116.967 1.39105 0.00838994 -2.64193e-06 26.5181 -0.0327807 15.7548
303.273 116.972 1.37899 0.00854883 -2.16673e-06 27.0181 -0.0338848 16.1158
303.773 116.976 1.36668 0.00867873 -1.73363e-06 27.5181 -0.0334248 16.4801
304.273 116.98 1.35481 0.00878067 -1.33641e-06 28.0181 -0.0308361 16.8475
304.773 116.985 1.34427 0.00885568 -9.69476e-07 28.5181 -0.0254989 17.2181
305.273 116.989 1.33629 0.00890477 -6.27753e-07 29.0181 -0.0166697 17.5912
305.773 116.993 1.33232 0.00893024 -3.06724e-07 29.5181 -0.00495792 17.9661
306.273 116.998 1.33214 0.00893024 -9.82931e-08 30.0181 -0.00430485 18
