169.9 235.427 1.43725 -1.54997 0.0261302 0 0.354996 1.18493e-06
169.911 234.916 1.50972 -1.54079 0.0215808 0.511208 0.186746 0.346007
169.926 234.407 1.57102 -1.53448 0.0163972 1.02012 0.182205 0.67641
169.944 233.901 1.62665 -1.53066 0.0114518 1.52662 0.167051 0.993192
169.965 233.397 1.67436 -1.52918 0.006854 2.03083 0.143718 1.2986
169.985 232.895 1.71285 -1.52981 0.00276485 2.53298 0.114894 1.59497
170.006 232.395 1.74167 -1.53222 -0.000668595 3.03335 0.0834406 1.88451
170.025 231.897 1.76109 -1.53602 -0.00335796 3.53227 0.0521722 2.16926
170.043 231.399 1.77205 -1.54081 -0.0052788 4.03012 0.0233164 2.45097
170.057 230.902 1.77536 -1.54621 -0.00646566 4.52726 -0.00256922 2.73117
170.07 230.406 1.7718 -1.55187 -0.00699975 5.02401 -0.0251311 3.01118
170.079 229.909 1.76245 -1.55765 -0.00699266 5.52067 -0.0440661 3.29217
170.086 229.418 1.74829 -1.56315 -0.0065698 6.01192 -0.0590493 3.57199
170.089 228.931 1.73029 -1.56802 -0.0058561 6.49913 -0.0702551 3.85208
170.091 228.441 1.70926 -1.5724 -0.00496575 6.98879 -0.0779459 4.13677
170.09 227.949 1.68607 -1.57626 -0.00399603 7.48092 -0.0822713 4.42663
170.087 227.454 1.66161 -1.57958 -0.0030248 7.9754 -0.0834973 4.72203
170.083 226.958 1.6367 -1.5824 -0.00211047 8.472 -0.081984 5.02315
170.077 226.459 1.61214 -1.58477 -0.00129369 8.97041 -0.078167 5.33
170.07 225.96 1.58862 -1.58675 -0.000599596 9.4703 -0.0725328 5.64239
170.062 225.459 1.5667 -1.5884 -4.0389e-05 9.97132 -0.0655836 5.95999
170.053 224.957 1.54682 -1.58979 0.000382231 10.4731 -0.05781 6.28235
170.044 224.455 1.52928 -1.59099 0.000674793 10.9754 -0.0496721 6.60896
170.033 223.952 1.51426 -1.59206 0.000849989 11.478 -0.0415815 6.93925
170.023 223.45 1.50171 -1.59303 0.000924749 11.9805 -0.0338698 7.27254
170.012 222.948 1.49154 -1.59395 0.000918436 12.4829 -0.0267937 7.60826
170 222.446 1.4836 -1.59483 0.000851093 12.9851 -0.0205381 7.94587
169.988 221.944 1.47757 -1.59569 0.000741812 13.4869 -0.0151728 8.28485
169.975 221.442 1.47319 -1.5965 0.000607518 13.9884 -0.0107371 8.6248
169.963 220.941 1.47016 -1.59723 0.000462683 14.4896 -0.00718281 8.96539
169.949 220.441 1.46819 -1.59785 0.000319934 14.9905 -0.00441577 9.30635
169.936 219.94 1.46706 -1.59835 0.000190465 15.4912 -0.00232432 9.64751
169.922 219.44 1.46654 -1.59874 8.30291e-05 15.9917 -0.00073215 9.98872
169.908 218.94 1.46651 -1.59906 2.22289e-06 16.492 0.000528171 10.3299
169.894 218.44 1.46687 -1.59935 -5.19759e-05 16.9923 0.00164684 10.671
169.88 217.94 1.46762 -1.59963 -8.28242e-05 17.4925 0.0028004 11.0119
169.865 217.44 1.46879 -1.59991 -9.49008e-05 17.9928 0.00415831 11.3527
169.851 216.94 1.47048 -1.60018 -9.28959e-05 18.493 0.00586424 11.6931
169.836 216.44 1.47283 -1.60044 -8.11662e-05 18.9933 0.00806435 12.033
169.821 215.939 1.47601 -1.60069 -6.35931e-05 19.4937 0.0108642 12.3724
169.806 215.439 1.48025 -1.60094 -4.34745e-05 19.9941 0.0143632 12.711
169.791 214.939 1.48581 -1.60116 -2.3428e-05 20.4945 0.0186502 13.0484
169.776 214.439 1.4929 -1.60138 -5.34696e-06 20.995 0.0237609 13.3845
169.761 213.938 1.50182 -1.60159 9.57675e-06 21.4956 0.0297389 13.7189
169.745 213.438 1.51281 -1.60178 2.07739e-05 21.9961 0.0365768 14.051
169.73 212.938 1.52605 -1.60197 2.81823e-05 22.4967 0.0438432 14.3805
169.714 212.437 1.54143 -1.60214 3.2114e-05 22.9973 0.050186 14.7069
169.698 211.937 1.55835 -1.60231 3.31226e-05 23.498 0.0540831 15.0299
169.683 211.437 1.57577 -1.60247 3.18822e-05 23.9986 0.0544478 15.3494
169.667 210.936 1.59253 -1.60263 2.90873e-05 24.4992 0.0510348 15.6654
169.651 210.436 1.60745 -1.60277 2.53778e-05 24.9998 0.0437214 15.9782
169.635 209.936 1.61939 -1.60291 2.12902e-05 25.5004 0.0326648 16.2885
169.619 209.435 1.62748 -1.60303 1.72317e-05 26.001 0.0195317 16.5968
169.603 208.935 1.63143 -1.60314 1.34758e-05 26.5016 0.00641223 16.9039
169.586 208.435 1.63163 -1.60324 1.01723e-05 27.0022 -0.00457953 17.2107
169.57 207.934 1.62914 -1.60333 7.36733e-06 27.5028 -0.0106419 17.5177
169.554 207.434 1.62597 -1.6034 5.02899e-06 28.0034 -0.00847929 17.8253
169.538 206.934 1.62482 -1.60346 3.07378e-06 28.504 -0.0049231 18
169.521 206.433 1.62482 -1.60349 1.39107e-06 29.0046 -0.0049231 18
169.505 205.933 1.62482 -1.60351 -1.3661e-07 29.5052 -0.0049231 18
169.488 205.433 1.62482 -1.60351 -9.9655e-07 30.0058 -0.0049231 18
