169.91 236.828 1.31565 -1.59201 0.031946 0 -0.0162073 1.43668e-06
169.901 236.435 1.31042 -1.57811 0.0315017 0.392751 -0.00524481 0.299211
169.897 235.871 1.31744 -1.5597 0.0295192 0.956826 0.0366414 0.729
169.903 235.328 1.33957 -1.54355 0.026211 1.49969 0.0703577 1.13798
169.917 234.803 1.37175 -1.5301 0.0217545 2.02546 0.0940628 1.52605
169.938 234.29 1.40918 -1.51956 0.016614 2.53845 0.107392 1.89516
169.964 233.787 1.44805 -1.51172 0.0116912 3.04244 0.111588 2.24789
169.993 233.291 1.48551 -1.50634 0.00710642 3.53918 0.108418 2.58659
170.025 232.801 1.51959 -1.50313 0.00301301 4.03009 0.0992612 2.91326
170.058 232.316 1.54902 -1.50179 -0.000442012 4.51665 0.0857091 3.23028
170.091 231.833 1.57313 -1.50194 -0.00316791 5.00029 0.0693077 3.54
170.124 231.352 1.59162 -1.50323 -0.00513618 5.48237 0.0514008 3.84458
170.157 230.872 1.60456 -1.50532 -0.00637654 5.96408 0.0331725 4.14593
170.189 230.39 1.61206 -1.51504 -0.00696547 6.44643 0.0156569 4.44576
170.223 229.777 1.61444 -1.51233 -0.0068638 7.0606 -0.00414278 4.82633
170.252 229.28 1.61124 -1.51495 -0.0063233 7.55817 -0.0174608 5.13477
170.28 228.783 1.60423 -1.51734 -0.00554319 8.05608 -0.0280116 5.44442
170.306 228.286 1.5943 -1.51941 -0.00462937 8.5544 -0.0357208 5.75597
170.332 227.788 1.5823 -1.52113 -0.0036699 9.05312 -0.0406654 6.06993
170.357 227.289 1.56903 -1.52252 -0.00273362 9.55224 -0.0430491 6.38667
170.381 226.79 1.55523 -1.52359 -0.00187087 10.0517 -0.0431527 6.7064
170.404 226.291 1.54158 -1.52441 -0.0011154 10.5515 -0.041325 7.0292
170.428 225.792 1.52865 -1.52503 -0.000486777 11.0515 -0.0379855 7.35494
170.45 225.292 1.51689 -1.52553 7.25827e-06 11.5517 -0.0335217 7.68344
170.473 224.792 1.50666 -1.52597 0.000368413 12.0521 -0.0283006 8.01442
170.496 224.292 1.49819 -1.5264 0.00060576 12.5525 -0.0226673 8.34754
170.518 223.792 1.49156 -1.5269 0.000733811 13.0529 -0.016909 8.68235
170.54 223.292 1.48684 -1.52748 0.000770758 13.5534 -0.0112507 9.01845
170.561 222.792 1.48398 -1.52819 0.000736813 14.0539 -0.00585586 9.35539
170.583 222.292 1.48285 -1.52902 0.000652578 14.5543 -0.000812926 9.69275
170.604 221.792 1.48338 -1.52995 0.000537461 15.0546 0.00382973 10.0301
170.624 221.292 1.4854 -1.53098 0.000408367 15.5549 0.00808943 10.3672
170.644 220.793 1.48877 -1.53206 0.000278939 16.0552 0.0120112 10.7036
170.663 220.293 1.49343 -1.53318 0.000159403 16.5553 0.0156534 11.0391
170.682 219.793 1.49923 -1.53432 5.67477e-05 17.0555 0.0190967 11.3734
170.7 219.293 1.50613 -1.53546 -2.50012e-05 17.5556 0.0224072 11.7062
170.718 218.793 1.51409 -1.53659 -8.44361e-05 18.0557 0.0256392 12.0374
170.735 218.294 1.52306 -1.5377 -0.000122319 18.5557 0.0288266 12.3667
170.752 217.794 1.53299 -1.53878 -0.00014103 19.0558 0.0319722 12.694
170.768 217.294 1.54389 -1.53983 -0.000143972 19.5558 0.035045 13.019
170.783 216.794 1.55567 -1.54082 -0.000135031 20.0558 0.0379794 13.3417
170.798 216.295 1.56827 -1.54176 -0.000118107 20.5559 0.0406742 13.6618
170.813 215.795 1.58156 -1.54265 -9.67739e-05 21.0559 0.0429922 13.9793
170.827 215.295 1.59538 -1.54348 -7.40432e-05 21.5559 0.0447621 14.2941
170.84 214.795 1.60952 -1.54426 -5.2244e-05 22.0559 0.0457732 14.6061
170.854 214.295 1.6237 -1.54499 -3.29919e-05 22.5559 0.0457895 14.9154
170.867 213.795 1.63759 -1.54566 -1.72316e-05 23.056 0.0445533 15.2221
170.879 213.296 1.65075 -1.54628 -5.32888e-06 23.556 0.041776 15.5262
170.891 212.796 1.6627 -1.54684 2.80711e-06 24.056 0.0371437 15.828
170.903 212.296 1.67287 -1.54736 7.59163e-06 24.556 0.0303365 16.1277
170.915 211.796 1.68063 -1.54784 9.6363e-06 25.056 0.02148 16.4259
170.927 211.296 1.68552 -1.54826 9.6364e-06 25.556 0.0112212 16.7229
170.938 210.796 1.68722 -1.54864 8.28039e-06 26.0561 0.000207195 17.0194
170.949 210.296 1.68565 -1.54897 6.18465e-06 26.5561 -0.0107142 17.3158
170.96 209.796 1.68104 -1.54926 3.85327e-06 27.0561 -0.0199855 17.6128
170.971 209.296 1.67412 -1.5495 1.66015e-06 27.5561 -0.0258424 17.9109
170.981 208.797 1.66614 -1.54969 -1.5054e-07 28.0561 -0.026574 18.2102
170.992 208.297 1.65876 -1.54984 -1.45078e-06 28.5561 -0.0216953 18.511
171.002 207.797 1.65364 -1.54994 -2.20675e-06 29.0561 -0.0114813 18.813
171.013 207.297 1.65214 -1.54999 -2.45333e-06 29.5561 -0.00531111 19
171.023 206.797 1.65214 -1.54999 -2.4051e-06 30.0561 -0.00531111 19
