260.512 116.858 3.01527 0.0150431 -3.93674e-06 0 -0.0021892 0
261.012 116.865 2.98497 0.015065 -4.57071e-06 0.499997 -0.335104 0.166457
261.512 116.873 2.89923 0.0150851 -4.67298e-06 0.999993 -0.674487 0.336149
262.012 116.88 2.75758 0.015098 -4.38643e-06 1.49999 -0.905905 0.512535
262.511 116.888 2.59432 0.0151045 -3.83149e-06 1.99999 -0.84071 0.699289
263.011 116.896 2.4338 0.0151054 -3.12003e-06 2.49998 -0.773138 0.898274
263.511 116.903 2.27711 0.0151015 -2.34872e-06 2.99998 -0.703044 1.11078
264.011 116.911 2.12568 0.0150936 -1.59508e-06 3.49998 -0.630612 1.33826
264.511 116.918 1.98105 0.0150823 -9.15853e-07 3.99998 -0.556542 1.58182
265.011 116.926 1.84543 0.0150684 -3.47448e-07 4.49998 -0.481693 1.84351
265.511 116.933 1.72076 0.0150526 9.21148e-08 4.99998 -0.407228 2.12412
266.011 116.941 1.60943 0.0150354 4.00184e-07 5.49998 -0.334562 2.42473
266.511 116.948 1.51353 0.0150177 5.85901e-07 5.99998 -0.265314 2.74538
267.011 116.956 1.43448 0.0150001 6.66487e-07 6.49998 -0.2011 3.08492
267.511 116.963 1.37337 0.0149833 6.63725e-07 6.99998 -0.14356 3.44157
268.011 116.971 1.32963 0.0149681 6.00898e-07 7.49998 -0.0937191 3.81189
268.511 116.978 1.30212 0.0149551 5.00356e-07 7.99998 -0.0522878 4.19224
269.011 116.986 1.2886 0.0149452 3.81763e-07 8.49998 -0.019258 4.57856
269.511 116.993 1.28626 0.0149389 2.61018e-07 8.99998 0.00597203 4.96718
270.011 117.001 1.29233 0.0149373 1.49815e-07 9.49998 0.0243108 5.35516
270.511 117.008 1.30426 0.0149408 5.56988e-08 9.99998 0.0368484 5.74041
271.01 117.016 1.31991 0.0149505 -1.74976e-08 10.5 0.0446967 6.12156
271.51 117.023 1.33761 0.0149669 -6.89585e-08 11 0.0488822 6.49792
272.01 117.031 1.35608 0.0149908 -1.00084e-07 11.5 0.0502705 6.86913
272.51 117.038 1.37443 0.0150231 -1.13654e-07 12 0.0496686 7.23535
273.01 117.046 1.39206 0.0150643 -1.13085e-07 12.5 0.0476823 7.59684
273.51 117.053 1.40858 0.0151151 -1.01788e-07 13 0.044784 7.95385
274.01 117.061 1.42381 0.0151756 -8.27354e-08 13.5 0.0413857 8.30691
274.51 117.068 1.43763 0.0152452 -5.83747e-08 14 0.0377771 8.65633
275.01 117.076 1.4501 0.0153219 -3.09737e-08 14.5 0.0341926 9.00263
275.51 117.084 1.46125 0.0154025 -3.22902e-09 15 0.0308103 9.34606
276.01 117.091 1.47123 0.0154827 2.15518e-08 15.5 0.02775 9.68706
276.51 117.099 1.48017 0.0155582 4.02458e-08 16 0.0251097 10.0259
277.01 117.107 1.48825 0.0156256 5.1109e-08 16.5 0.0229442 10.3627
277.51 117.115 1.49565 0.0156829 5.42856e-08 17 0.0212812 10.6979
278.01 117.122 1.50254 0.0157296 5.12521e-08 17.5 0.0201467 11.0314
278.51 117.13 1.50912 0.0157657 4.39196e-08 18 0.0195183 11.3634
279.01 117.138 1.51553 0.0157917 3.40489e-08 18.5 0.0193696 11.694
279.509 117.146 1.52195 0.0158084 2.30622e-08 19 0.0196672 12.0233
280.009 117.154 1.5285 0.0158165 1.20452e-08 19.5 0.0203437 12.3511
280.509 117.162 1.53529 0.0158167 1.78241e-09 20 0.0213225 12.6775
281.009 117.17 1.54241 0.0158099 -7.19761e-09 20.5 0.0225134 13.0024
281.509 117.178 1.5499 0.0157966 -1.45818e-08 21 0.0238087 13.3258
282.009 117.186 1.55777 0.0157778 -2.02351e-08 21.5 0.0250792 13.6476
282.509 117.194 1.56598 0.0157541 -2.41565e-08 22 0.0261831 13.9677
283.009 117.201 1.57445 0.0157262 -2.64418e-08 22.5 0.0269605 14.2862
283.509 117.209 1.58305 0.015695 -2.72571e-08 23 0.0272316 14.6029
284.009 117.217 1.59157 0.0156612 -2.68115e-08 23.5 0.0267896 14.9179
284.509 117.225 1.59978 0.0156255 -2.53329e-08 24 0.0254272 15.2312
285.009 117.233 1.60734 0.0155887 -2.30652e-08 24.5 0.0229111 15.543
285.509 117.241 1.61388 0.0155515 -2.02451e-08 25 0.018989 15.8534
286.009 117.248 1.61893 0.0155147 -1.71031e-08 25.5 0.0134261 16.1627
286.509 117.256 1.62204 0.0154791 -1.38613e-08 26 0.00656209 16.4712
287.009 117.264 1.62294 0.0154452 -1.07111e-08 26.5 -0.0007313 16.7794
287.509 117.272 1.62165 0.0154141 -7.82387e-09 27 -0.00755629 17.0875
288.008 117.279 1.61852 0.0153862 -5.33507e-09 27.5 -0.0121908 17.3961
288.508 117.287 1.61471 0.0153625 -3.33597e-09 28 -0.011382 17.7054
289.008 117.295 1.61234 0.0153437 -1.86531e-09 28.5 -0.00493446 18
289.508 117.302 1.61234 0.0153305 -9.01043e-10 29 -0.00493446 18
290.008 117.31 1.61234 0.0153232 -3.42426e-10 29.5 -0.00493446 18
290.508 117.318 1.61234 0.0153232 -1.08479e-10 30 -0.00493446 18
