276.013 117.437 0.0480911 -0.0585907 2.42573e-10 0 0.113044 9.63262e-08
276.514 117.408 1.1632 -0.0548675 -0.000650442 0.501368 1.401 1.06183
277.014 117.38 1.62064 -0.0505131 -0.000591433 1.0026 1.15151 1.42036
277.515 117.355 1.92017 -0.0463008 -0.000536122 1.50369 0.965804 1.70309
278.015 117.332 2.13818 -0.0422305 -0.000484394 2.00464 0.813266 1.9491
278.515 117.311 2.30649 -0.0383022 -0.000436134 2.50547 0.68099 2.17431
279.016 117.292 2.43791 -0.0345158 -0.000391223 3.00619 0.563959 2.38529
279.516 117.274 2.54065 -0.0308709 -0.000349541 3.50681 0.459035 2.58626
280.016 117.259 2.62025 -0.0273674 -0.000310967 4.00734 0.364105 2.78009
280.517 117.245 2.6806 -0.0240051 -0.000275378 4.5078 0.277703 2.96878
281.017 117.233 2.72456 -0.0207836 -0.00024265 5.00818 0.198788 3.15383
281.517 117.223 2.75424 -0.0177027 -0.000212661 5.50851 0.126616 3.33641
282.017 117.214 2.77129 -0.014762 -0.000185286 6.00878 0.0606601 3.51743
282.517 117.207 2.77695 -0.0119611 -0.000160402 6.50901 0.000597936 3.6977
283.018 117.201 2.77189 -0.00929961 -0.000137883 7.00919 -0.0535439 3.87794
283.518 117.196 2.75766 -0.00677722 -0.000117608 7.50935 -0.102196 4.0588
284.018 117.193 2.73505 -0.00439348 -9.94516e-05 8.00947 -0.145459 4.24086
284.518 117.19 2.70482 -0.00214794 -8.32924e-05 8.50956 -0.183466 4.42467
285.018 117.189 2.66764 -4.01732e-05 -6.90082e-05 9.00964 -0.216281 4.61076
285.518 117.189 2.62418 0.00193029 -5.64778e-05 9.5097 -0.243881 4.79968
286.018 117.19 2.57502 0.0037639 -4.55812e-05 10.0097 -0.266063 4.99205
286.518 117.192 2.52108 0.00546114 -3.61991e-05 10.5098 -0.282896 5.18828
287.018 117.195 2.46308 0.00702249 -2.82135e-05 11.0098 -0.294631 5.38891
287.518 117.198 2.40175 0.00844844 -2.15075e-05 11.5098 -0.301613 5.59444
288.018 117.203 2.33779 0.00973952 -1.59656e-05 12.0098 -0.304137 5.80543
288.518 117.207 2.27191 0.0108964 -1.14741e-05 12.5098 -0.302521 6.02245
289.018 117.213 2.20487 0.0119204 -7.92157e-06 13.0098 -0.297189 6.24588
289.518 117.219 2.13738 0.0128141 -5.19886e-06 13.5098 -0.288519 6.47615
290.018 117.225 2.07014 0.0135835 -3.19509e-06 14.0098 -0.276836 6.71381
290.518 117.232 2.00392 0.0142392 -1.79041e-06 14.5098 -0.262504 6.95938
291.018 117.239 1.93938 0.0147976 -8.51501e-07 15.0098 -0.246033 7.21294
291.518 117.247 1.8773 0.0152792 -2.39653e-07 15.5098 -0.227791 7.47505
292.018 117.254 1.81829 0.0157044 1.6855e-07 16.0098 -0.208287 7.74574
292.518 117.262 1.76293 0.0160896 4.61964e-07 16.5098 -0.187998 8.02501
293.018 117.27 1.71177 0.0164459 6.90615e-07 17.0098 -0.167401 8.31285
293.518 117.278 1.66522 0.0167791 8.76015e-07 17.5098 -0.146973 8.60905
294.017 117.287 1.62357 0.0170922 1.02558e-06 18.0098 -0.127171 8.91322
294.517 117.295 1.58692 0.0173864 1.14239e-06 18.5098 -0.108406 9.22482
295.017 117.304 1.55524 0.0176624 1.22905e-06 19.0099 -0.0910301 9.54318
295.517 117.313 1.5283 0.0179207 1.28837e-06 19.5099 -0.0753194 9.86757
296.017 117.322 1.50577 0.0181619 1.32317e-06 20.0099 -0.061473 10.1972
296.517 117.331 1.48729 0.0183864 1.3362e-06 20.5099 -0.0496696 10.5314
297.017 117.34 1.47221 0.0185948 1.33001e-06 21.0099 -0.0399093 10.8694
297.517 117.349 1.45995 0.0187874 1.30702e-06 21.5099 -0.0321824 11.2105
298.017 117.359 1.44994 0.0189649 1.2695e-06 22.0099 -0.0264444 11.5542
298.517 117.368 1.44151 0.0191276 1.21954e-06 22.5099 -0.0225151 11.9
299.017 117.378 1.43411 0.0192762 1.15911e-06 23.0099 -0.0202917 12.2478
299.517 117.387 1.42719 0.019411 1.09001e-06 23.5099 -0.0195103 12.5973
300.017 117.397 1.42028 0.0195325 1.01392e-06 24.0099 -0.0199927 12.9485
300.516 117.407 1.413 0.0196413 9.32383e-07 24.5099 -0.0214418 13.3014
301.016 117.417 1.40501 0.0197378 8.46823e-07 25.0099 -0.0236031 13.6563
301.516 117.427 1.39615 0.0198225 7.58529e-07 25.5099 -0.0261374 14.0133
302.016 117.436 1.38629 0.0198959 6.6868e-07 26.0099 -0.0286922 14.3726
302.516 117.446 1.37549 0.0199584 5.78344e-07 26.5099 -0.0308528 14.7347
303.016 117.456 1.36396 0.0200106 4.88476e-07 27.0099 -0.0321578 15.0997
303.516 117.466 1.35209 0.0200529 3.99932e-07 27.5099 -0.0320217 15.4679
304.016 117.476 1.34054 0.0200859 3.13471e-07 28.0099 -0.0298403 15.8393
304.516 117.486 1.33019 0.0201099 2.29757e-07 28.5099 -0.0248964 16.2138
305.016 117.497 1.32229 0.0201255 1.49369e-07 29.0099 -0.0163605 16.5909
305.515 117.507 1.31837 0.0201335 7.28026e-08 29.5099 -0.00482802 16.9697
306.015 117.517 1.31821 0.0201335 2.36848e-08 30.0099 -0.00425493 17
