232.157 116.354 3.01309 0.0231384 7.07722e-06 0 -0.00219121 0
232.657 116.366 3.01308 0.022934 8.72547e-06 0.500015 0.000684134 0.16595
233.157 116.377 3.01319 0.0226898 1.3581e-05 1.00003 0.000615321 0.331896
233.657 116.389 3.0133 0.0224481 1.8588e-05 1.50005 0.000549208 0.497837
234.157 116.4 3.01339 0.0222097 2.33987e-05 2.00008 0.000480595 0.663773
234.657 116.411 3.01347 0.0219751 2.75957e-05 2.5001 0.000403637 0.829705
235.157 116.422 3.01354 0.0217446 3.0706e-05 3.00013 0.000311803 0.995634
235.657 116.433 3.01359 0.0215182 3.2219e-05 3.50016 0.000194086 1.16156
236.157 116.444 3.01362 0.0212956 3.161e-05 4.00019 4.33665e-05 1.32748
236.657 116.454 3.01362 0.0210763 2.83653e-05 4.50021 -0.00015112 1.49341
237.156 116.465 3.01358 0.0208597 2.20107e-05 5.00024 -0.000406678 1.65933
237.656 116.475 3.01349 0.0206447 1.2141e-05 5.50025 -0.000730861 1.82525
238.156 116.485 3.01335 0.0204302 -1.54939e-06 6.00026 -0.00113909 1.99118
238.656 116.496 3.01312 0.020215 -1.92359e-05 6.50025 -0.00165324 2.15711
239.156 116.506 3.01281 0.0199979 -4.09341e-05 7.00023 -0.00227909 2.32305
239.656 116.516 3.01237 0.0197777 -6.64719e-05 7.5002 -0.00303537 2.48901
240.156 116.526 3.0118 0.0195532 -9.54672e-05 8.00014 -0.00394392 2.65499
240.656 116.535 3.01107 0.0193237 -0.000127313 8.50005 -0.00500541 2.82099
241.155 116.545 3.01014 0.0190888 -0.000161172 8.99995 -0.00623831 2.98703
241.655 116.555 3.00899 0.0188487 -0.000195996 9.49981 -0.00765759 3.15313
242.155 116.564 3.0076 0.0186039 -0.000230548 9.99965 -0.00925549 3.31928
242.655 116.573 3.00592 0.0183561 -0.000263464 10.4995 -0.0110446 3.48551
243.154 116.583 3.00392 0.0181074 -0.000293327 10.9993 -0.0130271 3.65183
243.654 116.592 3.00159 0.0178607 -0.000318753 11.499 -0.0151852 3.81826
244.154 116.6 2.99887 0.0176196 -0.000338499 11.9988 -0.0175207 3.98483
244.653 116.609 2.99574 0.0174034 -0.000351561 12.4985 -0.0200221 4.15156
245.143 116.618 2.99227 0.0171985 -0.000357257 12.9887 -0.022612 4.31529
245.627 116.626 2.9884 0.0170039 -0.00035529 13.4726 -0.0252946 4.47711
246.111 116.634 2.98407 0.0168304 -0.000345775 13.9568 -0.0280807 4.63924
246.596 116.643 2.9793 0.0166788 -0.000329224 14.4414 -0.0309489 4.80177
247.081 116.651 2.974 0.0165481 -0.000306503 14.9269 -0.0338908 4.96488
247.568 116.659 2.96821 0.0164351 -0.000278749 15.4134 -0.0368814 5.12862
248.056 116.667 2.96191 0.0163361 -0.000247278 15.9012 -0.039907 5.29311
248.545 116.675 2.95505 0.0162481 -0.000213485 16.3904 -0.0429523 5.45847
249.035 116.683 2.94766 0.0161689 -0.000178745 16.881 -0.0460011 5.6247
249.527 116.691 2.93973 0.015926 -0.000144343 17.3732 -0.0490388 5.79189
250.15 116.701 2.92893 0.0160147 -9.57799e-05 17.9964 -0.0528179 6.00426
250.65 116.709 2.91963 0.0159635 -6.67218e-05 18.4963 -0.0557736 6.17523
251.15 116.717 2.90982 0.015918 -4.10527e-05 18.9963 -0.0586513 6.34677
251.65 116.724 2.89949 0.0158772 -1.91602e-05 19.4963 -0.06143 6.51888
252.15 116.732 2.88866 0.0158397 -1.22736e-06 19.9963 -0.0640799 6.69164
252.65 116.74 2.87732 0.0158043 1.27466e-05 20.4963 -0.0665604 6.86508
253.15 116.748 2.86553 0.0157698 2.29212e-05 20.9963 -0.0688419 7.03922
253.65 116.756 2.85332 0.0157352 2.95866e-05 21.4963 -0.0708807 7.21407
254.15 116.764 2.84072 0.0156996 3.31346e-05 21.9963 -0.0726131 7.38969
254.65 116.772 2.82778 0.0156625 3.40287e-05 22.4963 -0.0739668 7.56613
255.15 116.78 2.81459 0.0156233 3.27752e-05 22.9964 -0.074885 7.74337
255.65 116.787 2.80121 0.015582 2.98948e-05 23.4964 -0.0752871 7.92144
256.15 116.795 2.78776 0.0155388 2.58962e-05 23.9964 -0.0750816 8.10035
256.65 116.803 2.77434 0.015494 2.12534e-05 24.4964 -0.0741138 8.28016
257.15 116.811 2.76111 0.0154481 1.63854e-05 24.9964 -0.0723074 8.46084
257.65 116.819 2.74823 0.015402 1.16427e-05 25.4964 -0.0695365 8.64235
258.15 116.826 2.73588 0.0153565 7.29785e-06 25.9965 -0.0656633 8.8247
258.649 116.834 2.7243 0.0153127 3.54267e-06 26.4965 -0.0605393 9.00783
259.149 116.842 2.71375 0.0152717 4.90609e-07 26.9965 -0.0539668 9.19173
259.649 116.849 2.70455 0.0152346 -1.81597e-06 27.4965 -0.0457713 9.37631
260.149 116.857 2.69699 0.0152024 -3.39484e-06 27.9965 -0.0358123 9.56146
260.649 116.864 2.69143 0.0151763 -4.31058e-06 28.4965 -0.0239119 9.74705
261.149 116.872 2.68819 0.0151573 -4.66033e-06 28.9965 -0.0113224 9.93295
261.649 116.88 2.68747 0.0151459 -4.55977e-06 29.4964 -0.00869501 10
262.149 116.887 2.68747 0.0151459 -4.12962e-06 29.9964 -0.00869501 10
