227.159 116.232 3.0135 0.0255511 -2.68329e-06 0 -0.00181581 0
227.659 116.245 3.01356 0.0253445 -7.22342e-06 0.500013 0.000931248 0.165923
228.159 116.257 3.01372 0.0250937 -7.81342e-06 1.00002 0.000669455 0.331839
228.658 116.27 3.01383 0.0248397 -8.18191e-06 1.50003 0.000396789 0.497746
229.158 116.282 3.0139 0.0245834 -8.21268e-06 2.00004 0.000107419 0.663648
229.658 116.295 3.01391 0.0243257 -7.78479e-06 2.50005 -0.000201381 0.829547
230.158 116.307 3.01388 0.0240677 -6.78292e-06 3.00006 -0.000533807 0.995447
230.658 116.319 3.01378 0.0238106 -5.10993e-06 3.50007 -0.000896616 1.16135
231.158 116.331 3.01362 0.0235553 -2.70073e-06 4.00008 -0.00129053 1.32726
231.658 116.343 3.0134 0.0233032 4.6354e-07 4.50009 -0.0017198 1.49318
232.157 116.354 3.01309 0.0230552 4.34218e-06 5.0001 -0.00219127 1.65912
232.657 116.366 3.0127 0.0228125 8.824e-06 5.50011 -0.00270473 1.82508
233.157 116.377 3.01223 0.022576 1.37199e-05 6.00013 -0.00326545 1.99106
233.657 116.388 3.01165 0.0223467 1.87603e-05 6.50015 -0.00388133 2.15707
234.157 116.4 3.01097 0.0221252 2.35976e-05 7.00017 -0.00455262 2.32312
234.657 116.411 3.01017 0.021912 2.78148e-05 7.5002 -0.00528716 2.48921
235.157 116.422 3.00924 0.0217074 3.09392e-05 8.00023 -0.00609537 2.65534
235.657 116.432 3.00817 0.0215113 3.24609e-05 8.50026 -0.00697887 2.82154
236.157 116.443 3.00694 0.0213236 3.18557e-05 9.00028 -0.00794942 2.98779
236.657 116.454 3.00554 0.0211438 2.86108e-05 9.50031 -0.00902071 3.15412
237.156 116.464 3.00396 0.0209711 2.22529e-05 10.0003 -0.0101954 3.32053
237.656 116.475 3.00217 0.0208045 1.23777e-05 10.5004 -0.0114893 3.48703
238.156 116.485 3.00014 0.020643 -1.31952e-06 11.0004 -0.0129185 3.65363
238.656 116.496 2.99787 0.0204854 -1.90131e-05 11.5004 -0.0144846 3.82035
239.156 116.506 2.99533 0.0203303 -4.07176e-05 12.0003 -0.0162051 3.9872
239.656 116.516 2.99247 0.0201765 -6.62602e-05 12.5003 -0.0180957 4.15419
240.156 116.526 2.98929 0.0200229 -9.52583e-05 13.0002 -0.0201532 4.32134
240.656 116.536 2.98574 0.0198683 -0.000127105 13.5002 -0.0223914 4.48867
241.155 116.546 2.98179 0.0197112 -0.000160966 14 -0.0248213 4.65621
241.655 116.556 2.97742 0.0195496 -0.000195796 14.4999 -0.0274293 4.82397
242.155 116.566 2.97259 0.0193806 -0.000230365 14.9998 -0.0302178 4.99198
242.655 116.575 2.96725 0.0192006 -0.000263313 15.4996 -0.0331874 5.16028
243.154 116.585 2.9614 0.0190064 -0.000293225 15.9994 -0.0363099 5.32887
243.654 116.594 2.95502 0.0187965 -0.000318713 16.4991 -0.0395694 5.4978
244.154 116.604 2.94802 0.0185712 -0.000338529 16.9989 -0.0429501 5.66713
244.653 116.613 2.94044 0.0183663 -0.000351659 17.4986 -0.0464092 5.83687
245.143 116.622 2.93243 0.0181427 -0.000357419 17.9888 -0.0498472 6.00379
245.627 116.631 2.92389 0.0178928 -0.000355507 18.4727 -0.0532462 6.16906
246.111 116.64 2.91479 0.0176413 -0.000346035 18.9569 -0.056608 6.3349
246.596 116.648 2.90511 0.0173927 -0.000329516 19.4416 -0.0598945 6.50143
247.081 116.657 2.8948 0.0171508 -0.000306809 19.927 -0.0630437 6.66886
247.568 116.665 2.88393 0.0169192 -0.000279053 20.4136 -0.0660186 6.83724
248.055 116.673 2.87253 0.0167007 -0.000247565 20.9013 -0.0687714 7.00668
248.545 116.681 2.86057 0.0164976 -0.00021374 21.3905 -0.0712216 7.17734
249.035 116.689 2.84814 0.0163112 -0.000178962 21.8811 -0.0733215 7.34924
249.527 116.697 2.8353 0.0159615 -0.000144517 22.3733 -0.0750133 7.52243
250.15 116.707 2.8186 0.0159729 -9.59122e-05 22.9965 -0.0764129 7.74288
250.65 116.715 2.80496 0.0158455 -6.68156e-05 23.4964 -0.0768729 7.92067
251.15 116.723 2.79124 0.015734 -4.11123e-05 23.9964 -0.0766548 8.09933
251.65 116.731 2.77757 0.0156373 -1.91907e-05 24.4964 -0.0756126 8.27891
252.15 116.739 2.76409 0.0155539 -1.23397e-06 24.9964 -0.0736872 8.45938
252.65 116.747 2.75098 0.0154828 1.27586e-05 25.4964 -0.0707649 8.6407
253.15 116.755 2.73844 0.0154227 2.29469e-05 25.9964 -0.0667215 8.82287
253.65 116.762 2.72669 0.0153725 2.96213e-05 26.4964 -0.061421 9.00585
254.15 116.77 2.71601 0.0153314 3.31742e-05 26.9964 -0.0546682 9.1896
254.65 116.778 2.7067 0.0152988 3.40697e-05 27.4965 -0.0463185 9.37404
255.15 116.785 2.69906 0.0152742 3.28146e-05 27.9965 -0.0362313 9.55905
255.65 116.793 2.69343 0.0152577 2.99301e-05 28.4965 -0.0242361 9.74451
256.15 116.801 2.69014 0.0152492 2.59259e-05 28.9965 -0.0114798 9.93028
256.65 116.808 2.68939 0.0152486 2.12763e-05 29.4965 -0.00873094 10
257.15 116.816 2.68939 0.0152486 1.64016e-05 29.9966 -0.00873094 10
