276.264 117.374 0.098694 -0.0591274 4.564e-09 0 -0.0441426 1.87144e-07
276.765 117.345 1.03964 -0.05768 -0.000256543 0.501388 1.06211 1.10734
277.265 117.316 1.4209 -0.0559498 -0.000249299 1.00272 0.825479 1.51207
277.766 117.288 1.65957 -0.0542274 -0.000242234 1.504 0.651428 1.83624
278.266 117.26 1.82622 -0.0525123 -0.000235338 2.00521 0.510506 2.12334
278.767 117.234 1.94599 -0.0508037 -0.000228607 2.50636 0.392377 2.38877
279.267 117.209 2.03161 -0.049101 -0.000222031 3.00745 0.292061 2.64034
279.767 117.184 2.09208 -0.0474034 -0.000215602 3.50849 0.206035 2.8832
280.268 117.16 2.13205 -0.0457103 -0.000209314 4.00948 0.132948 3.12024
280.768 117.137 2.15561 -0.0440208 -0.000203157 4.51041 0.0711463 3.35375
281.269 117.115 2.16603 -0.0423343 -0.000197124 5.01129 0.0188392 3.58545
281.769 117.094 2.1652 -0.0406499 -0.000191205 5.51212 -0.0248816 3.81663
282.269 117.074 2.15504 -0.0389668 -0.000185393 6.01291 -0.0610387 4.04839
282.77 117.054 2.13731 -0.0372843 -0.000179678 6.51364 -0.0906213 4.28163
283.27 117.036 2.11311 -0.0356016 -0.000174051 7.01434 -0.11412 4.51717
283.77 117.018 2.08361 -0.0339177 -0.000168503 7.51498 -0.132131 4.75575
284.271 117.001 2.04999 -0.0322319 -0.000163024 8.01559 -0.145374 4.99786
284.771 116.985 2.01298 -0.0305434 -0.000157603 8.51616 -0.154037 5.24432
285.271 116.969 1.97366 -0.0288511 -0.000152231 9.01668 -0.158889 5.49533
285.772 116.955 1.93271 -0.0271543 -0.000146895 9.51717 -0.160125 5.75166
286.272 116.941 1.89098 -0.0254521 -0.000141586 10.0176 -0.158369 6.01337
286.772 116.929 1.84914 -0.0237435 -0.000136292 10.518 -0.153927 6.28099
287.272 116.917 1.8079 -0.0220277 -0.000131001 11.0184 -0.147254 6.55471
287.773 116.906 1.76784 -0.0203037 -0.000125699 11.5188 -0.138782 6.83459
288.273 116.896 1.72951 -0.0185708 -0.000120369 12.0191 -0.128903 7.12071
288.773 116.886 1.6934 -0.0168285 -0.000114978 12.5194 -0.118007 7.41306
289.273 116.878 1.6599 -0.0150778 -0.000109451 13.0196 -0.10647 7.71147
289.773 116.87 1.62931 -0.0133222 -0.000103646 13.5199 -0.094648 8.0157
290.274 116.864 1.60185 -0.0115698 -9.73527e-05 14.0201 -0.0828619 8.32539
290.774 116.858 1.5776 -0.00983422 -9.03894e-05 14.5202 -0.0713939 8.6401
291.274 116.853 1.55657 -0.00813248 -8.27558e-05 15.0204 -0.0604812 8.95932
291.774 116.849 1.53867 -0.00648123 -7.47139e-05 15.5205 -0.0503145 9.28253
292.274 116.846 1.52377 -0.00489248 -6.66861e-05 16.0207 -0.0410472 9.60918
292.774 116.843 1.51165 -0.00337229 -5.90498e-05 16.5208 -0.0327929 9.93876
293.274 116.842 1.50198 -0.00192212 -5.20103e-05 17.0208 -0.0255967 10.2707
293.774 116.841 1.49447 -0.000541254 -4.56151e-05 17.5209 -0.0194891 10.6045
294.274 116.84 1.48881 0.00077163 -3.98347e-05 18.021 -0.0144929 10.9398
294.774 116.841 1.48463 0.00201778 -3.46226e-05 18.521 -0.0105532 11.2761
295.274 116.842 1.48158 0.0031983 -2.99357e-05 19.0211 -0.00763921 11.6133
295.774 116.843 1.47936 0.00431425 -2.57363e-05 19.5211 -0.00570413 11.9511
296.275 116.846 1.47762 0.00536666 -2.19896e-05 20.0211 -0.00466466 12.2893
296.775 116.848 1.4761 0.00635656 -1.86623e-05 20.5212 -0.00447316 12.6279
297.275 116.851 1.4745 0.00728499 -1.57228e-05 21.0212 -0.00504505 12.9668
297.775 116.855 1.4726 0.00815297 -1.31405e-05 21.5212 -0.00630389 13.3061
298.275 116.859 1.47015 0.00896155 -1.08859e-05 22.0212 -0.00818692 13.6459
298.775 116.864 1.46697 0.00971176 -8.93113e-06 22.5212 -0.0105953 13.9864
299.275 116.868 1.46287 0.0104047 -7.24916e-06 23.0212 -0.0134521 14.3277
299.774 116.874 1.45772 0.0110413 -5.8143e-06 23.5212 -0.0166526 14.6701
300.274 116.879 1.45142 0.0116226 -4.60201e-06 24.0212 -0.0200831 15.0138
300.774 116.885 1.44386 0.0121498 -3.5889e-06 24.5213 -0.0236105 15.3592
301.274 116.891 1.43507 0.0126239 -2.75273e-06 25.0213 -0.027073 15.7065
301.774 116.897 1.42502 0.0130459 -2.07235e-06 25.5213 -0.0302685 16.0561
302.274 116.904 1.41388 0.0134168 -1.52773e-06 26.0213 -0.0329665 16.4083
302.774 116.911 1.4018 0.0137377 -1.09992e-06 26.5213 -0.0348544 16.7635
303.274 116.917 1.38915 0.0140097 -7.71021e-07 27.0213 -0.0355906 17.1218
303.774 116.924 1.37638 0.0142338 -5.24163e-07 27.5213 -0.034733 17.4834
304.274 116.932 1.36419 0.014411 -3.435e-07 28.0213 -0.0317519 17.8483
304.774 116.939 1.35345 0.0145424 -2.14182e-07 28.5213 -0.0260851 18.2163
305.274 116.946 1.34535 0.0146291 -1.22329e-07 29.0213 -0.0170302 18.5869
305.774 116.953 1.3413 0.0146744 -5.50086e-08 29.5213 -0.00513184 18.9592
306.274 116.961 1.34108 0.0146744 -1.69138e-08 30.0213 -0.004338 19
