172.265 123.475 1.51533 -1.31678 0.078646 0 -0.106476 0
172.404 122.942 1.50899 -1.26556 0.0804933 0.550951 -0.0109415 0.364771
172.57 122.413 1.50208 -1.2118 0.082926 1.1053 -0.0257811 0.732865
172.766 121.891 1.49045 -1.15706 0.0849642 1.66266 -0.0362161 1.10527
172.991 121.379 1.47527 -1.1015 0.0867246 2.22272 -0.043763 1.48291
173.246 120.877 1.45733 -1.04594 0.0883257 2.78526 -0.0495485 1.86652
173.524 120.396 1.43739 -0.989765 0.0898736 3.34111 -0.0540863 2.25053
173.83 119.931 1.41558 -0.933007 0.0914492 3.8975 -0.0576151 2.64054
174.161 119.483 1.39221 -0.875626 0.0930962 4.45456 -0.0599649 3.03731
174.518 119.055 1.36778 -0.817586 0.0948116 5.01208 -0.0606959 3.44131
174.9 118.648 1.34302 -0.75888 0.0965392 5.5699 -0.059205 3.85288
175.305 118.264 1.31901 -0.699565 0.0981696 6.12788 -0.0548557 4.27213
175.732 117.905 1.29712 -0.639791 0.0995458 6.68587 -0.0471122 4.69876
176.179 117.572 1.2791 -0.572935 0.100478 7.24373 -0.0357307 5.13202
176.763 117.195 1.26453 -0.505702 0.100583 7.93848 -0.0167864 5.67865
177.268 116.916 1.26116 -0.444931 0.0995696 8.51582 0.00245533 6.13609
177.788 116.668 1.26715 -0.385658 0.09756 9.09151 0.024499 6.5918
178.319 116.452 1.28365 -0.328562 0.0945398 9.66451 0.0492036 7.04138
178.858 116.268 1.31144 -0.27426 0.0905839 10.2339 0.0796191 7.48059
179.402 116.115 1.35403 -0.222884 0.0858544 10.7989 0.122809 7.90509
179.951 115.991 1.41279 -0.172131 0.0847976 11.3622 0.163208 8.31263
180.505 115.895 1.48166 -0.123532 0.0800001 11.9245 0.189414 8.70144
181.055 115.826 1.55254 -0.0812663 0.0668248 12.4791 0.19446 9.0669
181.501 115.79 1.60558 -0.055576 0.0580087 12.9259 0.177946 9.3498
182.128 115.755 1.66928 -0.0207222 0.0397773 13.5542 0.158154 9.73335
182.552 115.746 1.709 -0.0180612 0.0250008 13.9783 0.160008 9.98447
183.158 115.735 1.76802 0.000758316 0.0282647 14.5848 0.180605 10.3334
183.676 115.736 1.82368 0.0193361 0.0316575 15.1023 0.206266 10.6217
184.107 115.744 1.87447 0.027278 0.0320468 15.5338 0.22844 10.8551
184.644 115.759 1.94212 0.0424829 0.0293416 16.0709 0.251329 11.1367
185.161 115.781 2.01007 0.0538049 0.0233812 16.5881 0.267326 11.3985
185.668 115.808 2.07776 0.0618831 0.0176741 17.0959 0.276592 11.6469
186.167 115.839 2.14384 0.0670971 0.0123295 17.5964 0.279648 11.8841
186.661 115.872 2.20713 0.0698007 0.00746475 18.091 0.276127 12.1114
187.149 115.906 2.26641 0.0703697 0.00320642 18.5807 0.264782 12.3303
187.634 115.941 2.32071 0.0641448 -0.000354279 19.067 0.246672 12.5422
188.241 115.979 2.38084 0.0653461 -0.00428988 19.6749 0.215655 12.8009
188.737 116.012 2.42226 0.0615794 -0.00598635 20.1722 0.184292 13.0079
189.233 116.043 2.45628 0.0572605 -0.00699705 20.6689 0.1493 13.2115
189.729 116.071 2.48261 0.0527128 -0.00740622 21.1652 0.112349 13.4124
190.224 116.097 2.50135 0.048205 -0.00731761 21.6615 0.0756605 13.6115
190.72 116.121 2.51291 0.0439456 -0.00684376 22.1581 0.0409069 13.8095
191.217 116.143 2.51788 0.0400836 -0.00609654 22.6549 0.00928706 14.007
191.714 116.163 2.51695 0.0367123 -0.00517984 23.1523 -0.0184126 14.2045
192.211 116.181 2.51096 0.0338767 -0.00418458 23.6501 -0.0417506 14.4025
192.709 116.198 2.50075 0.031582 -0.00318606 24.1484 -0.0605282 14.6014
193.208 116.214 2.48717 0.0298026 -0.00224297 24.6473 -0.0747106 14.8014
193.707 116.229 2.4711 0.0284909 -0.00139777 25.1465 -0.08437 15.0027
194.206 116.243 2.45338 0.0275853 -0.000677917 25.6462 -0.0897783 15.2056
194.706 116.257 2.43481 0.0270167 -9.76226e-05 26.1461 -0.0913093 15.4102
195.206 116.27 2.41616 0.0267145 0.000340155 26.6462 -0.0891954 15.6164
195.706 116.283 2.39816 0.0266112 0.000641563 27.1465 -0.0836169 15.8243
196.206 116.297 2.38155 0.0266454 0.000819689 27.6469 -0.0746935 16.0337
196.706 116.31 2.36705 0.0267646 0.000892458 28.1474 -0.0626425 16.2445
197.207 116.323 2.35529 0.0269264 0.000880616 28.6478 -0.0480703 16.4564
197.707 116.337 2.34677 0.0270991 0.000805904 29.1482 -0.0316592 16.6693
198.207 116.351 2.34184 0.0272616 0.000689459 29.6486 -0.0140985 16.8828
198.707 116.364 2.3405 0.0274021 0.000550516 30.1489 -0.00844476 17
199.207 116.378 2.3405 0.0275173 0.000405459 30.6491 -0.00844476 17
199.707 116.392 2.3405 0.0276077 0.000267237 31.1493 -0.00844476 17
200.207 116.405 2.3405 0.0276077 0.00014484 31.6494 -0.00844476 17
