169.911 234.918 1.50972 -1.53997 0.0216289 0 0.186746 0
169.926 234.409 1.62771 -1.53317 0.0164048 0.508924 0.388476 0.32507
169.945 233.903 1.73712 -1.5293 0.0114584 1.01543 0.337124 0.625893
169.966 233.399 1.82466 -1.52778 0.00685958 1.51965 0.279262 0.908902
169.988 232.898 1.89179 -1.52837 0.00276894 2.02181 0.217867 1.17887
170.009 232.398 1.94058 -1.53074 -0.00066632 2.52218 0.156266 1.43979
170.029 231.899 1.9732 -1.53451 -0.00335768 3.02111 0.0973582 1.69465
170.047 231.402 1.99077 -1.53928 -0.00528054 3.51897 0.0440315 1.94567
170.063 230.905 1.99618 -1.54466 -0.00646931 4.01611 -0.00221414 2.19495
170.076 230.408 1.99069 -1.5503 -0.00700509 4.51288 -0.0407845 2.44407
170.086 229.911 1.9766 -1.556 -0.0069994 5.00956 -0.0725041 2.69434
170.093 229.418 1.95515 -1.56156 -0.00657758 5.50306 -0.0971605 2.94535
170.098 228.931 1.92848 -1.56643 -0.00586458 5.99028 -0.115535 3.19615
170.1 228.441 1.89718 -1.57082 -0.00497458 6.47995 -0.128 3.45217
170.1 227.949 1.86268 -1.57469 -0.00400488 6.97209 -0.135206 3.71389
170.098 227.455 1.82608 -1.57803 -0.00303337 7.46657 -0.137307 3.98199
170.094 226.958 1.78863 -1.58087 -0.00211853 7.96316 -0.134764 4.2568
170.089 226.46 1.75156 -1.58326 -0.00130103 8.46156 -0.128083 4.53838
170.083 225.96 1.71606 -1.58526 -0.000606083 8.96143 -0.117745 4.82672
170.076 225.459 1.68329 -1.58693 -4.59179e-05 9.46243 -0.104276 5.12152
170.068 224.957 1.6543 -1.58836 0.000377718 9.96422 -0.0882287 5.42228
170.059 224.455 1.63006 -1.58959 0.000671319 10.4665 -0.070165 5.72823
170.05 223.953 1.61132 -1.59068 0.000847546 10.969 -0.0506174 6.03838
170.04 223.45 1.59868 -1.59169 0.000923325 11.4715 -0.0300866 6.35158
170.029 222.948 1.59251 -1.59265 0.000918073 11.9739 -0.00903017 6.66653
170.018 222.446 1.59298 -1.59359 0.000852034 12.476 0.0121451 6.9819
170.007 221.944 1.60006 -1.59451 0.000744719 12.9778 0.0330761 7.29633
169.995 221.443 1.61359 -1.59542 0.000613501 13.4793 0.053427 7.60853
169.982 220.942 1.63313 -1.59628 0.000472695 13.9805 0.0728967 7.91734
169.97 220.441 1.65815 -1.59707 0.000333586 14.4814 0.0912013 8.22179
169.957 219.941 1.68799 -1.59774 0.000205378 14.982 0.10806 8.52111
169.943 219.44 1.72197 -1.59827 9.59171e-05 15.4825 0.123195 8.81472
169.929 218.94 1.75929 -1.5987 1.09519e-05 15.9828 0.136327 9.10226
169.915 218.44 1.79921 -1.59904 -4.74067e-05 16.4831 0.147124 9.38342
169.901 217.94 1.84083 -1.59934 -8.10533e-05 16.9833 0.155313 9.65825
169.887 217.44 1.88332 -1.59962 -9.44915e-05 17.4835 0.160611 9.92692
169.873 216.94 1.92585 -1.5999 -9.29666e-05 17.9838 0.162727 10.1896
169.858 216.44 1.96758 -1.60016 -8.13378e-05 18.4841 0.161714 10.4466
169.843 215.94 2.00789 -1.60041 -6.37405e-05 18.9844 0.158 10.6984
169.828 215.44 2.04611 -1.60065 -4.35604e-05 19.4848 0.151601 10.9451
169.814 214.939 2.08187 -1.60089 -2.34382e-05 19.9853 0.142847 11.1876
169.798 214.439 2.11466 -1.6011 -5.2731e-06 20.4858 0.13206 11.4261
169.783 213.939 2.14427 -1.60131 9.74069e-06 20.9863 0.119784 11.6611
169.768 213.438 2.17058 -1.60151 2.10321e-05 21.4869 0.106439 11.8931
169.753 212.938 2.19335 -1.6017 2.85373e-05 21.9874 0.0923194 12.1225
169.737 212.438 2.21265 -1.60189 3.25675e-05 22.488 0.0777348 12.3497
169.722 211.937 2.22853 -1.60206 3.36752e-05 22.9886 0.0629253 12.5751
169.706 211.437 2.24102 -1.60223 3.2534e-05 23.4893 0.0480972 12.7991
169.69 210.937 2.25005 -1.60239 2.98384e-05 23.9899 0.0334561 13.022
169.674 210.436 2.25588 -1.60255 2.62282e-05 24.4905 0.019287 13.2442
169.659 209.936 2.25868 -1.60269 2.22401e-05 24.9911 0.00614729 13.4659
169.643 209.436 2.25877 -1.60283 1.82816e-05 25.4917 -0.00534861 13.6875
169.627 208.935 2.25654 -1.60295 1.46264e-05 25.9923 -0.0145216 13.9092
169.61 208.435 2.25256 -1.60306 1.14244e-05 26.4928 -0.0206721 14.1313
169.594 207.935 2.24762 -1.60317 8.72188e-06 26.9934 -0.0231942 14.3537
169.578 207.434 2.24258 -1.60325 6.48694e-06 27.494 -0.0214007 14.5767
169.562 206.934 2.23845 -1.60332 4.63597e-06 27.9946 -0.0145836 14.8001
169.546 206.434 2.23641 -1.60338 3.05811e-06 28.4952 -0.0069979 15
169.529 205.933 2.23641 -1.60342 1.6356e-06 28.9958 -0.0069979 15
169.513 205.433 2.23641 -1.60344 2.58974e-07 29.4964 -0.0069979 15
169.497 204.933 2.23641 -1.60344 -5.43853e-07 29.997 -0.0069979 15
