169.896 235.928 1.33705 -1.56322 0.029459 0 -0.00321133 0
169.9 235.415 1.41258 -1.54812 0.0261776 0.513007 0.247446 0.374711
169.912 234.904 1.49762 -1.53472 0.0217168 1.02417 0.23538 0.725913
169.93 234.395 1.57238 -1.52388 0.0165766 1.53303 0.214595 1.05725
169.954 233.889 1.63592 -1.51568 0.0116585 2.03947 0.186845 1.37285
169.982 233.386 1.68775 -1.50996 0.00707849 2.54366 0.154193 1.6761
170.012 232.884 1.72793 -1.50649 0.00299057 3.04581 0.119043 1.96997
170.044 232.385 1.75707 -1.50497 -0.000458735 3.54625 0.0843615 2.25701
170.077 231.887 1.77629 -1.50502 -0.00317912 4.04533 0.0520004 2.53939
170.11 231.39 1.78667 -1.50624 -0.00514239 4.54345 0.0223794 2.8189
170.142 230.894 1.78921 -1.50826 -0.00637845 5.04096 -0.0040795 3.09707
170.173 230.397 1.78476 -1.5104 -0.00696383 5.53821 -0.0269826 3.37525
170.203 229.906 1.77458 -1.51259 -0.0070061 6.02994 -0.0459885 3.6515
170.231 229.422 1.75982 -1.51519 -0.00662766 6.51552 -0.0610692 3.92621
170.258 228.935 1.74116 -1.51762 -0.00595158 7.00338 -0.0725036 4.20484
170.284 228.445 1.71943 -1.51976 -0.00509118 7.49369 -0.0802691 4.48819
170.309 227.953 1.69557 -1.52157 -0.00414372 7.98643 -0.0845833 4.77676
170.334 227.458 1.67046 -1.52302 -0.00318759 8.48143 -0.0857278 5.07088
170.357 226.962 1.64495 -1.52414 -0.00228215 8.97846 -0.0840571 5.37072
170.381 226.464 1.61983 -1.52495 -0.00146914 9.47719 -0.0800022 5.67625
170.404 225.964 1.59583 -1.52551 -0.000774878 9.97727 -0.0740408 5.98729
170.426 225.464 1.57355 -1.5259 -0.000212721 10.4784 -0.0666712 6.30352
170.449 224.962 1.55349 -1.52618 0.000214577 10.9801 -0.0583901 6.62452
170.471 224.461 1.53592 -1.52642 0.00051263 11.4823 -0.0496809 6.94967
170.493 223.959 1.52103 -1.52667 0.000693393 11.9846 -0.0409552 7.27833
170.516 223.457 1.50884 -1.527 0.00077329 12.4868 -0.0325659 7.6099
170.538 222.956 1.4993 -1.52744 0.000771497 12.9889 -0.0247941 7.94376
170.559 222.454 1.49217 -1.52802 0.000708388 13.4906 -0.0178181 8.27926
170.581 221.953 1.48721 -1.52875 0.000604117 13.9921 -0.0117644 8.6159
170.602 221.453 1.48414 -1.52963 0.000477315 14.4932 -0.00668044 8.95322
170.622 220.952 1.48259 -1.53063 0.000343937 14.9939 -0.00253349 9.29083
170.643 220.452 1.48232 -1.53171 0.000216447 15.4944 0.000714317 9.62846
170.662 219.952 1.48299 -1.53284 0.000103567 15.9947 0.00316907 9.96588
170.681 219.453 1.48437 -1.534 1.05686e-05 16.4948 0.00494067 10.3029
170.699 218.953 1.48625 -1.53516 -6.0171e-05 16.9947 0.00612651 10.6395
170.717 218.454 1.48844 -1.53631 -0.000108598 17.4946 0.00685174 10.9756
170.734 217.954 1.49081 -1.53744 -0.000136448 17.9944 0.00720924 11.3112
170.751 217.454 1.49324 -1.53853 -0.000146715 18.4943 0.00728048 11.6462
170.767 216.955 1.49565 -1.53958 -0.000143114 18.9941 0.00713689 11.9807
170.783 216.455 1.49799 -1.54058 -0.000129592 19.494 0.00682346 12.3146
170.798 215.956 1.50019 -1.54153 -0.000109924 19.9939 0.00637015 12.6481
170.813 215.456 1.50222 -1.54243 -8.7427e-05 20.4938 0.00579243 12.9811
170.827 214.956 1.50403 -1.54327 -6.47827e-05 20.9938 0.00508751 13.3137
170.841 214.456 1.50559 -1.54406 -4.39645e-05 21.4938 0.00424109 13.646
170.854 213.956 1.50683 -1.54479 -2.62454e-05 21.9938 0.00323254 13.9779
170.867 213.457 1.50771 -1.54548 -1.22686e-05 22.4938 0.00202995 14.3097
170.88 212.957 1.50815 -1.54612 -2.15676e-06 22.9939 0.000594634 14.6413
170.892 212.457 1.50807 -1.54671 4.35835e-06 23.4939 -0.00110724 14.9728
170.904 211.957 1.50739 -1.54726 7.80425e-06 23.994 -0.00311593 15.3045
170.916 211.457 1.50596 -1.54776 8.84604e-06 24.494 -0.00547785 15.6364
170.927 210.957 1.5037 -1.54821 8.18425e-06 24.9941 -0.00822062 15.9686
170.939 210.457 1.50046 -1.54863 6.47678e-06 25.4941 -0.0113757 16.3015
170.95 209.957 1.49606 -1.54899 4.28631e-06 25.9941 -0.01498 16.6352
170.961 209.457 1.49038 -1.54932 2.05169e-06 26.4941 -0.0190363 16.97
170.971 208.957 1.48325 -1.5496 7.98117e-08 26.9941 -0.0233462 17.3063
170.982 208.458 1.47475 -1.54983 -1.44677e-06 27.4941 -0.0266251 17.6444
170.992 207.958 1.4655 -1.55002 -2.45142e-06 27.9941 -0.0272271 17.9845
171.003 207.458 1.4567 -1.55016 -2.93917e-06 28.4941 -0.0235417 18.3267
171.013 206.958 1.44993 -1.55026 -2.97078e-06 28.9941 -0.0150635 18.6708
171.023 206.458 1.44679 -1.55031 -2.63815e-06 29.4941 -0.00465855 19
171.034 205.958 1.44679 -1.55031 -2.16607e-06 29.9941 -0.00465855 19
