169.911 234.923 1.50973 -1.54006 0.0216289 0 0.186747 0
169.926 234.414 1.62845 -1.53324 0.0164048 0.508946 0.39274 0.325041
169.945 233.908 1.7389 -1.52935 0.0114584 1.01547 0.340387 0.625649
169.966 233.404 1.82711 -1.52781 0.00685958 1.51972 0.281624 0.908334
169.988 232.902 1.89463 -1.52837 0.00276894 2.02189 0.219373 1.17792
170.009 232.402 1.94358 -1.53073 -0.00066632 2.52228 0.156924 1.43845
170.029 231.904 1.97608 -1.53449 -0.00335768 3.02122 0.0971507 1.69292
170.047 231.406 1.99336 -1.53925 -0.00528054 3.51908 0.0428942 1.9436
170.063 230.909 1.99822 -1.54463 -0.00646931 4.01624 -0.00431682 2.19258
170.076 230.413 1.99198 -1.55027 -0.00700509 4.51301 -0.0439396 2.44149
170.086 229.916 1.97688 -1.55588 -0.0069994 5.00969 -0.0767433 2.69166
170.093 229.419 1.95401 -1.56151 -0.00657758 5.50649 -0.102716 2.9444
170.098 228.931 1.92566 -1.56643 -0.00586458 5.99502 -0.122281 3.19613
170.1 228.441 1.89239 -1.57083 -0.00497458 6.48469 -0.135932 3.45266
170.1 227.949 1.85551 -1.57469 -0.00400488 6.97682 -0.144366 3.71521
170.098 227.455 1.81608 -1.57803 -0.00303337 7.4713 -0.147741 3.98455
170.094 226.958 1.77531 -1.58087 -0.00211853 7.96789 -0.146472 4.26114
170.089 226.46 1.7344 -1.58326 -0.00130103 8.46628 -0.141053 4.54518
170.083 225.96 1.69453 -1.58526 -0.000606083 8.96615 -0.13193 4.83677
170.076 225.459 1.65687 -1.58693 -4.59179e-05 9.46715 -0.119584 5.1358
170.068 224.957 1.62253 -1.58836 0.000377718 9.96893 -0.104511 5.4419
170.059 224.455 1.59253 -1.58959 0.000671319 10.4712 -0.0871955 5.75443
170.05 223.953 1.56779 -1.59068 0.000847546 10.9737 -0.0680799 6.07253
170.04 223.45 1.54907 -1.59169 0.000923325 11.4762 -0.0475567 6.39506
170.029 222.948 1.53712 -1.59265 0.000918073 11.9786 -0.0259439 6.72075
170.018 222.446 1.53231 -1.59359 0.000852034 12.4807 -0.00353217 7.04806
170.007 221.944 1.53488 -1.59451 0.000744719 12.9825 0.0194496 7.37542
169.995 221.443 1.54495 -1.59542 0.000613501 13.484 0.0428099 7.70123
169.982 220.942 1.56262 -1.59628 0.000472695 13.9852 0.0663682 8.02388
169.97 220.441 1.5875 -1.59707 0.000333586 14.4861 0.0899259 8.34201
169.957 219.941 1.61923 -1.59774 0.000205378 14.9867 0.11327 8.65438
169.943 219.44 1.65734 -1.59827 9.59172e-05 15.4872 0.136155 8.95997
169.929 218.94 1.70122 -1.5987 1.0952e-05 15.9875 0.158199 9.25802
169.915 218.44 1.75006 -1.59904 -4.74067e-05 16.4878 0.178347 9.548
169.901 217.94 1.80275 -1.59934 -8.10532e-05 16.988 0.195369 9.82968
169.887 217.44 1.85797 -1.59962 -9.44914e-05 17.4883 0.208217 10.1031
169.873 216.94 1.91433 -1.5999 -9.29665e-05 17.9885 0.216068 10.3683
169.858 216.44 1.97045 -1.60016 -8.13378e-05 18.4888 0.218953 10.6258
169.843 215.94 2.02509 -1.60041 -6.37405e-05 18.9891 0.216639 10.8763
169.828 215.44 2.0771 -1.60065 -4.35604e-05 19.4895 0.20898 11.1202
169.814 214.939 2.12543 -1.60089 -2.34382e-05 19.99 0.19655 11.3583
169.798 214.439 2.16951 -1.6011 -5.27304e-06 20.4905 0.180689 11.5914
169.783 213.939 2.20871 -1.60131 9.74075e-06 20.991 0.162296 11.82
169.768 213.438 2.24293 -1.60151 2.10321e-05 21.4916 0.142285 12.0448
169.753 212.938 2.27218 -1.6017 2.85374e-05 21.9922 0.121368 12.2666
169.737 212.438 2.2965 -1.60189 3.25675e-05 22.4928 0.100132 12.4857
169.722 211.937 2.316 -1.60206 3.36752e-05 22.9934 0.0791105 12.7027
169.706 211.437 2.33079 -1.60223 3.25341e-05 23.494 0.0588258 12.9181
169.69 210.937 2.34129 -1.60239 2.98384e-05 23.9946 0.0397319 13.1324
169.674 210.436 2.34788 -1.60255 2.62283e-05 24.4952 0.0222823 13.3459
169.659 209.936 2.35096 -1.60269 2.22401e-05 24.9958 0.00693285 13.5589
169.643 209.436 2.35105 -1.60283 1.82816e-05 25.4964 -0.00585017 13.7718
169.627 208.935 2.34873 -1.60295 1.46264e-05 25.997 -0.0155835 13.9849
169.61 208.435 2.34471 -1.60306 1.14244e-05 26.4976 -0.0217627 14.1982
169.594 207.935 2.33979 -1.60317 8.7219e-06 26.9982 -0.0237397 14.4119
169.578 207.434 2.33493 -1.60325 6.48696e-06 27.4987 -0.0210328 14.6261
169.562 206.934 2.3312 -1.60332 4.63598e-06 27.9993 -0.0130916 14.8406
169.546 206.434 2.32958 -1.60338 3.05812e-06 28.4999 -0.00728778 15
169.529 205.933 2.32958 -1.60342 1.6356e-06 29.0005 -0.00728778 15
169.513 205.433 2.32958 -1.60344 2.58977e-07 29.5011 -0.00728778 15
169.497 204.933 2.32958 -1.60344 -5.43852e-07 30.0017 -0.00728778 15
