171.59 132.737 2.16618 -1.55828 -0.00411372 0 -0.22751 0
171.596 132.239 2.12227 -1.55904 -0.00273826 0.498458 -0.181784 0.232631
171.602 131.74 2.07837 -1.5588 -0.000805648 0.997837 -0.188527 0.470364
171.608 131.239 2.03193 -1.55736 0.00174753 1.49843 -0.193677 0.713882
171.615 130.737 1.98311 -1.55442 0.00493819 2.00055 -0.197121 0.964033
171.623 130.233 1.9322 -1.54963 0.00876015 2.50448 -0.198816 1.2214
171.634 129.727 1.87947 -1.54268 0.0131838 3.01052 -0.198581 1.48688
171.648 129.219 1.82529 -1.53327 0.0181565 3.51891 -0.196252 1.76139
171.667 128.709 1.77015 -1.52112 0.0236045 4.02987 -0.191745 2.04563
171.693 128.195 1.7146 -1.506 0.0294349 4.54359 -0.184946 2.34048
171.726 127.68 1.65933 -1.48774 0.0355379 5.06017 -0.175829 2.64673
171.769 127.162 1.60514 -1.4662 0.0417907 5.57969 -0.164461 2.96505
171.824 126.643 1.55289 -1.44135 0.0480611 6.10215 -0.151005 3.2959
171.892 126.122 1.5036 -1.41319 0.0542133 6.62748 -0.135718 3.63983
171.975 125.6 1.45811 -1.38183 0.0601147 7.15555 -0.119067 3.99644
172.074 125.079 1.41743 -1.34744 0.0656446 7.68616 -0.101565 4.36569
172.192 124.559 1.38214 -1.31025 0.0707036 8.21907 -0.0838847 4.74655
172.33 124.042 1.3527 -1.27054 0.0752225 8.754 -0.0667405 5.13789
172.489 123.53 1.32921 -1.22864 0.0791697 9.29063 -0.0508892 5.53823
172.669 123.023 1.31136 -1.18486 0.0825555 9.82867 -0.0370567 5.94588
172.872 122.523 1.29846 -1.13949 0.0854305 10.3678 -0.0258621 6.35918
173.098 122.033 1.28945 -1.09273 0.0878809 10.9079 -0.0177774 6.77664
173.344 121.559 1.28315 -1.04552 0.0900174 11.4415 -0.0130534 7.19147
173.611 121.098 1.27814 -0.997409 0.0919609 11.9745 -0.0114919 7.60773
173.9 120.651 1.27317 -0.948433 0.0938267 12.5071 -0.0126485 8.0252
174.21 120.218 1.26727 -0.898606 0.0957067 13.039 -0.0157891 8.4439
174.54 119.803 1.25978 -0.847905 0.0976536 13.57 -0.0199022 8.86412
174.891 119.405 1.25053 -0.796296 0.0996675 14.1001 -0.0237626 9.28639
175.261 119.027 1.23987 -0.743761 0.101686 14.6292 -0.0260504 9.71127
175.65 118.67 1.22873 -0.690331 0.103583 15.1573 -0.0255194 10.1392
176.056 118.334 1.2185 -0.629009 0.105173 15.6846 -0.0212834 10.5701
176.59 117.946 1.2097 -0.566425 0.106482 16.3439 -0.0100426 11.1134
177.051 117.653 1.20811 -0.509386 0.106322 16.8904 0.0034426 11.5657
177.527 117.386 1.21322 -0.452856 0.105109 17.4365 0.0196508 12.017
178.018 117.148 1.22598 -0.397536 0.102745 17.9818 0.0375548 12.4643
178.519 116.937 1.24656 -0.344129 0.0992367 18.5257 0.0562524 12.9046
179.029 116.754 1.27519 -0.293262 0.0946973 19.0677 0.0785078 13.3346
179.546 116.598 1.31461 -0.244981 0.08934 19.6073 0.111381 13.7517
180.069 116.468 1.36524 -0.196857 0.0883163 20.1464 0.137045 14.1543
180.597 116.362 1.42009 -0.15089 0.0824982 20.6852 0.143695 14.5413
181.126 116.282 1.47094 -0.11916 0.0679222 21.2195 0.12694 14.9108
181.538 116.233 1.50178 -0.0837538 0.0583835 21.6346 0.0915723 15.1899
182.169 116.18 1.53053 -0.0643586 0.0394803 22.2676 0.0518554 15.607
182.57 116.154 1.54283 -0.049355 0.0232735 22.6702 0.0439598 15.869
183.187 116.123 1.56084 -0.0364733 0.0289356 23.2876 0.0487813 16.2669
183.699 116.105 1.57829 -0.0266763 0.0322082 23.7996 0.0585828 16.5932
184.108 116.094 1.59429 -0.00958974 0.03243 24.2094 0.0646837 16.8515
184.64 116.089 1.61648 0.00440179 0.0292566 24.7414 0.0686169 17.183
185.153 116.091 1.63817 0.0154686 0.0230718 25.2545 0.0683687 17.4983
185.658 116.099 1.6586 0.0235886 0.0173634 25.7594 0.0645555 17.8045
186.157 116.11 1.67696 0.0290354 0.0120127 26.258 0.0579217 18.1035
186.65 116.125 1.69266 0.0321234 0.00717216 26.7513 0.0489361 18.3962
187.139 116.14 1.70516 0.0357688 0.00295882 27.2405 0.0378183 18.6841
187.75 116.162 1.71614 0.0326629 -0.00201548 27.8521 0.023917 19.0416
188.248 116.179 1.72161 0.0304788 -0.00439188 28.3507 0.0140089 19.3316
188.746 116.194 1.72449 0.0274206 -0.00603408 28.8485 0.00624689 19.6204
189.243 116.207 1.72552 0.0238492 -0.00699955 29.3456 0.00131123 19.9086
189.739 116.219 1.72562 0.0200814 -0.00737392 29.8424 0.000714859 20
190.236 116.229 1.72562 0.0163786 -0.00726083 30.3392 0.000714859 20
190.733 116.237 1.72562 0.0129408 -0.0067718 30.8361 0.000714859 20
191.23 116.244 1.72562 0.0129408 -0.00601682 31.3333 0.000714859 20
