184.905 115.627 1.47668 0.0390035 0.026307 0 0.219673 0
185.418 115.648 1.65906 0.0497601 0.0203913 0.51384 0.835205 0.330997
185.923 115.673 1.8995 0.0576467 0.0149174 1.01937 0.827573 0.615264
186.421 115.701 2.09934 0.0628772 0.00983636 1.51784 0.777532 0.864234
186.913 115.732 2.26923 0.0657723 0.00528863 2.01051 0.725501 1.08993
187.4 115.764 2.41479 0.0666838 0.00138543 2.49869 0.668831 1.2984
187.884 115.797 2.53978 0.0659795 -0.00180003 2.98367 0.608895 1.49403
188.365 115.829 2.64726 0.064029 -0.00423749 3.46665 0.547906 1.68008
188.847 115.859 2.73974 0.061188 -0.00593994 3.94877 0.487609 1.85893
189.328 115.889 2.8193 0.0577856 -0.00695928 4.43098 0.4293 2.03239
189.81 115.917 2.88765 0.0541127 -0.00737793 4.9141 0.373872 2.20179
190.294 115.943 2.94513 0.0454133 -0.00729844 5.39874 0.322621 2.36781
190.911 115.971 3.00593 0.0457109 -0.00648964 6.0167 0.263369 2.57543
191.408 115.994 3.04557 0.0426496 -0.00565143 6.5133 0.221024 2.7395
191.904 116.015 3.0786 0.0400207 -0.00468963 7.01046 0.182923 2.90191
192.402 116.035 3.10508 0.0378537 -0.00368772 7.50822 0.149422 3.06282
192.9 116.054 3.12662 0.036142 -0.0027129 8.00656 0.119608 3.22275
193.398 116.072 3.14356 0.0348517 -0.00181585 8.50543 0.0933566 3.38186
193.897 116.089 3.15644 0.0339298 -0.00103154 9.00479 0.0702949 3.54036
194.397 116.106 3.16606 0.0333117 -0.000380759 9.50453 0.0497639 3.69845
194.896 116.123 3.17234 0.0329277 0.000127984 10.0046 0.0317231 3.85621
195.396 116.139 3.1761 0.032708 0.00049639 10.5049 0.0154321 4.01381
195.897 116.156 3.17733 0.0325872 0.000734204 11.0053 0.00075094 4.17133
196.397 116.172 3.17638 0.0325068 0.000857082 11.5058 -0.0127374 4.32888
196.897 116.188 3.17341 0.0324181 0.000884536 12.0064 -0.0252746 4.48652
197.397 116.204 3.16843 0.0322827 0.000838005 12.5069 -0.0370383 4.64437
197.898 116.221 3.16176 0.0320736 0.00073914 13.0074 -0.0482679 4.80247
198.398 116.237 3.15319 0.0317755 0.000608351 13.5078 -0.0590096 4.96097
198.898 116.253 3.143 0.0313845 0.00046367 14.0081 -0.0694114 5.11989
199.398 116.268 3.13113 0.0309073 0.000319944 14.5084 -0.0794956 5.27935
199.898 116.284 3.11759 0.0303582 0.000188385 15.0086 -0.0892897 5.43944
200.398 116.299 3.10253 0.0297556 7.64762e-05 15.5087 -0.0988202 5.6002
200.898 116.314 3.08575 0.0291178 -1.17678e-05 16.0087 -0.108031 5.76185
201.397 116.328 3.06748 0.0284608 -7.52862e-05 16.5087 -0.116949 5.92435
201.897 116.343 3.04767 0.0277982 -0.000115322 17.0087 -0.125539 6.08785
202.397 116.356 3.02628 0.0271412 -0.000134756 17.5087 -0.133757 6.2525
202.897 116.37 3.00347 0.0264987 -0.000137462 18.0086 -0.141612 6.4183
203.396 116.383 2.97918 0.025878 -0.000127742 18.5086 -0.14906 6.58543
203.896 116.396 2.95343 0.0252839 -0.000109843 19.0086 -0.156069 6.754
204.396 116.409 2.92634 0.0247197 -8.76022e-05 19.5085 -0.16264 6.92404
204.896 116.421 2.89792 0.0241867 -6.42087e-05 20.0085 -0.168735 7.09569
205.396 116.433 2.86813 0.023685 -4.20905e-05 20.5085 -0.174278 7.26916
205.896 116.445 2.83713 0.0232139 -2.28956e-05 21.0085 -0.179257 7.44444
206.395 116.457 2.80498 0.0227722 -7.54833e-06 21.5085 -0.183605 7.62165
206.895 116.468 2.77174 0.0223581 3.64149e-06 22.0085 -0.187235 7.80091
207.395 116.479 2.73748 0.0219703 1.08419e-05 22.5085 -0.189982 7.98247
207.895 116.49 2.70237 0.0216074 1.45532e-05 23.0085 -0.191744 8.16633
208.395 116.501 2.66658 0.0212685 1.5469e-05 23.5085 -0.192347 8.3526
208.895 116.512 2.63032 0.020953 1.43562e-05 24.0086 -0.191576 8.54139
209.395 116.522 2.59385 0.0206606 1.19592e-05 24.5086 -0.189171 8.73281
209.895 116.533 2.55752 0.0203915 8.93301e-06 25.0086 -0.184828 8.92693
210.395 116.543 2.52175 0.020146 5.80227e-06 25.5086 -0.178208 9.12382
210.895 116.553 2.48704 0.0199248 2.94557e-06 26.0086 -0.169095 9.32348
211.394 116.563 2.45397 0.0197285 5.98423e-07 26.5086 -0.157374 9.52589
211.894 116.573 2.42315 0.019558 -1.12974e-06 27.0086 -0.142912 9.73096
212.394 116.582 2.39526 0.019414 -2.23016e-06 27.5086 -0.125558 9.93853
212.894 116.592 2.37101 0.0192974 -2.76587e-06 28.0086 -0.105205 10.1484
213.394 116.602 2.35113 0.0192089 -2.84344e-06 28.5086 -0.0821804 10.3602
213.894 116.611 2.33622 0.019149 -2.588e-06 29.0086 -0.0571051 10.5735
214.394 116.621 2.32674 0.0191169 -2.12344e-06 29.5086 -0.0306391 10.788
214.894 116.63 2.32274 0.0191169 -1.58459e-06 30.0086 -0.00936349 11
