266.51 116.99 1.48782 0.0325956 5.68342e-07 0 0.00135573 0
267.01 117.007 1.47666 0.0341673 6.9429e-05 0.500075 -0.0357349 0.337252
267.51 117.024 1.46615 0.0359266 7.02081e-05 1.00016 -0.0265251 0.677175
268.01 117.042 1.45875 0.037528 6.92874e-05 1.50027 -0.0172061 1.0192
268.51 117.06 1.45456 0.0389724 6.68484e-05 2.0004 -0.00763879 1.3626
269.009 117.08 1.45368 0.0402604 6.30674e-05 2.50054 0.00233187 1.70661
269.509 117.1 1.45637 0.0413928 5.8115e-05 3.00069 0.012888 2.05042
270.009 117.121 1.46273 0.0423702 5.21546e-05 3.50086 0.0241699 2.39319
270.509 117.142 1.4731 0.0431935 4.53437e-05 4.00105 0.0363383 2.73399
271.008 117.163 1.48762 0.0438634 3.78332e-05 4.50124 0.0494698 3.07197
271.508 117.185 1.5065 0.0443804 2.97686e-05 5.00144 0.0636089 3.4062
272.008 117.208 1.53001 0.0447455 2.12911e-05 5.50166 0.0787529 3.73572
272.507 117.23 1.55815 0.0449591 1.25378e-05 6.00187 0.0947864 4.05976
273.007 117.252 1.59093 0.045022 3.64307e-06 6.50209 0.111547 4.37756
273.507 117.275 1.62829 0.0449349 -5.26103e-06 7.00231 0.128803 4.68845
274.007 117.297 1.67003 0.0446983 -1.40441e-05 7.50253 0.146254 4.99185
274.506 117.32 1.71584 0.0443129 -2.2577e-05 8.00275 0.163549 5.28738
275.006 117.342 1.76531 0.0437794 -3.07316e-05 8.50296 0.180298 5.57479
275.506 117.364 1.81791 0.0430983 -3.83808e-05 9.00316 0.19609 5.85401
276.005 117.385 1.87306 0.0422701 -4.53984e-05 9.50336 0.210518 6.12512
276.505 117.407 1.93014 0.0412955 -5.16592e-05 10.0035 0.223157 6.38824
277.005 117.427 1.98851 0.0401751 -5.70389e-05 10.5037 0.233535 6.64346
277.505 117.447 2.04742 0.0389094 -6.14145e-05 11.0039 0.241353 6.89143
278.004 117.467 2.10618 0.037499 -6.46637e-05 11.504 0.246087 7.13218
278.504 117.485 2.16408 0.0359445 -6.66629e-05 12.0041 0.247751 7.36642
279.004 117.503 2.22053 0.0342472 -6.72807e-05 12.5042 0.246457 7.59463
279.504 117.521 2.27492 0.0324097 -6.63633e-05 13.0043 0.242119 7.81706
280.004 117.537 2.32678 0.0304383 -6.37203e-05 13.5044 0.234801 8.03434
280.503 117.552 2.37567 0.0283461 -5.91478e-05 14.0045 0.224677 8.247
281.003 117.566 2.42126 0.0261564 -5.25332e-05 14.5045 0.212299 8.45546
281.503 117.579 2.46331 0.0239026 -4.40225e-05 15.0045 0.198204 8.66018
282.003 117.591 2.50171 0.0216238 -3.41154e-05 15.5045 0.182839 8.86158
282.503 117.602 2.5364 0.0193576 -2.35577e-05 16.0046 0.166575 9.06005
283.003 117.612 2.5674 0.0171332 -1.30834e-05 16.5046 0.149717 9.25596
283.503 117.62 2.59474 0.0149696 -3.20674e-06 17.0046 0.132523 9.44965
284.003 117.628 2.61851 0.0128766 5.81601e-06 17.5046 0.115207 9.64145
284.503 117.634 2.6388 0.0108589 1.39033e-05 18.0046 0.0979545 9.83165
285.003 117.64 2.65572 0.00891842 2.10533e-05 18.5046 0.0809288 10.0205
285.503 117.644 2.66939 0.00705598 2.72893e-05 19.0046 0.0642763 10.2083
286.003 117.648 2.67991 0.00527228 3.26399e-05 19.5046 0.0481407 10.3952
286.503 117.65 2.68739 0.00356787 3.71348e-05 20.0046 0.0326654 10.5815
287.003 117.652 2.69206 0.00194329 4.0804e-05 20.5046 0.0179628 10.7674
287.503 117.653 2.69409 0.000399082 4.36788e-05 21.0047 0.00415755 10.9531
288.003 117.653 2.69368 -0.0010642 4.57909e-05 21.5047 -0.00862297 11.1387
288.503 117.653 2.691 -0.00244602 4.71731e-05 22.0048 -0.020246 11.3244
289.003 117.651 2.68629 -0.00374582 4.78587e-05 22.5049 -0.0305707 11.5104
289.503 117.65 2.67976 -0.00496305 4.78823e-05 23.005 -0.0394313 11.6968
290.003 117.647 2.67168 -0.00609714 4.72789e-05 23.5051 -0.0466254 11.8837
290.503 117.644 2.6624 -0.00714754 4.60845e-05 24.0052 -0.0520251 12.0712
291.003 117.64 2.65226 -0.00811367 4.4336e-05 24.5053 -0.0555569 12.2594
291.503 117.636 2.64158 -0.00899497 4.20712e-05 25.0055 -0.0572756 12.4484
292.004 117.632 2.63069 -0.00979084 3.93287e-05 25.5056 -0.0572428 12.6381
292.504 117.627 2.61993 -0.0105007 3.6148e-05 26.0058 -0.0555137 12.8286
293.004 117.622 2.60962 -0.011124 3.25695e-05 26.5059 -0.052136 13.0199
293.504 117.616 2.60006 -0.01166 2.86347e-05 27.0061 -0.0470878 13.2119
294.004 117.61 2.59162 -0.0121083 2.4386e-05 27.5063 -0.0401562 13.4046
294.504 117.604 2.58471 -0.0124681 1.98668e-05 28.0065 -0.0310631 13.5978
295.004 117.598 2.57979 -0.0127388 1.51215e-05 28.5067 -0.0195199 13.7916
295.505 117.592 2.57719 -0.0129199 1.01956e-05 29.0069 -0.00882565 13.9856
296.005 117.585 2.57705 -0.0130155 5.13576e-06 29.5071 -0.00829916 14
296.505 117.579 2.57705 -0.0130155 1.66002e-06 30.0073 -0.00829916 14
