170.004 232.556 2.03503 -1.53265 0.0009398 0 -0.209917 0
170.022 232.072 1.97772 -1.5397 -0.00204731 0.484852 -0.236467 0.241753
170.037 231.59 1.92151 -1.54879 -0.00428794 0.967345 -0.218307 0.489197
170.048 231.108 1.86786 -1.55824 -0.00577074 1.44877 -0.204553 0.743411
170.054 230.627 1.8159 -1.56768 -0.00655822 1.93024 -0.193005 1.00474
170.055 230.144 1.76541 -1.57682 -0.00675199 2.41269 -0.181869 1.27428
170.052 229.66 1.71644 -1.58543 -0.00647532 2.89682 -0.170296 1.55244
170.045 229.174 1.66927 -1.59335 -0.0058571 3.38313 -0.15796 1.83976
170.034 228.685 1.62434 -1.60046 -0.00501936 3.87191 -0.144652 2.13662
170.02 228.194 1.58218 -1.60673 -0.00406898 4.36326 -0.130325 2.44316
170.002 227.701 1.54339 -1.61214 -0.00309363 4.85713 -0.11507 2.75926
169.981 227.205 1.50853 -1.60458 -0.00216074 5.35334 -0.0990912 3.08449
169.96 226.582 1.47138 -1.62067 -0.000932005 5.97629 -0.0784198 3.50277
169.935 226.083 1.44745 -1.64593 -0.000276052 6.47669 -0.0614643 3.84581
169.907 225.707 1.43298 -1.62613 -1.67521e-05 6.85327 -0.0489187 4.1073
169.879 225.205 1.41861 -1.62803 0.000421067 7.35573 -0.0329452 4.45985
169.85 224.703 1.40961 -1.62942 0.000719606 7.8589 -0.0176343 4.81577
169.821 224.2 1.40595 -1.63036 0.000890448 8.36248 -0.00303782 5.1736
169.791 223.697 1.40737 -1.63091 0.000950285 8.8662 0.0108418 5.5318
169.761 223.195 1.4136 -1.63109 0.000919029 9.36987 0.0240823 5.889
169.73 222.692 1.42444 -1.63094 0.000818075 9.87334 0.0368002 6.24388
169.7 222.19 1.43951 -1.63047 0.000668748 10.3765 0.0491607 6.59537
169.67 221.688 1.45872 -1.6297 0.000490987 10.8793 0.0613148 6.94238
169.641 221.186 1.48172 -1.62862 0.000302315 11.3817 0.073402 7.28421
169.612 220.685 1.5084 -1.62723 0.000117179 11.8837 0.085515 7.62007
169.583 220.184 1.53858 -1.62553 -5.33076e-05 12.3854 0.0976902 7.94941
169.556 219.684 1.57203 -1.62351 -0.000201135 12.8868 0.109898 8.27186
169.529 219.183 1.60857 -1.62118 -0.000320746 13.3879 0.122044 8.58707
169.504 218.683 1.64794 -1.61857 -0.000408348 13.8888 0.133969 8.89479
169.48 218.183 1.68988 -1.61572 -0.000461912 14.3896 0.145456 9.19489
169.458 217.683 1.73402 -1.61271 -0.000482152 14.8902 0.156237 9.48735
169.437 217.183 1.77995 -1.60964 -0.000473509 15.3908 0.166003 9.77223
169.417 216.683 1.82722 -1.60658 -0.00044361 15.8913 0.174421 10.0497
169.399 216.182 1.87532 -1.60358 -0.000401083 16.3917 0.181139 10.3201
169.383 215.682 1.92369 -1.60068 -0.000353278 16.8921 0.185743 10.5836
169.368 215.182 1.97172 -1.59789 -0.000305283 17.3926 0.187802 10.8405
169.355 214.682 2.01879 -1.59521 -0.000260156 17.893 0.187004 11.0914
169.342 214.182 2.06417 -1.59265 -0.000219575 18.3934 0.183051 11.3364
169.331 213.681 2.10732 -1.5902 -0.000184327 18.8937 0.176188 11.5763
169.322 213.181 2.14767 -1.58788 -0.000154597 19.3941 0.16643 11.8115
169.313 212.681 2.18464 -1.58567 -0.000130136 19.8944 0.153709 12.0424
169.306 212.181 2.21788 -1.58358 -0.000110407 20.3947 0.13836 12.2696
169.299 211.68 2.24704 -1.58161 -9.47003e-05 20.8949 0.121074 12.4937
169.294 211.18 2.27177 -1.57975 -8.22425e-05 21.3952 0.102513 12.7151
169.289 210.68 2.2921 -1.57802 -7.22792e-05 21.8953 0.0833388 12.9342
169.286 210.18 2.30811 -1.5764 -6.41342e-05 22.3955 0.0641164 13.1516
169.283 209.68 2.31995 -1.5749 -5.72459e-05 22.8956 0.0453601 13.3677
169.281 209.18 2.32781 -1.57351 -5.11821e-05 23.3958 0.0275629 13.5829
169.28 208.68 2.33199 -1.57224 -4.56385e-05 23.8959 0.0112093 13.7976
169.279 208.179 2.3328 -1.57108 -4.04248e-05 24.3959 -0.00315298 14.0119
169.279 207.679 2.33078 -1.57004 -3.54431e-05 24.896 -0.0151391 14.2264
169.279 207.179 2.32646 -1.5691 -3.06629e-05 25.3961 -0.0245932 14.4411
169.28 206.679 2.3204 -1.56827 -2.6097e-05 25.8961 -0.0313856 14.6563
169.281 206.179 2.31316 -1.56755 -2.17789e-05 26.3961 -0.0353678 14.8721
169.283 205.679 2.30535 -1.56693 -1.77457e-05 26.8962 -0.0363727 15.0887
169.285 205.179 2.29764 -1.56642 -1.40252e-05 27.3962 -0.0341744 15.3059
169.287 204.679 2.29077 -1.56602 -1.06279e-05 27.8963 -0.0285229 15.5239
169.289 204.179 2.28551 -1.56571 -7.54427e-06 28.3963 -0.0192882 15.7425
169.292 203.679 2.28254 -1.56551 -4.74436e-06 28.8963 -0.00850046 15.9614
169.295 203.179 2.2822 -1.56541 -2.18069e-06 29.3964 -0.00730031 16
169.297 202.679 2.2822 -1.56541 -5.01644e-07 29.8964 -0.00730031 16
