276.264 117.364 0.999001 -0.0588414 4.57014e-09 0 0.998003 0
276.765 117.335 1.49988 -0.0576878 -0.000208636 0.501378 0.247438 0.501378
277.265 117.306 1.99732 -0.0564353 -0.000180992 1.00271 -0.499678 1.00136
277.766 117.277 1.87213 -0.0553473 -0.000154678 1.504 -0.624751 1.252
278.266 117.25 1.74694 -0.0544224 -0.000129602 2.00525 -0.749813 1.50263
278.767 117.222 1.62176 -0.0536571 -0.000105838 2.50647 -0.874867 1.75324
279.267 117.195 1.4934 -0.0530444 -8.37383e-05 3.00766 -0.992904 2.00511
279.768 117.169 1.15962 -0.0525719 -6.38854e-05 3.50883 -0.659458 2.33922
280.268 117.143 0.825849 -0.0522229 -4.67824e-05 4.00999 -0.326022 2.67333
280.769 117.116 0.4995 -0.0519792 -3.24681e-05 4.51113 0 3.02226
281.269 117.09 0.4995 -0.0518254 -2.04234e-05 5.01226 0 4.02453
281.769 117.064 0.4995 -0.0517471 -9.85741e-06 5.51339 0 5
282.27 117.039 0 -0.0517471 -3.16621e-06 6.01452 0 5
