170.706 160.208 3.01247 -1.55436 -3.1346e-07 0 -0.00394189 0
170.714 159.708 3.01221 -1.55435 -5.6738e-07 0.5 -0.000871798 0.165985
170.722 159.208 3.01207 -1.55433 -8.44746e-07 0.999999 -0.00120717 0.331979
170.73 158.708 3.01187 -1.55432 -1.11477e-06 1.5 -0.00155322 0.497981
170.739 158.208 3.01161 -1.55432 -1.32807e-06 2 -0.00191623 0.663997
170.747 157.708 3.01128 -1.55432 -1.42226e-06 2.5 -0.00229893 0.830029
170.755 157.209 3.0109 -1.55433 -1.32612e-06 3 -0.00270549 0.99608
170.763 156.709 3.01043 -1.55435 -9.6684e-07 3.49999 -0.00314282 1.16216
170.772 156.209 3.0099 -1.55436 -2.80616e-07 3.99999 -0.00361147 1.32826
170.78 155.709 3.00928 -1.55438 7.73722e-07 4.49999 -0.00411529 1.49439
170.788 155.209 3.00857 -1.5544 2.19885e-06 5 -0.00466087 1.66056
170.796 154.709 3.00777 -1.55443 3.94228e-06 5.5 -0.00524721 1.82678
170.804 154.209 3.00687 -1.55445 5.88109e-06 6 -0.00587821 1.99304
170.813 153.709 3.00585 -1.55447 7.81054e-06 6.50001 -0.00656074 2.15935
170.821 153.209 3.00471 -1.55448 9.44005e-06 7.00001 -0.00729348 2.32573
170.829 152.709 3.00345 -1.5545 1.03994e-05 7.50002 -0.00808157 2.49217
170.837 152.209 3.00205 -1.55451 1.02585e-05 8.00003 -0.00893372 2.65869
170.845 151.709 3.0005 -1.55452 8.56308e-06 8.50004 -0.00984943 2.82528
170.853 151.209 2.9988 -1.55453 4.88649e-06 9.00004 -0.0108359 2.99197
170.861 150.709 2.99691 -1.55454 -1.1016e-06 9.50004 -0.0119047 3.15875
170.87 150.209 2.99485 -1.55455 -9.55439e-06 10 -0.0130547 3.32565
170.878 149.71 2.99258 -1.55455 -2.03598e-05 10.5 -0.0142934 3.49265
170.886 149.21 2.99008 -1.55456 -3.30536e-05 11 -0.0156316 3.6598
170.894 148.71 2.98736 -1.55456 -4.6746e-05 11.5 -0.0170623 3.82708
170.902 148.21 2.9844 -1.55457 -6.00727e-05 11.9999 -0.0185858 3.99451
170.91 147.71 2.98115 -1.55456 -7.11874e-05 12.4999 -0.0202016 4.16213
170.918 147.21 2.97763 -1.55456 -7.78079e-05 12.9998 -0.0218882 4.32993
170.926 146.71 2.97383 -1.55454 -7.73292e-05 13.4998 -0.0236281 4.49793
170.934 146.21 2.9697 -1.55451 -6.70117e-05 13.9997 -0.0253939 4.66616
170.943 145.71 2.96528 -1.55446 -4.42463e-05 14.4997 -0.0271451 4.83464
170.951 145.21 2.96057 -1.55438 -6.89318e-06 14.9997 -0.0288421 5.00338
170.959 144.711 2.95556 -1.55429 4.63233e-05 15.4997 -0.0304221 5.17242
170.967 144.211 2.95029 -1.55416 0.000115386 15.9998 -0.0318363 5.34177
170.976 143.71 2.9448 -1.55399 0.000198559 16.4999 -0.0330367 5.51144
170.984 143.21 2.93911 -1.5538 0.000292 17.0001 -0.0339555 5.68146
170.992 142.71 2.93327 -1.55356 0.000389469 17.5004 -0.0345562 5.85185
171.001 142.21 2.92735 -1.55329 0.000482181 18.0007 -0.0348293 6.02259
171.01 141.71 2.92139 -1.55299 0.000558856 18.5011 -0.0347691 6.1937
171.019 141.209 2.91547 -1.55267 0.000606009 19.0015 -0.0343921 6.36518
171.028 140.709 2.90961 -1.55236 0.000608521 19.502 -0.0337877 6.53701
171.037 140.208 2.90386 -1.55209 0.000550498 20.0024 -0.0330613 6.70916
171.046 139.708 2.89822 -1.55189 0.00041643 20.5028 -0.0323583 6.88164
171.056 139.208 2.89268 -1.55181 0.000192618 21.0029 -0.0318689 7.05439
171.065 138.708 2.88718 -1.5519 -0.000131162 21.5029 -0.0318031 7.2274
171.075 138.209 2.88163 -1.5522 -0.00055985 22.0026 -0.0323683 7.40062
171.084 137.709 2.87589 -1.55277 -0.00109122 22.5019 -0.0338618 7.57407
171.093 137.211 2.8698 -1.55366 -0.00171405 23.0008 -0.0364195 7.74772
171.102 136.712 2.86317 -1.55488 -0.00240657 23.4991 -0.040152 7.92157
171.11 136.215 2.85578 -1.55647 -0.00313519 23.9969 -0.0451141 8.09565
171.117 135.717 2.84735 -1.55842 -0.00385395 24.4942 -0.0512655 8.27005
171.123 135.221 2.83778 -1.56068 -0.00450468 24.991 -0.0582438 8.44482
171.128 134.724 2.82695 -1.5632 -0.00501821 25.4874 -0.0655991 8.62006
171.132 134.228 2.81482 -1.56586 -0.00531665 25.9836 -0.0726302 8.79592
171.134 133.732 2.80144 -1.56853 -0.00531689 26.4796 -0.0782573 8.97259
171.135 133.236 2.78724 -1.571 -0.0049351 26.9759 -0.0812875 9.15019
171.135 132.739 2.77276 -1.57306 -0.00409197 27.4727 -0.0802513 9.32889
171.134 132.241 2.75883 -1.57445 -0.00271832 27.9704 -0.0734745 9.50882
171.132 131.742 2.74675 -1.57486 -0.000760382 28.4694 -0.058751 9.69011
171.13 131.242 2.73824 -1.57398 0.00181573 28.9702 -0.0339517 9.87274
171.129 130.738 2.73469 -1.57149 0.0050208 29.4732 -0.0209452 10
171.128 130.233 2.73469 -1.57149 0.00884102 29.979 -0.0209452 10
