262.511 116.888 2.59432 0.0156875 -3.82817e-06 0 -0.84071 0
263.011 116.896 2.40951 0.0185861 7.83287e-06 0.499998 -0.925581 0.199738
263.511 116.905 2.21914 0.0219175 3.08446e-05 0.999998 -0.836288 0.416185
264.011 116.916 2.0335 0.0250653 5.01609e-05 1.50001 -0.74222 0.651756
264.511 116.929 1.85507 0.0280302 6.59484e-05 2.00003 -0.643711 0.908909
265.011 116.943 1.68772 0.0308128 7.83908e-05 2.50007 -0.541174 1.19158
265.511 116.958 1.53599 0.0334139 8.76873e-05 3.00013 -0.436317 1.50225
266.011 116.975 1.40562 0.0358341 9.40493e-05 3.50021 -0.332207 1.84323
266.51 116.993 1.30125 0.0380742 9.76975e-05 4.00032 -0.233023 2.21344
267.01 117.012 1.22719 0.0401349 9.88574e-05 4.50045 -0.142848 2.60996
267.51 117.032 1.18471 0.0420169 9.77567e-05 5.0006 -0.064354 3.02568
268.01 117.053 1.17181 0.043721 9.46217e-05 5.50078 0.00131401 3.45104
268.509 117.075 1.18404 0.0452478 8.96753e-05 6.00099 0.0546159 3.87638
269.009 117.097 1.21593 0.0465982 8.31347e-05 6.50121 0.097166 4.29379
269.509 117.121 1.26223 0.0477727 7.52107e-05 7.00146 0.131077 4.6979
270.008 117.144 1.31855 0.0487723 6.61073e-05 7.50172 0.158409 5.0858
270.508 117.169 1.38155 0.0495976 5.60212e-05 8.002 0.180854 5.45647
271.008 117.194 1.44888 0.0502493 4.51429e-05 8.50229 0.19964 5.81022
271.507 117.219 1.51894 0.0507281 3.3657e-05 9.0026 0.215463 6.14737
272.007 117.244 1.59048 0.0510347 2.17431e-05 9.50291 0.22882 6.46928
272.507 117.27 1.66262 0.0511697 9.57696e-06 10.0032 0.239878 6.77695
273.006 117.295 1.73461 0.0511339 -2.66897e-06 10.5036 0.248637 7.07151
273.506 117.321 1.80583 0.0509277 -1.48244e-05 11.0039 0.25499 7.35414
274.006 117.346 1.87571 0.050552 -2.67196e-05 11.5042 0.258762 7.62599
274.505 117.372 1.9437 0.0500074 -3.81796e-05 12.0045 0.259697 7.88803
275.005 117.397 2.00918 0.0492955 -4.90049e-05 12.5048 0.257457 8.14107
275.505 117.421 2.07174 0.0484195 -5.89215e-05 13.0051 0.252179 8.38632
276.004 117.445 2.13082 0.0473876 -6.75027e-05 13.5054 0.243948 8.62434
276.504 117.469 2.1861 0.0462162 -7.41287e-05 14.0056 0.23292 8.85605
277.004 117.492 2.23731 0.0449328 -7.81161e-05 14.5059 0.219168 9.08225
277.504 117.515 2.28409 0.0435745 -7.90551e-05 15.0061 0.202962 9.30354
278.003 117.537 2.32614 0.0421818 -7.71313e-05 15.5063 0.18497 9.52046
278.503 117.558 2.36354 0.0407893 -7.31087e-05 16.0065 0.165879 9.73371
279.003 117.578 2.39632 0.0394209 -6.79574e-05 16.5066 0.146196 9.94383
279.503 117.598 2.4246 0.0380897 -6.24548e-05 17.0068 0.126353 10.1513
280.002 117.617 2.44851 0.0368016 -5.70378e-05 17.5069 0.106726 10.3565
280.502 117.635 2.46828 0.0355588 -5.18822e-05 18.007 0.0876503 10.5599
281.002 117.653 2.48413 0.0343622 -4.70348e-05 18.5071 0.0694314 10.7619
281.502 117.67 2.49634 0.0332123 -4.24994e-05 19.0072 0.0523574 10.9627
282.002 117.687 2.50522 0.0321097 -3.82691e-05 19.5073 0.0366679 11.1626
282.501 117.703 2.51109 0.0310549 -3.43355e-05 20.0074 0.0224022 11.362
283.001 117.718 2.51425 0.0300483 -3.06893e-05 20.5074 0.00951162 11.561
283.501 117.733 2.51498 0.0290905 -2.7321e-05 21.0075 -0.00204836 11.7598
284.001 117.748 2.51353 0.028182 -2.42202e-05 21.5075 -0.012315 11.9587
284.501 117.762 2.51017 0.0273232 -2.13763e-05 22.0076 -0.021318 12.1578
285.001 117.776 2.50513 0.0265146 -1.8778e-05 22.5076 -0.0290791 12.3571
285.5 117.789 2.49865 0.0257567 -1.64134e-05 23.0076 -0.0356116 12.557
286 117.802 2.49096 0.02505 -1.42702e-05 23.5077 -0.0409199 12.7574
286.5 117.814 2.48231 0.0243948 -1.23354e-05 24.0077 -0.0449994 12.9585
287 117.827 2.47293 0.0237918 -1.05958e-05 24.5077 -0.0478355 13.1603
287.5 117.838 2.46306 0.0232413 -9.03735e-06 25.0077 -0.0494038 13.3629
288 117.85 2.45297 0.0227438 -7.64567e-06 25.5077 -0.0496699 13.5663
288.5 117.861 2.44291 0.0222998 -6.40583e-06 26.0078 -0.0485892 13.7706
288.999 117.873 2.43318 0.0219097 -5.30244e-06 26.5078 -0.0461075 13.9757
289.499 117.884 2.42408 0.0215741 -4.31957e-06 27.0078 -0.0421145 14.1816
289.999 117.894 2.41595 0.0212932 -3.44082e-06 27.5078 -0.0362643 14.3882
290.499 117.905 2.40923 0.0210677 -2.64928e-06 28.0078 -0.0281098 14.5954
290.999 117.915 2.40448 0.0208979 -1.92753e-06 28.5078 -0.0171684 14.8032
291.499 117.926 2.40218 0.0207843 -1.25766e-06 29.0078 -0.00769822 15
291.999 117.936 2.40218 0.0207242 -6.21253e-07 29.5078 -0.00769822 15
292.499 117.947 2.40218 0.0207242 -1.99646e-07 30.0078 -0.00769822 15
