169.962 233.538 1.91904 -1.5265 0.00914424 0 0.731857 2.3602e-10
169.983 233.045 2.03655 -1.53449 0.00472875 0.493693 0.2358 0.248029
170.001 232.556 2.04838 -1.54599 0.00115119 0.982224 -0.0515696 0.486507
170.013 232.072 2.03482 -1.55831 -0.00173556 1.46708 -0.0632804 0.723978
170.019 231.589 2.01787 -1.57099 -0.00387572 1.94968 -0.0793514 0.962112
170.019 231.107 1.99683 -1.58361 -0.00527827 2.43131 -0.0966788 1.20196
170.013 230.626 1.97126 -1.59577 -0.00600683 2.91309 -0.113029 1.4448
170.001 230.143 1.94162 -1.6072 -0.00616389 3.39595 -0.127193 1.69152
169.983 229.659 1.90813 -1.61766 -0.00587326 3.88061 -0.13791 1.94333
169.96 229.172 1.87171 -1.61073 -0.00526386 4.36756 -0.144482 2.20089
169.936 228.554 1.82275 -1.63463 -0.00399101 4.98651 -0.146722 2.53603
169.904 228.056 1.78238 -1.64173 -0.00306944 5.4856 -0.144411 2.81287
169.868 227.557 1.74215 -1.64761 -0.00217768 5.98539 -0.138823 3.09646
169.83 227.058 1.70298 -1.65228 -0.00137071 6.48589 -0.130452 3.38708
169.789 226.559 1.6657 -1.65581 -0.000684987 6.98705 -0.119897 3.68468
169.747 226.059 1.63101 -1.65826 -0.000140929 7.48882 -0.107746 3.98913
169.703 225.558 1.59952 -1.6597 0.000254343 7.9911 -0.0946032 4.30013
169.658 225.058 1.5717 -1.66019 0.000504372 8.4938 -0.0810645 4.61727
169.613 224.557 1.54774 -1.65982 0.000620938 8.9968 -0.0676851 4.93987
169.568 224.055 1.5277 -1.65863 0.000621831 9.49999 -0.0549374 5.26717
169.524 223.554 1.51144 -1.65667 0.000528808 10.0033 -0.0432083 5.5984
169.481 223.053 1.49879 -1.65399 0.000365711 10.5065 -0.0328206 5.93284
169.439 222.551 1.48928 -1.65061 0.000156791 11.0096 -0.0239241 6.26964
169.399 222.05 1.48245 -1.64655 -7.4738e-05 11.5125 -0.0166106 6.60815
169.361 221.549 1.47783 -1.64181 -0.000307834 12.0152 -0.0109056 6.94779
169.326 221.048 1.47486 -1.63643 -0.00052439 12.5175 -0.00668786 7.28808
169.293 220.547 1.47311 -1.63064 -0.00068334 13.0195 -0.00382798 7.62867
169.263 220.046 1.47214 -1.62494 -0.000709145 13.5212 -0.00199824 7.96935
169.235 219.545 1.47166 -1.61956 -0.00069546 14.0226 -0.000856057 8.30998
169.211 219.045 1.47149 -1.61453 -0.000668878 14.5237 -0.000233597 8.6505
169.189 218.544 1.47146 -1.60982 -0.000630463 15.0245 1.04223e-05 8.99089
169.17 218.044 1.47147 -1.6054 -0.000583036 15.5252 -1.02008e-05 9.33115
169.152 217.544 1.47144 -1.60124 -0.00052968 16.0258 -0.000177091 9.67132
169.137 217.044 1.47134 -1.5973 -0.000472796 16.5262 -0.000386222 10.0114
169.124 216.544 1.47118 -1.59354 -0.000414179 17.0266 -0.000536768 10.3515
169.112 216.043 1.47099 -1.58994 -0.000355536 17.5268 -0.000535858 10.6916
169.103 215.543 1.47085 -1.5865 -0.000298724 18.0271 -0.000285819 11.0317
169.095 215.043 1.47084 -1.5832 -0.000245546 18.5273 0.00029701 11.3718
169.089 214.543 1.4711 -1.58006 -0.000197448 19.0274 0.00129862 11.7118
169.084 214.043 1.47179 -1.57705 -0.000155346 19.5276 0.00280992 12.0517
169.081 213.543 1.47307 -1.5742 -0.000119609 20.0277 0.00489882 12.3914
169.079 213.043 1.47519 -1.5715 -9.01431e-05 20.5278 0.00766102 12.7306
169.079 212.543 1.47836 -1.56895 -6.65014e-05 21.0279 0.0111581 13.0693
169.08 212.042 1.48282 -1.56654 -4.80073e-05 21.528 0.0154551 13.4071
169.082 211.542 1.48888 -1.56429 -3.3866e-05 22.028 0.0206247 13.7436
169.085 211.042 1.49678 -1.56218 -2.32576e-05 22.5281 0.0266767 14.0787
169.09 210.542 1.50674 -1.56023 -1.5409e-05 23.0281 0.0331555 14.4117
169.095 210.042 1.51866 -1.55842 -9.64238e-06 23.5281 0.0386441 14.7422
169.101 209.542 1.5319 -1.55676 -5.40166e-06 24.0281 0.0416856 15.0701
169.108 209.042 1.54547 -1.55525 -2.26022e-06 24.5281 0.0412721 15.395
169.116 208.543 1.55819 -1.55388 8.61206e-08 25.0281 0.0371865 15.7172
169.124 208.043 1.56892 -1.55265 1.83623e-06 25.5281 0.0294035 16.0369
169.133 207.543 1.57658 -1.55156 3.10652e-06 26.0281 0.0184412 16.3548
169.143 207.043 1.58052 -1.55062 3.95558e-06 26.5281 0.00640037 16.6715
169.153 206.543 1.5808 -1.54981 4.40769e-06 27.0281 -0.00436859 16.9878
169.164 206.043 1.57818 -1.54914 4.47292e-06 27.5281 -0.0114961 17.3043
169.174 205.543 1.5742 -1.54861 4.16266e-06 28.0281 -0.012485 17.6215
169.186 205.043 1.57116 -1.54821 3.50026e-06 28.5281 -0.00585581 17.9395
169.197 204.543 1.57081 -1.54795 2.52692e-06 29.0282 -0.00483799 18
169.208 204.043 1.57081 -1.54781 1.30349e-06 29.5282 -0.00483799 18
169.22 203.544 1.57081 -1.54781 4.64083e-07 30.0282 -0.00483799 18
