276.007 117.253 -nan 0.00266264 -1.23191e-09 0 -nan 0
276.507 117.254 -nan 0.00151295 3.64542e-05 0.50004 -nan 0
277.008 117.255 -nan 0.000179074 3.85976e-05 1.00009 -nan 0
277.508 117.255 -nan -0.00109731 4.02681e-05 1.50014 -nan 0
278.008 117.254 -nan -0.00231579 4.14819e-05 2.00021 -nan 0
278.508 117.253 -nan -0.00347597 4.22558e-05 2.50029 -nan 0
279.008 117.251 -nan -0.00457745 4.2607e-05 3.00038 -nan 0
279.508 117.249 -nan -0.00561982 4.25527e-05 3.50048 -nan 0
280.008 117.246 -nan -0.00660265 4.21108e-05 4.00059 -nan 0
280.508 117.243 -nan -0.00752554 4.12992e-05 4.50071 -nan 0
281.008 117.239 -nan -0.00838806 4.01362e-05 5.00084 -nan 0
281.508 117.235 -nan -0.0091898 3.86407e-05 5.50098 -nan 0
282.008 117.23 -nan -0.00993031 3.68316e-05 6.00113 -nan 0
282.509 117.226 -nan -0.0106092 3.47284e-05 6.50129 -nan 0
283.009 117.22 -nan -0.0112259 3.23512e-05 7.00145 -nan 0
283.509 117.215 -nan -0.0117801 2.97203e-05 7.50163 -nan 0
284.009 117.209 -nan -0.0122714 2.68569e-05 8.00181 -nan 0
284.509 117.203 -nan -0.0126992 2.37824e-05 8.502 -nan 0
285.009 117.196 -nan -0.0130631 2.05189e-05 9.0022 -nan 0
285.51 117.19 -nan -0.0133626 1.70892e-05 9.5024 -nan 0
286.01 117.183 -nan -0.0135973 1.35165e-05 10.0026 -nan 0
286.51 117.176 -nan -0.0137666 9.82462e-06 10.5028 -nan 0
287.01 117.169 -nan -0.0138702 6.0381e-06 11.003 -nan 0
287.51 117.162 -nan -0.0139075 2.18181e-06 11.5032 -nan 0
288.01 117.155 -nan -0.0138779 -1.71949e-06 12.0035 -nan 0
288.511 117.148 -nan -0.013781 -5.64315e-06 12.5037 -nan 0
289.011 117.142 -nan -0.0136158 -9.57089e-06 13.0039 -nan 0
289.511 117.135 -nan -0.0133818 -1.34822e-05 13.5041 -nan 0
290.011 117.128 -nan -0.0130787 -1.73177e-05 14.0043 -nan 0
290.511 117.122 -nan -0.0127094 -2.09055e-05 14.5045 -nan 0
291.011 117.115 -nan -0.0122818 -2.39145e-05 15.0047 -nan 0
291.511 117.109 -nan -0.0118109 -2.59454e-05 15.5049 -nan 0
292.012 117.103 -nan -0.0113162 -2.67568e-05 16.0051 -nan 0
292.512 117.097 -nan -0.0108175 -2.64322e-05 16.5052 -nan 0
293.012 117.092 -nan -0.0103295 -2.53183e-05 17.0054 -nan 0
293.512 117.087 -nan -0.0098612 -2.38098e-05 17.5056 -nan 0
294.012 117.082 -nan -0.00941641 -2.21862e-05 18.0057 -nan 0
294.512 117.077 -nan -0.00899626 -2.05856e-05 18.5059 -nan 0
295.012 117.073 -nan -0.00860069 -1.90565e-05 19.006 -nan 0
295.513 117.068 -nan -0.00822925 -1.76086e-05 19.5062 -nan 0
296.013 117.064 -nan -0.00788139 -1.62402e-05 20.0063 -nan 0
296.513 117.06 -nan -0.00755654 -1.49471e-05 20.5064 -nan 0
297.013 117.057 -nan -0.00725414 -1.37246e-05 21.0066 -nan 0
297.513 117.053 -nan -0.0069736 -1.25686e-05 21.5067 -nan 0
298.013 117.05 -nan -0.00671434 -1.14749e-05 22.0068 -nan 0
298.513 117.046 -nan -0.00647578 -1.04397e-05 22.507 -nan 0
299.013 117.043 -nan -0.00625734 -9.45951e-06 23.0071 -nan 0
299.513 117.04 -nan -0.00605841 -8.53086e-06 23.5072 -nan 0
300.014 117.037 -nan -0.00587842 -7.65065e-06 24.0073 -nan 0
300.514 117.034 -nan -0.00571675 -6.81595e-06 24.5074 -nan 0
301.014 117.031 -nan -0.00557281 -6.02408e-06 25.0075 -nan 0
301.514 117.028 -nan -0.005446 -5.27253e-06 25.5076 -nan 0
302.014 117.025 -nan -0.0053357 -4.55903e-06 26.0077 -nan 0
302.514 117.023 -nan -0.00524132 -3.88148e-06 26.5078 -nan 0
303.014 117.02 -nan -0.00516223 -3.238e-06 27.008 -nan 0
303.514 117.018 -nan -0.00509783 -2.62688e-06 27.5081 -nan 0
304.014 117.015 -nan -0.00504749 -2.0466e-06 28.0082 -nan 0
304.514 117.012 -nan -0.00501059 -1.49581e-06 28.5083 -nan 0
305.015 117.01 -nan -0.0049865 -9.73333e-07 29.0084 -nan 0
305.515 117.007 -nan -0.00497398 -4.7815e-07 29.5085 -nan 0
306.015 117.005 -nan -0.00497398 -1.62618e-07 30.0086 -nan 0
