430.257 252.515 0.000860933 3.09027 4.24563e-13 0 -0.00306699 0
429.757 252.541 1.21728 3.09793 -0.00112708 0.501023 1.54518 1.15283
429.257 252.563 1.70606 3.1068 -0.000918335 1.00182 1.31134 1.49486
428.756 252.58 2.03223 3.11528 -0.00073038 1.50238 1.14122 1.76151
428.256 252.593 2.2814 3.12337 -0.000562432 2.00276 1.00201 1.99366
427.756 252.602 2.47939 3.13105 -0.000413656 2.50299 0.883753 2.20368
427.256 252.608 2.64183 3.13834 -0.000283173 3.00313 0.780498 2.3989
426.756 252.609 2.77687 -3.13796 -0.000170073 3.50319 0.689176 2.5832
426.256 252.608 2.89084 -3.13147 -7.3416e-05 4.00321 0.60731 2.75946
425.756 252.602 2.98787 -3.12538 7.75314e-06 4.50321 0.533255 2.92954
425.256 252.594 3.07064 -3.11968 7.44041e-05 5.00322 0.465936 3.09467
424.756 252.583 3.14027 -3.11438 0.000127514 5.50324 0.405001 3.25551
424.256 252.57 3.19996 -3.10947 0.000168062 6.00329 0.349015 3.41329
423.756 252.554 3.2499 -3.10496 0.000197029 6.50339 0.297997 3.56828
423.257 252.535 3.29194 -3.10084 0.000215388 7.00353 0.251105 3.72118
422.757 252.515 3.32656 -3.09712 0.000224111 7.50373 0.208165 3.87229
422.257 252.493 3.3548 -3.09378 0.000224157 8.00398 0.168713 4.02202
421.757 252.469 3.37712 -3.09084 0.000216479 8.50429 0.132558 4.17063
421.258 252.444 3.3943 -3.08828 0.000202018 9.00466 0.0993299 4.31841
420.758 252.417 3.40659 -3.08611 0.000181704 9.50507 0.0689531 4.46555
420.258 252.389 3.41475 -3.08432 0.000156458 10.0055 0.041022 4.61228
419.758 252.36 3.41877 -3.08292 0.000127187 10.506 0.0156116 4.75874
419.259 252.331 3.41948 -3.0819 9.47921e-05 11.0066 -0.00775468 4.90512
418.759 252.301 3.41664 -3.08127 6.01638e-05 11.5071 -0.0288669 5.05156
418.259 252.271 3.41113 -3.08102 2.42011e-05 12.0077 -0.048247 5.19816
417.76 252.241 3.40261 -3.08114 -1.21398e-05 12.5083 -0.0656331 5.34511
417.26 252.211 3.39186 -3.08164 -4.77097e-05 13.0088 -0.0814902 5.49243
416.761 252.181 3.37867 -3.0825 -8.09332e-05 13.5094 -0.0956328 5.64031
416.261 252.151 3.36358 -3.08368 -0.000109642 14.0099 -0.108382 5.78876
415.761 252.122 3.34651 -3.08514 -0.000131367 14.5105 -0.119625 5.93796
415.261 252.094 3.32786 -3.08681 -0.000144284 15.0109 -0.129601 6.0879
414.762 252.066 3.30761 -3.08859 -0.00014828 15.5114 -0.138231 6.23876
414.262 252.04 3.28609 -3.09042 -0.00014514 16.0118 -0.145729 6.3905
413.762 252.014 3.2633 -3.09224 -0.000137596 16.5122 -0.152014 6.54334
413.263 251.99 3.23954 -3.09402 -0.000128083 17.0125 -0.157309 6.69716
412.763 251.966 3.21478 -3.09576 -0.00011812 17.5128 -0.161496 6.85225
412.263 251.943 3.18931 -3.09743 -0.0001084 18.0131 -0.1648 7.00844
411.763 251.921 3.16314 -3.09904 -9.91583e-05 18.5133 -0.167129 7.16597
411.264 251.9 3.13648 -3.10059 -9.04472e-05 19.0136 -0.168617 7.32477
410.764 251.879 3.10942 -3.10208 -8.22675e-05 19.5138 -0.169261 7.48493
410.264 251.859 3.08207 -3.1035 -7.46076e-05 20.0139 -0.169055 7.64653
409.764 251.84 3.05459 -3.10487 -6.74531e-05 20.5141 -0.168082 7.80949
409.264 251.822 3.02709 -3.10616 -6.07882e-05 21.0142 -0.166264 7.974
408.765 251.804 2.99971 -3.10739 -5.45961e-05 21.5144 -0.163642 8.13998
408.265 251.787 2.97257 -3.10855 -4.88586e-05 22.0145 -0.160223 8.30742
407.765 251.77 2.94586 -3.10965 -4.35566e-05 22.5146 -0.155901 8.47645
407.265 251.755 2.91972 -3.11067 -3.867e-05 23.0147 -0.150682 8.64699
406.765 251.739 2.8943 -3.11163 -3.41774e-05 23.5148 -0.144534 8.819
406.265 251.724 2.86982 -3.11252 -3.00565e-05 24.0148 -0.137362 8.9925
405.766 251.71 2.84653 -3.11334 -2.62838e-05 24.5149 -0.12908 9.1675
405.266 251.695 2.82458 -3.11409 -2.28348e-05 25.015 -0.119842 9.34387
404.766 251.682 2.80415 -3.11476 -1.96839e-05 25.515 -0.109761 9.52154
404.266 251.668 2.78543 -3.11537 -1.68044e-05 26.0151 -0.0989572 9.70044
403.766 251.655 2.76868 -3.1159 -1.41688e-05 26.5151 -0.0875188 9.88055
403.266 251.642 2.75393 -3.11636 -1.17482e-05 27.0152 -0.0756032 10.0617
402.766 251.63 2.74129 -3.11674 -9.51285e-06 27.5152 -0.0632239 10.2437
402.266 251.617 2.7309 -3.11705 -7.43189e-06 28.0152 -0.050264 10.4264
401.767 251.605 2.72289 -3.11728 -5.47342e-06 28.5153 -0.0365825 10.6098
401.267 251.593 2.71748 -3.11743 -3.60448e-06 29.0153 -0.0220137 10.7936
400.767 251.581 2.71473 -3.11751 -1.79105e-06 29.5154 -0.00984356 10.9778
400.267 251.569 2.71448 -3.11751 -5.77252e-07 30.0154 -0.00889993 11
