335.27 250.893 3.01529 -3.12901 -2.31375e-14 0 -0.00227509 0
334.77 250.887 3.01536 -3.12899 -6.80603e-10 0.5 0.00127444 0.165821
334.27 250.881 3.01557 -3.12898 2.80014e-10 1 0.000993941 0.331631
333.77 250.874 3.01574 -3.12897 4.27306e-10 1.5 0.000703143 0.497432
333.27 250.868 3.01586 -3.12896 1.77573e-10 2 0.000394262 0.663224
332.77 250.862 3.01592 -3.12897 -1.59115e-10 2.5 6.29994e-05 0.829012
332.27 250.856 3.01593 -3.12897 -3.67685e-10 3 -0.000296746 0.994798
331.771 250.849 3.01586 -3.12899 -3.16719e-10 3.5 -0.000694654 1.16058
331.271 250.843 3.01573 -3.129 5.26639e-11 4 -0.00113322 1.32638
330.771 250.837 3.01553 -3.12902 7.38165e-10 4.5 -0.00161949 1.49218
330.271 250.83 3.01523 -3.12904 1.68742e-09 5 -0.00216388 1.65799
329.771 250.824 3.01485 -3.12907 2.80949e-09 5.5 -0.00276726 1.82383
329.271 250.818 3.01435 -3.12909 3.98575e-09 6 -0.00343782 1.98969
328.771 250.812 3.01373 -3.12911 5.08152e-09 6.5 -0.00418577 2.15558
328.271 250.805 3.01299 -3.12914 5.95696e-09 7 -0.00501051 2.3215
327.771 250.799 3.0121 -3.12916 6.4785e-09 7.5 -0.00592138 2.48747
327.271 250.793 3.01105 -3.12917 6.53013e-09 8 -0.00692746 2.6535
326.771 250.787 3.00982 -3.12919 6.02444e-09 8.5 -0.00802679 2.81959
326.271 250.78 3.0084 -3.1292 4.91406e-09 9 -0.00922944 2.98574
325.771 250.774 3.00677 -3.12921 3.20282e-09 9.5 -0.0105426 3.15199
325.271 250.768 3.00491 -3.12921 9.57024e-10 10 -0.0119629 3.31833
324.771 250.762 3.00281 -3.12921 -1.6831e-09 10.5 -0.0135003 3.48478
324.271 250.756 3.00043 -3.1292 -4.4926e-09 11 -0.0151596 3.65136
323.771 250.749 2.99777 -3.12918 -7.14958e-09 11.5 -0.0169355 3.81807
323.271 250.743 2.9948 -3.12915 -9.22319e-09 12 -0.0188363 3.98494
322.771 250.737 2.99148 -3.12912 -1.01599e-08 12.5 -0.0208645 4.15199
322.271 250.731 2.98783 -3.12907 -9.27812e-09 13 -0.0230118 4.31923
321.771 250.725 2.9838 -3.12902 -5.81911e-09 13.5 -0.025283 4.48668
321.271 250.718 2.97936 -3.12895 8.31607e-10 14 -0.0276778 4.65438
320.771 250.712 2.97451 -3.12888 1.0655e-08 14.5 -0.0301842 4.82234
320.271 250.706 2.96923 -3.12881 2.24435e-08 15 -0.0328006 4.99057
319.771 250.699 2.96346 -3.12873 3.3794e-08 15.5 -0.0355236 5.15914
319.272 250.693 2.95724 -3.12866 4.20505e-08 16 -0.0383356 5.32803
318.772 250.686 2.95052 -3.1286 4.5592e-08 16.5 -0.0412265 5.49728
318.272 250.68 2.94327 -3.12855 4.43591e-08 17 -0.0441869 5.66697
317.772 250.673 2.9355 -3.1285 3.93627e-08 17.5 -0.0471926 5.83707
317.272 250.667 2.92721 -3.12847 3.18953e-08 18 -0.0502245 6.00762
316.772 250.66 2.91835 -3.12845 2.30739e-08 18.5 -0.0532587 6.1787
316.272 250.654 2.90895 -3.12844 1.37511e-08 19 -0.0562646 6.35031
315.772 250.647 2.89902 -3.12843 4.56824e-09 19.5 -0.0592116 6.52247
315.272 250.64 2.88855 -3.12844 -3.99046e-09 20 -0.0620627 6.69524
314.772 250.634 2.87754 -3.12845 -1.15677e-08 20.5 -0.064764 6.86869
314.272 250.627 2.86605 -3.12846 -1.79167e-08 21 -0.0672761 7.04279
313.772 250.621 2.85409 -3.12849 -2.28891e-08 21.5 -0.0695465 7.2176
313.272 250.614 2.84172 -3.12851 -2.64235e-08 22 -0.0715073 7.39316
312.772 250.608 2.82896 -3.12854 -2.85338e-08 22.5 -0.0730713 7.56952
312.272 250.601 2.81591 -3.12858 -2.92988e-08 23 -0.0741802 7.74667
311.772 250.595 2.80265 -3.12861 -2.88502e-08 23.5 -0.0747495 7.92465
311.272 250.588 2.78929 -3.12865 -2.73616e-08 24 -0.0746854 8.10346
310.772 250.582 2.77593 -3.12869 -2.50376e-08 24.5 -0.0738389 8.28316
310.272 250.575 2.76275 -3.12873 -2.21021e-08 25 -0.0721199 8.46372
309.772 250.569 2.74991 -3.12877 -1.87876e-08 25.5 -0.0694113 8.64512
309.272 250.562 2.73759 -3.12881 -1.53237e-08 26 -0.0655777 8.82735
308.772 250.556 2.72603 -3.12884 -1.19259e-08 26.5 -0.060473 9.01038
308.272 250.55 2.71549 -3.12887 -8.78462e-09 27 -0.0539141 9.19415
307.772 250.543 2.70631 -3.1289 -6.05388e-09 27.5 -0.0457075 9.37861
307.273 250.537 2.69877 -3.12893 -3.84014e-09 28 -0.035727 9.56364
306.773 250.531 2.69324 -3.12895 -2.19112e-09 28.5 -0.0237979 9.74911
306.273 250.524 2.69001 -3.12896 -1.08458e-09 29 -0.011261 9.93488
305.773 250.518 2.68932 -3.12897 -4.1731e-10 29.5 -0.00870625 10
305.273 250.512 2.68932 -3.12897 -1.14703e-10 30 -0.00870625 10
