276.265 117.341 0.0105768 -0.0587663 4.60705e-09 0 0.0165471 0
276.765 117.312 0.908705 -0.0558102 -0.000518856 0.501375 0.711841 1.2425
277.266 117.284 1.20376 -0.0523249 -0.000483039 1.00264 0.541203 1.71444
277.766 117.257 1.38866 -0.0489167 -0.0004489 1.50379 0.419143 2.10012
278.266 117.233 1.51584 -0.0455852 -0.000416394 2.00482 0.324101 2.44417
278.767 117.21 1.60707 -0.0423298 -0.000385477 2.50575 0.246882 2.76457
279.267 117.189 1.67249 -0.0391501 -0.000356103 3.00658 0.183202 3.06971
279.768 117.169 1.71855 -0.0360453 -0.000328226 3.50732 0.130293 3.3648
280.268 117.151 1.74962 -0.0330149 -0.0003018 4.00798 0.0862469 3.65334
280.768 117.135 1.76883 -0.0300582 -0.00027678 4.50857 0.0496783 3.93775
281.269 117.12 1.77851 -0.0271745 -0.000253119 5.00908 0.0195325 4.21984
281.769 117.106 1.78051 -0.0243632 -0.000230773 5.50954 -0.00502843 4.50098
282.269 117.094 1.7762 -0.0216236 -0.000209696 6.00993 -0.0246014 4.78229
282.769 117.083 1.76698 -0.0189549 -0.000189844 6.51027 -0.0399 5.06467
283.27 117.074 1.75393 -0.0163564 -0.000171172 7.01056 -0.0514485 5.34881
283.77 117.065 1.73794 -0.0138273 -0.000153637 7.51081 -0.059713 5.6353
284.27 117.059 1.71983 -0.0113669 -0.000137195 8.01103 -0.0651217 5.92459
284.77 117.053 1.7003 -0.0089744 -0.000121804 8.5112 -0.0680721 6.21706
285.27 117.048 1.67999 -0.00664898 -0.000107421 9.01135 -0.0689358 6.51297
285.77 117.045 1.65944 -0.00438985 -9.40057e-05 9.51147 -0.0680603 6.8125
286.27 117.043 1.63912 -0.00219619 -8.15165e-05 10.0116 -0.0657687 7.11574
286.77 117.042 1.61944 -6.71562e-05 -6.99137e-05 10.5116 -0.0623586 7.42269
287.27 117.042 1.60072 0.00199806 -5.91584e-05 11.0117 -0.0581005 7.7333
287.771 117.043 1.58322 0.00400027 -4.92118e-05 11.5117 -0.0532357 8.04744
288.271 117.045 1.56715 0.00594008 -4.00345e-05 12.0118 -0.047975 8.3649
288.771 117.048 1.55264 0.00781742 -3.15841e-05 12.5118 -0.0424981 8.68547
289.271 117.052 1.53979 0.00963031 -2.38157e-05 13.0118 -0.0369535 9.00887
289.771 117.056 1.52865 0.0113728 -1.66976e-05 13.5118 -0.0314618 9.33483
290.27 117.062 1.51921 0.0130332 -1.02529e-05 14.0118 -0.0261112 9.66296
290.77 117.069 1.51144 0.0145957 -4.59504e-06 14.5118 -0.0209625 9.99294
291.27 117.076 1.50532 0.0160459 1.16389e-07 15.0118 -0.0160593 10.3245
291.77 117.084 1.50076 0.0173793 3.81341e-06 15.5118 -0.0114163 10.6571
292.27 117.093 1.49768 0.0186042 6.61812e-06 16.0118 -0.00703329 10.9907
292.77 117.102 1.49603 0.0197376 8.7809e-06 16.5118 -0.002905 11.3247
293.27 117.112 1.49572 0.0207972 1.05293e-05 17.0118 0.000991174 11.659
293.77 117.122 1.49666 0.0217961 1.19845e-05 17.5118 0.00467959 11.9932
294.27 117.133 1.49882 0.0227414 1.31834e-05 18.0119 0.00817762 12.3271
294.77 117.144 1.50211 0.0236365 1.41336e-05 18.5119 0.0115061 12.6604
295.27 117.156 1.50645 0.0244832 1.48434e-05 19.0119 0.0146748 12.9928
295.77 117.169 1.51182 0.0252824 1.53275e-05 19.5119 0.017677 13.3241
296.269 117.181 1.51813 0.0260352 1.56036e-05 20.0119 0.020498 13.6542
296.769 117.194 1.5253 0.0267423 1.56897e-05 20.512 0.0231049 13.9828
297.269 117.208 1.53324 0.0274047 1.56032e-05 21.012 0.0254426 14.3098
297.769 117.221 1.54185 0.0280232 1.53608e-05 21.512 0.0274344 14.635
298.269 117.235 1.55099 0.0285987 1.49783e-05 22.0121 0.0289905 14.9584
298.769 117.25 1.56048 0.0291319 1.44709e-05 22.5121 0.0299948 15.2798
299.268 117.264 1.57013 0.0296239 1.38529e-05 23.0122 0.030309 15.5993
299.768 117.279 1.57969 0.0300753 1.3138e-05 23.5122 0.0297549 15.9168
300.268 117.294 1.58885 0.0304871 1.23391e-05 24.0123 0.0281607 16.2324
300.768 117.309 1.59728 0.0308601 1.14684e-05 24.5123 0.0253208 16.5463
301.268 117.325 1.60455 0.0311951 1.05374e-05 25.0124 0.0210064 16.8586
301.768 117.34 1.61019 0.031493 9.55702e-06 25.5125 0.015006 17.1697
302.267 117.356 1.61374 0.0317545 8.53747e-06 26.0125 0.00770283 17.4799
302.767 117.372 1.61494 0.0319806 7.48838e-06 26.5126 4.19279e-06 17.7896
303.267 117.388 1.61382 0.032172 6.41876e-06 27.0127 -0.00715969 18.0993
303.767 117.404 1.61076 0.0323295 5.33703e-06 27.5127 -0.0119193 18.4095
304.267 117.42 1.60704 0.032454 4.25106e-06 28.0128 -0.0109556 18.7203
304.766 117.436 1.60484 0.0325462 3.16815e-06 28.5129 -0.00490614 19
305.266 117.453 1.60484 0.0326069 2.09508e-06 29.0129 -0.00490614 19
305.766 117.469 1.60484 0.0326386 1.03811e-06 29.513 -0.00490614 19
306.266 117.485 1.60484 0.0326386 3.32662e-07 30.0131 -0.00490614 19
