169.911 234.92 1.50973 -1.54002 0.0216289 0 0.186747 0
169.926 234.411 1.62771 -1.53321 0.0164048 0.508935 0.388464 0.325076
169.945 233.905 1.73713 -1.52933 0.0114584 1.01545 0.337118 0.625904
169.966 233.402 1.82466 -1.52779 0.00685958 1.51968 0.279261 0.908918
169.988 232.9 1.89179 -1.52837 0.00276894 2.02185 0.217871 1.17889
170.009 232.4 1.94058 -1.53073 -0.00066632 2.52223 0.156275 1.43981
170.029 231.901 1.97321 -1.5345 -0.00335768 3.02116 0.0973728 1.69468
170.047 231.404 1.99077 -1.53926 -0.00528054 3.51903 0.0440519 1.9457
170.063 230.907 1.99618 -1.54464 -0.00646931 4.01618 -0.00218911 2.19498
170.076 230.41 1.9907 -1.55028 -0.00700509 4.51295 -0.0407589 2.44409
170.086 229.914 1.97661 -1.55592 -0.0069994 5.00962 -0.0724814 2.69437
170.093 229.418 1.95505 -1.56156 -0.00657758 5.50541 -0.0972416 2.94654
170.098 228.931 1.92837 -1.56643 -0.00586458 5.99263 -0.115599 3.19735
170.1 228.441 1.89705 -1.57082 -0.00497458 6.4823 -0.128038 3.4534
170.1 227.949 1.86254 -1.57469 -0.00400488 6.97443 -0.135221 3.71513
170.098 227.455 1.82593 -1.57803 -0.00303337 7.46891 -0.137312 3.98325
170.094 226.958 1.78848 -1.58087 -0.00211853 7.9655 -0.13475 4.25808
170.089 226.46 1.75142 -1.58326 -0.00130103 8.4639 -0.128054 4.53969
170.083 225.96 1.71592 -1.58526 -0.000606083 8.96377 -0.117703 4.82805
170.076 225.459 1.68316 -1.58693 -4.59179e-05 9.46477 -0.104222 5.12288
170.068 224.957 1.65419 -1.58836 0.000377718 9.96655 -0.0881655 5.42366
170.059 224.455 1.62996 -1.58959 0.000671319 10.4688 -0.0700938 5.72963
170.05 223.953 1.61125 -1.59068 0.000847546 10.9713 -0.0505396 6.03979
170.04 223.45 1.59863 -1.59169 0.000923325 11.4738 -0.0300036 6.353
170.029 222.948 1.59248 -1.59265 0.000918073 11.9762 -0.00894347 6.66797
170.018 222.446 1.59298 -1.59359 0.000852034 12.4783 0.0122342 6.98333
170.007 221.944 1.60009 -1.59451 0.000744719 12.9801 0.0331663 7.29777
169.995 221.443 1.61365 -1.59542 0.000613501 13.4816 0.0535155 7.60995
169.982 220.942 1.63322 -1.59628 0.000472695 13.9828 0.0729828 7.91874
169.97 220.441 1.65826 -1.59707 0.000333586 14.4837 0.0912835 8.22318
169.957 219.941 1.68813 -1.59774 0.000205378 14.9844 0.108137 8.52248
169.943 219.44 1.72212 -1.59827 9.59171e-05 15.4848 0.123264 8.81606
169.929 218.94 1.75946 -1.5987 1.09519e-05 15.9852 0.136386 9.10358
169.915 218.44 1.79938 -1.59904 -4.74067e-05 16.4854 0.147176 9.38471
169.901 217.94 1.84102 -1.59934 -8.10532e-05 16.9856 0.155351 9.65951
169.887 217.44 1.88351 -1.59962 -9.44915e-05 17.4859 0.160633 9.92816
169.873 216.94 1.92604 -1.5999 -9.29666e-05 17.9861 0.162737 10.1908
169.858 216.44 1.96776 -1.60016 -8.13378e-05 18.4864 0.161707 10.4477
169.843 215.94 2.00807 -1.60041 -6.37405e-05 18.9868 0.157984 10.6995
169.828 215.44 2.04628 -1.60065 -4.35604e-05 19.4872 0.151569 10.9463
169.814 214.939 2.08203 -1.60089 -2.34382e-05 19.9876 0.142806 11.1887
169.798 214.439 2.11481 -1.6011 -5.27307e-06 20.4881 0.132008 11.4272
169.783 213.939 2.1444 -1.60131 9.74072e-06 20.9886 0.119727 11.6622
169.768 213.438 2.1707 -1.60151 2.10321e-05 21.4892 0.106377 11.8942
169.753 212.938 2.19345 -1.6017 2.85374e-05 21.9898 0.0922533 12.1236
169.737 212.438 2.21273 -1.60189 3.25675e-05 22.4904 0.077667 12.3507
169.722 211.937 2.2286 -1.60206 3.36752e-05 22.991 0.0628568 12.5762
169.706 211.437 2.24107 -1.60223 3.2534e-05 23.4916 0.0480287 12.8002
169.69 210.937 2.25009 -1.60239 2.98384e-05 23.9922 0.0333892 13.023
169.674 210.436 2.2559 -1.60255 2.62283e-05 24.4928 0.0192232 13.2452
169.659 209.936 2.25869 -1.60269 2.22401e-05 24.9934 0.00608898 13.467
169.643 209.436 2.25877 -1.60283 1.82816e-05 25.494 -0.00539895 13.6886
169.627 208.935 2.25652 -1.60295 1.46264e-05 25.9946 -0.0145553 13.9103
169.61 208.435 2.25254 -1.60306 1.14244e-05 26.4952 -0.0206915 14.1323
169.594 207.935 2.2476 -1.60317 8.72189e-06 26.9958 -0.0231968 14.3548
169.578 207.434 2.24255 -1.60325 6.48695e-06 27.4964 -0.0213836 14.5778
169.562 206.934 2.23844 -1.60332 4.63597e-06 27.997 -0.0145321 14.8012
169.546 206.434 2.23641 -1.60338 3.05811e-06 28.4976 -0.0069979 15
169.529 205.933 2.23641 -1.60342 1.6356e-06 28.9982 -0.0069979 15
169.513 205.433 2.23641 -1.60344 2.58976e-07 29.4988 -0.0069979 15
169.497 204.933 2.23641 -1.60344 -5.43853e-07 29.9994 -0.0069979 15
