171.37 140.214 2.86124 -1.5308 0.000554431 0 -0.0680655 0
171.39 139.715 2.82781 -1.53138 0.000383106 0.500382 -0.237221 0.175824
171.41 139.215 2.78612 -1.53221 0.000165472 1.00064 -0.231053 0.354076
171.429 138.715 2.74487 -1.53318 -0.000152231 1.50072 -0.225629 0.5349
171.448 138.215 2.70393 -1.53435 -0.000575125 2.00057 -0.221146 0.718343
171.466 137.716 2.66313 -1.53575 -0.00110115 2.50013 -0.217778 0.904462
171.484 137.217 2.62224 -1.53745 -0.00171925 2.99937 -0.215635 1.09338
171.5 136.719 2.58104 -1.53947 -0.00240778 3.49823 -0.214617 1.28516
171.516 136.22 2.53929 -1.54183 -0.00313332 3.99672 -0.21481 1.47988
171.53 135.723 2.49671 -1.54452 -0.00385011 4.49482 -0.216235 1.6777
171.543 135.225 2.45303 -1.54751 -0.0045003 4.99257 -0.218754 1.87882
171.555 134.728 2.40799 -1.55074 -0.00501508 5.49005 -0.22201 2.08348
171.565 134.23 2.3614 -1.5541 -0.005317 5.98734 -0.225508 2.29198
171.573 133.733 2.31312 -1.55744 -0.00532332 6.4846 -0.22899 2.50471
171.58 133.236 2.26302 -1.56057 -0.00495029 6.98202 -0.232071 2.72216
171.585 132.738 2.21116 -1.56327 -0.00411815 7.4798 -0.234198 2.94471
171.589 132.24 2.15766 -1.56527 -0.00275642 7.97822 -0.234932 3.17285
171.591 131.74 2.10267 -1.56629 -0.000808932 8.47755 -0.234421 3.40719
171.594 131.24 2.04631 -1.566 0.00176191 8.97811 -0.232599 3.64859
171.596 130.738 1.98882 -1.56408 0.00497194 9.4802 -0.229535 3.89733
171.599 130.234 1.93034 -1.5602 0.00881346 9.98416 -0.225098 4.15464
171.605 129.728 1.87117 -1.55404 0.0132548 10.4903 -0.219232 4.42089
171.613 129.219 1.81162 -1.5453 0.0182409 10.9989 -0.211793 4.69704
171.626 128.708 1.75213 -1.5337 0.0236953 11.5102 -0.202677 4.9841
171.645 128.194 1.6932 -1.51902 0.0295221 12.0245 -0.191858 5.28269
171.672 127.677 1.63546 -1.50109 0.0356087 12.5419 -0.179311 5.59359
171.709 127.158 1.57966 -1.47977 0.0418298 13.0626 -0.165099 5.91759
171.756 126.636 1.52659 -1.45503 0.0480514 13.5866 -0.149402 6.25511
171.817 126.112 1.47704 -1.42689 0.0541372 14.1138 -0.132519 6.60622
171.893 125.587 1.43195 -1.39545 0.0599551 14.6443 -0.114845 6.97112
171.986 125.062 1.39195 -1.36089 0.0653868 15.1778 -0.0969276 7.34914
172.098 124.538 1.35758 -1.32345 0.070336 15.7142 -0.0793953 7.73943
172.23 124.015 1.32908 -1.28342 0.074738 16.2531 -0.0629562 8.14075
172.383 123.496 1.30629 -1.24112 0.0785657 16.7942 -0.0483515 8.55158
172.559 122.982 1.28867 -1.19688 0.0818333 17.3373 -0.0362946 8.97026
172.758 122.475 1.27523 -1.15099 0.0845947 17.882 -0.027397 9.39524
172.981 121.977 1.26471 -1.10378 0.0869374 18.428 -0.0221921 9.8253
173.224 121.494 1.25561 -1.05588 0.088972 18.9686 -0.0208785 10.2543
173.49 121.024 1.2462 -1.00704 0.0908182 19.5086 -0.0233109 10.6859
173.778 120.568 1.23488 -0.957272 0.0925886 20.0485 -0.0291612 11.1211
174.089 120.126 1.22024 -0.906576 0.0943729 20.5881 -0.037793 11.5606
174.421 119.702 1.20114 -0.854934 0.0962219 21.1273 -0.0483223 12.0058
174.775 119.295 1.17664 -0.802318 0.0981351 21.666 -0.0597399 12.4587
175.149 118.908 1.14635 -0.748728 0.100052 22.204 -0.0710039 12.9218
175.543 118.543 1.11004 -0.694221 0.101852 22.7415 -0.0813247 13.3979
175.955 118.199 1.06767 -0.631407 0.103358 23.2784 -0.090315 13.8909
176.495 117.804 1.00619 -0.568488 0.104594 23.9469 -0.100366 14.5353
176.964 117.505 0.946498 -0.510553 0.104421 24.5034 -0.109332 15.1049
177.449 117.233 0.876936 -0.453176 0.103241 25.0595 -0.118581 15.7146
177.948 116.99 0.796361 -0.397046 0.100958 25.6146 -0.121715 16.3779
178.458 116.776 0.716403 -0.342858 0.0975734 26.1679 -0.0903252 17.1114
178.977 116.591 0.669358 -0.291232 0.0931928 26.7189 -0.019198 17.9121
179.502 116.434 0.667871 -0.242197 0.0880155 27.2671 -0.0138994 18
180.034 116.302 0.667871 -0.193352 0.0870176 27.8144 -0.0138994 18
180.571 116.197 0.667871 -0.146682 0.0814207 28.3613 -0.0138994 18
181.106 116.118 0.667871 -0.112807 0.0672547 28.9027 -0.0138994 18
181.525 116.071 0.667871 -0.0790804 0.0579444 29.3239 -0.0138994 18
182.159 116.02 0.667871 -0.0562369 0.0393342 29.9603 -0.0138994 18
182.563 115.998 0.667871 -0.0435161 0.0234309 30.3654 -0.0138994 18
183.182 115.971 0.667871 -0.0288273 0.0287467 30.9841 -0.0138994 18
183.695 115.956 0.667871 -0.0288273 0.0320182 31.4982 -0.0138994 18
