169.989 238.294 1.22953 -1.64193 0.0471497 0 0.0719917 1.16117e-06
169.952 237.775 1.32181 -1.62272 0.0317392 0.519534 0.232566 0.408139
169.93 237.335 1.39309 -1.60568 0.0320041 0.960507 0.208167 0.732721
169.909 236.746 1.47401 -1.58458 0.0320076 1.54983 0.186994 1.14359
169.902 236.231 1.53561 -1.5671 0.0307127 2.06458 0.173448 1.48565
169.904 235.717 1.59058 -1.54744 0.0280645 2.57836 0.160607 1.81428
169.913 235.327 1.62811 -1.53902 0.0262679 2.96919 0.148401 2.05703
169.93 234.802 1.67253 -1.52561 0.0218152 3.49449 0.130386 2.37527
169.953 234.29 1.70925 -1.51514 0.016671 4.00702 0.111555 2.67831
169.981 233.787 1.73895 -1.50741 0.011738 4.51059 0.0916058 2.97029
170.012 233.292 1.76196 -1.50216 0.00714354 5.00699 0.0703319 3.25379
170.046 232.802 1.77837 -1.50541 0.00303998 5.49765 0.047619 3.5309
170.087 232.182 1.79 -1.49929 -0.00188549 6.1186 0.0189958 3.87877
170.122 231.685 1.79227 -1.50012 -0.00423923 6.61737 -0.00282405 4.15716
170.157 231.188 1.78881 -1.50199 -0.00584255 7.11536 -0.0229183 4.43522
170.192 230.692 1.78007 -1.50454 -0.00675024 7.61292 -0.0407691 4.71398
170.224 230.195 1.76659 -1.50743 -0.00705647 8.11034 -0.0559425 4.99442
170.256 229.699 1.7491 -1.51041 -0.00687836 8.60785 -0.0681132 5.27742
170.286 229.202 1.72836 -1.51328 -0.00634045 9.1056 -0.0771558 5.56367
170.315 228.705 1.70512 -1.51592 -0.00556225 9.60369 -0.0830187 5.85379
170.342 228.207 1.68024 -1.51824 -0.00464987 10.1022 -0.0857971 6.14827
170.368 227.709 1.65456 -1.52017 -0.00369147 10.601 -0.0856989 6.44746
170.393 227.211 1.62892 -1.52177 -0.00275598 11.0995 -0.0830394 6.75106
170.418 226.714 1.60406 -1.52322 -0.00189381 11.5974 -0.0782161 7.05914
170.442 226.215 1.58053 -1.52442 -0.00113873 12.0969 -0.0716486 7.37284
170.465 225.715 1.55891 -1.52543 -0.000510246 12.5976 -0.0638048 7.69179
170.488 225.214 1.53966 -1.52627 -1.59966e-05 13.099 -0.0551532 8.01552
170.51 224.713 1.52309 -1.52702 0.000345995 13.6004 -0.0461643 8.34297
170.532 224.213 1.50933 -1.52784 0.000585222 14.1008 -0.0372513 8.67305
170.553 223.713 1.49835 -1.52868 0.000716621 14.6012 -0.0287333 9.00585
170.574 223.213 1.49008 -1.52957 0.000758465 15.1016 -0.0208842 9.34083
170.595 222.713 1.48425 -1.5305 0.000730398 15.602 -0.0138734 9.67734
170.615 222.213 1.48061 -1.53147 0.000651916 16.1024 -0.00782547 10.0149
170.635 221.713 1.47885 -1.53246 0.000541338 16.6027 -0.00279207 10.353
170.654 221.213 1.4786 -1.53348 0.000415064 17.103 0.0012559 10.6914
170.673 220.713 1.47957 -1.53453 0.000286934 17.6032 0.00434668 11.0296
170.691 220.214 1.48143 -1.53559 0.000167721 18.1033 0.00658193 11.3674
170.708 219.714 1.48391 -1.53666 6.49189e-05 18.6034 0.00806518 11.7047
170.725 219.214 1.48678 -1.53772 -1.71489e-05 19.1035 0.00889013 12.0414
170.742 218.714 1.48982 -1.53877 -7.69565e-05 19.6036 0.00918014 12.3774
170.758 218.214 1.49287 -1.5398 -0.000115233 20.1036 0.00902413 12.7127
170.773 217.715 1.49581 -1.54079 -0.00013435 20.6036 0.00850016 13.0473
170.788 217.215 1.49851 -1.54174 -0.000137709 21.1037 0.00767614 13.3813
170.803 216.715 1.50089 -1.54263 -0.00012919 21.6037 0.00659034 13.7147
170.817 216.215 1.50287 -1.54347 -0.000112691 22.1037 0.0052657 14.0476
170.831 215.715 1.50436 -1.54426 -9.17787e-05 22.6037 0.00371201 14.3801
170.844 215.216 1.5053 -1.54498 -6.94609e-05 23.1037 0.00191798 14.7124
170.857 214.716 1.5056 -1.54565 -4.80622e-05 23.6037 -0.00013871 15.0445
170.869 214.216 1.50517 -1.54626 -2.91942e-05 24.1037 -0.0024819 15.3767
170.882 213.716 1.50391 -1.54681 -1.37982e-05 24.6038 -0.00514731 15.709
170.894 213.216 1.5017 -1.54731 -2.23743e-06 25.1038 -0.008175 16.0417
170.905 212.716 1.49842 -1.54776 5.58137e-06 25.6038 -0.0115898 16.375
170.917 212.216 1.49392 -1.54816 1.00755e-05 26.1038 -0.0154216 16.7092
170.928 211.717 1.48803 -1.5485 1.18584e-05 26.6038 -0.0196906 17.0445
170.939 211.217 1.48066 -1.5488 1.16269e-05 27.1038 -0.0240032 17.3813
170.95 210.717 1.47198 -1.54905 1.00711e-05 27.6038 -0.0269152 17.72
170.961 210.217 1.46274 -1.54925 7.80914e-06 28.1038 -0.0267021 18.0608
170.972 209.717 1.45425 -1.54939 5.34661e-06 28.6038 -0.022062 18.4036
170.983 209.217 1.4482 -1.54949 3.05919e-06 29.1039 -0.0124564 18.7482
170.993 208.717 1.44612 -1.54955 1.19285e-06 29.6039 -0.00465716 19
171.004 208.217 1.44612 -1.54955 -2.79987e-07 30.1039 -0.00465716 19
