402.264 251.782 3.01547 -3.11781 7.94179e-16 0 -0.00232259 0
401.764 251.77 3.01554 -3.11843 -1.63944e-05 0.500031 0.00126664 0.165821
401.265 251.758 3.01575 -3.11916 -1.49193e-05 1.00006 0.000966935 0.331631
400.765 251.747 3.01592 -3.11987 -1.35088e-05 1.50008 0.000658405 0.49743
400.265 251.736 3.01602 -3.12057 -1.21653e-05 2.0001 0.0003352 0.66322
399.765 251.726 3.01607 -3.12124 -1.08909e-05 2.50012 -7.58791e-06 0.829005
399.265 251.715 3.01607 -3.12189 -9.68719e-06 3.00014 -0.000376218 0.994787
398.765 251.706 3.01599 -3.12252 -8.55571e-06 3.50015 -0.000780406 1.16057
398.265 251.696 3.01585 -3.12313 -7.49751e-06 4.00016 -0.00122313 1.32636
397.765 251.687 3.01563 -3.12372 -6.51331e-06 4.50017 -0.00171162 1.49216
397.265 251.678 3.01532 -3.12428 -5.60348e-06 5.00018 -0.00225636 1.65797
396.765 251.669 3.01491 -3.12481 -4.76804e-06 5.50018 -0.00285861 1.8238
396.265 251.661 3.0144 -3.12532 -4.00662e-06 6.00019 -0.00352674 1.98966
395.765 251.653 3.01377 -3.12581 -3.31847e-06 6.50019 -0.00427105 2.15555
395.266 251.645 3.01301 -3.12627 -2.70247e-06 7.00019 -0.00509129 2.32147
394.766 251.637 3.01211 -3.1267 -2.15706e-06 7.50019 -0.0059969 2.48744
394.266 251.63 3.01104 -3.1271 -1.6803e-06 8.00019 -0.00699711 2.65347
393.766 251.622 3.00981 -3.12747 -1.26983e-06 8.5002 -0.00809018 2.81956
393.266 251.615 3.00838 -3.12781 -9.22821e-07 9.0002 -0.00928632 2.98572
392.766 251.608 3.00674 -3.12812 -6.36046e-07 9.5002 -0.0105929 3.15197
392.266 251.602 3.00488 -3.1284 -4.05804e-07 10.0002 -0.0120066 3.31831
391.766 251.595 3.00276 -3.12865 -2.27935e-07 10.5002 -0.0135374 3.48476
391.266 251.589 3.00038 -3.12887 -9.78084e-08 11.0002 -0.0151905 3.65134
390.766 251.582 2.99771 -3.12905 -1.03061e-08 11.5002 -0.0169604 3.81806
390.266 251.576 2.99474 -3.1292 4.0191e-08 12.0002 -0.0188557 3.98493
389.766 251.57 2.99142 -3.12931 5.9856e-08 12.5002 -0.0208787 4.15198
389.266 251.564 2.98777 -3.12939 5.55612e-08 13.0002 -0.0230215 4.31922
388.766 251.558 2.98373 -3.12943 3.51526e-08 13.5002 -0.0252886 4.48668
388.266 251.552 2.97929 -3.12944 7.57274e-09 14.0002 -0.02768 4.65439
387.766 251.545 2.97445 -3.12942 -1.79759e-08 14.5002 -0.0301834 4.82234
387.266 251.539 2.96916 -3.12938 -3.43805e-08 15.0002 -0.0327974 4.99058
386.766 251.533 2.9634 -3.12932 -3.92206e-08 15.5002 -0.0355183 5.15915
386.266 251.527 2.95717 -3.12927 -3.50385e-08 16.0002 -0.0383286 5.32805
385.766 251.521 2.95046 -3.12922 -2.66699e-08 16.5002 -0.0412183 5.49731
385.266 251.515 2.9432 -3.12917 -1.81201e-08 17.0002 -0.0441777 5.66699
384.766 251.509 2.93544 -3.12913 -1.13129e-08 17.5002 -0.0471826 5.8371
384.266 251.502 2.92715 -3.12911 -6.56089e-09 18.0002 -0.0502141 6.00765
383.767 251.496 2.9183 -3.12909 -3.44797e-09 18.5002 -0.0532479 6.17873
383.267 251.49 2.90889 -3.12908 -1.39181e-09 19.0002 -0.0562537 6.35035
382.767 251.484 2.89896 -3.12908 1.35411e-10 19.5002 -0.0592008 6.52252
382.267 251.477 2.8885 -3.12909 1.55142e-09 20.0002 -0.062052 6.69529
381.767 251.471 2.87749 -3.12911 3.16042e-09 20.5002 -0.0647536 6.86873
381.267 251.465 2.866 -3.12913 5.16215e-09 21.0002 -0.0672661 7.04284
380.767 251.459 2.85405 -3.12915 7.66219e-09 21.5002 -0.0695369 7.21765
380.267 251.452 2.84167 -3.12918 1.06834e-08 22.0002 -0.0714983 7.39321
379.767 251.446 2.82891 -3.12922 1.41769e-08 22.5002 -0.0730629 7.56958
379.267 251.44 2.81586 -3.12926 1.80332e-08 23.0002 -0.0741723 7.74674
378.767 251.434 2.80261 -3.12929 2.20933e-08 23.5002 -0.0747421 7.92471
378.267 251.428 2.78924 -3.12933 2.61598e-08 24.0002 -0.0746786 8.10352
377.767 251.422 2.77589 -3.12938 3.00082e-08 24.5002 -0.0738326 8.28323
377.267 251.415 2.76271 -3.12942 3.33977e-08 25.0002 -0.072114 8.46379
376.767 251.409 2.74987 -3.12946 3.60825e-08 25.5002 -0.0694057 8.6452
376.267 251.403 2.73755 -3.1295 3.7823e-08 26.0002 -0.0655722 8.82743
375.767 251.397 2.72599 -3.12953 3.83967e-08 26.5002 -0.0604676 9.01046
375.267 251.391 2.71545 -3.12957 3.76095e-08 27.0002 -0.0539089 9.19423
374.767 251.385 2.70627 -3.1296 3.5307e-08 27.5002 -0.045702 9.3787
374.267 251.379 2.69874 -3.12962 3.13854e-08 28.0002 -0.035721 9.56373
373.767 251.373 2.6932 -3.12964 2.58027e-08 28.5002 -0.0237911 9.7492
373.267 251.367 2.68998 -3.12966 1.85898e-08 29.0002 -0.0112572 9.93498
372.767 251.361 2.68929 -3.12966 9.86209e-09 29.5002 -0.00870614 10
372.267 251.355 2.68929 -3.12966 3.25996e-09 30.0002 -0.00870614 10
