171.755 127.175 1.82226 -1.49106 0.0420187 0 -0.138457 0
171.797 126.654 1.7848 -1.47807 0.0486589 0.522847 -0.135171 0.289925
171.846 126.129 1.74235 -1.46291 0.0552268 1.0492 -0.147813 0.588334
171.903 125.602 1.69605 -1.44302 0.06136 1.57934 -0.151317 0.896654
171.971 125.073 1.64821 -1.4186 0.0669352 2.11351 -0.147157 1.21617
172.052 124.54 1.601 -1.3899 0.0718566 2.65187 -0.137087 1.54766
172.15 124.007 1.55619 -1.35725 0.0760672 3.19451 -0.122946 1.89143
172.266 123.472 1.51533 -1.321 0.0795561 3.74147 -0.106476 2.24776
172.402 122.938 1.47925 -1.28151 0.0823609 4.29271 -0.0894446 2.616
172.561 122.406 1.44839 -1.2391 0.0845636 4.84815 -0.0734009 2.99556
172.743 121.877 1.42257 -1.19405 0.0862801 5.40771 -0.0595594 3.3855
172.95 121.352 1.40107 -1.147 0.0876459 5.9713 -0.0486732 3.7848
173.183 120.837 1.38295 -1.0986 0.0887986 6.53636 -0.0410863 4.19079
173.438 120.337 1.36715 -1.04758 0.0898609 7.09857 -0.0366127 4.5997
173.721 119.847 1.35243 -0.994456 0.0909243 7.66359 -0.034598 5.01525
174.03 119.371 1.33795 -0.939253 0.0920369 8.23128 -0.0341717 5.43728
174.367 118.911 1.32328 -0.882235 0.0932242 8.80154 -0.0342684 5.86585
174.731 118.469 1.30846 -0.824042 0.0945034 9.3743 -0.0336033 6.3011
175.121 118.047 1.29411 -0.765022 0.0956658 9.94952 -0.0309613 6.7432
175.538 117.647 1.28131 -0.705373 0.0965283 10.5271 -0.025625 7.19182
175.979 117.271 1.27149 -0.625896 0.0969148 11.107 -0.0171809 7.64623
176.564 116.848 1.26566 -0.569286 0.0963891 11.8284 -0.00259825 8.21524
177.072 116.523 1.26794 -0.50849 0.0948837 12.4315 0.0126417 8.69151
177.599 116.229 1.27808 -0.449177 0.0924778 13.0345 0.0304671 9.16547
178.141 115.968 1.29697 -0.392011 0.0891944 13.636 0.0508682 9.63295
178.694 115.739 1.3255 -0.337577 0.0851323 14.2346 0.0758493 10.0898
179.255 115.543 1.36733 -0.285453 0.0804601 14.829 0.114939 10.5317
179.825 115.375 1.42492 -0.233648 0.0800759 15.4228 0.153832 10.9575
180.403 115.238 1.4929 -0.184898 0.0741825 16.0171 0.178026 11.3651
180.977 115.13 1.563 -0.155994 0.0612296 16.6015 0.185006 11.7475
181.44 115.058 1.61585 -0.10797 0.0528273 17.0706 0.169287 12.0426
182.087 114.987 1.67548 -0.0970077 0.0362142 17.7213 0.137682 12.4378
182.516 114.946 1.71016 -0.069416 0.019843 18.1522 0.136504 12.6924
183.135 114.903 1.7614 -0.056939 0.0282488 18.7721 0.152745 13.0495
183.664 114.872 1.80995 -0.0468118 0.0310416 19.3021 0.174905 13.3464
184.105 114.852 1.85444 -0.0232904 0.0310678 19.7443 0.193955 13.5879
184.656 114.839 1.91406 -0.00732201 0.027769 20.2948 0.213076 13.8801
185.184 114.835 1.97366 0.00594085 0.0219034 20.8232 0.224144 14.1519
185.701 114.838 2.03189 0.0162573 0.0165698 21.3397 0.225998 14.4099
186.207 114.846 2.08675 0.0238688 0.0114793 21.8464 0.219099 14.6559
186.706 114.858 2.13699 0.0290728 0.00682413 22.3447 0.205206 14.8919
187.197 114.873 2.18144 0.0321979 0.00273198 22.8361 0.185043 15.1194
187.682 114.888 2.21945 0.0358547 -0.000700817 23.322 0.158905 15.3401
188.291 114.91 2.25766 0.0332555 -0.00451222 23.9311 0.120805 15.6121
188.785 114.927 2.28044 0.0318824 -0.00614026 24.4255 0.0891623 15.8299
189.278 114.942 2.29635 0.0298565 -0.00709756 24.9184 0.0590899 16.0453
189.77 114.957 2.30605 0.0274891 -0.00746453 25.4107 0.0320241 16.2592
190.262 114.97 2.31039 0.0250393 -0.00734261 25.9028 0.00907992 16.4723
190.754 114.983 2.31037 0.0227087 -0.00684313 26.3953 -0.00892368 16.6855
191.247 114.994 2.30708 0.0206414 -0.0060773 26.8885 -0.0214279 16.8991
191.741 115.004 2.30169 0.0189282 -0.0051484 27.3826 -0.0280098 17.1135
192.236 115.014 2.29545 0.0176129 -0.00414663 27.8778 -0.0292413 17.3289
192.733 115.022 2.28946 0.0167009 -0.00314629 28.3741 -0.025501 17.5454
193.23 115.031 2.28475 0.0161673 -0.00220491 28.8714 -0.0171578 17.7629
193.728 115.039 2.28215 0.015966 -0.00136376 29.3696 -0.00741489 17.9811
194.227 115.047 2.282 0.0160367 -0.000649176 29.8687 -0.0068523 18
194.727 115.055 2.282 0.0163118 -7.44772e-05 30.3684 -0.0068523 18
195.227 115.063 2.282 0.0167224 0.00035802 30.8687 -0.0068523 18
195.727 115.071 2.282 0.0172021 0.00065483 31.3693 -0.0068523 18
196.228 115.08 2.282 0.0176952 0.000829181 31.8701 -0.0068523 18
196.729 115.089 2.282 0.0176952 0.000899065 32.3711 -0.0068523 18
