169.953 237.787 1.32181 -1.62451 0.0317075 0 0.232566 0
169.929 237.335 1.32834 -1.60827 0.0319755 0.452053 -0.0370414 0.339397
169.907 236.757 1.32041 -1.58945 0.0319616 1.03031 0.000907479 0.776479
169.898 236.243 1.32719 -1.57337 0.0306423 1.54511 0.0334407 1.16567
169.896 235.729 1.34571 -1.55751 0.0279638 2.05898 0.0622862 1.55043
169.902 235.327 1.36718 -1.54741 0.026143 2.46101 0.0820245 1.84692
169.914 234.802 1.40213 -1.53544 0.0216592 2.98647 0.100855 2.22659
169.932 234.289 1.44047 -1.52635 0.016496 3.49914 0.110471 2.5874
169.955 233.786 1.47905 -1.51993 0.0115623 4.00281 0.112095 2.93241
169.98 233.29 1.51555 -1.51593 0.00697049 4.49925 0.107136 3.26393
170.007 232.8 1.54832 -1.51691 0.0028771 4.98986 0.0966087 3.58416
170.04 232.191 1.58225 -1.51476 -0.00202242 5.59963 0.076912 3.97354
170.067 231.694 1.60349 -1.51649 -0.00435479 6.09816 0.0585347 4.28644
170.094 231.197 1.61868 -1.51918 -0.00593502 6.59583 0.0396499 4.59525
170.12 230.7 1.628 -1.52249 -0.00681967 7.09298 0.0213515 4.90142
170.144 230.204 1.63189 -1.52607 -0.00710427 7.58992 0.00449073 5.20622
170.166 229.707 1.63095 -1.52968 -0.00690682 8.0869 -0.0103092 5.51078
170.187 229.211 1.62585 -1.53311 -0.0063523 8.5841 -0.0226115 5.81605
170.205 228.714 1.61738 -1.53624 -0.00556029 9.08164 -0.0321935 6.12283
170.223 228.216 1.60631 -1.53899 -0.00463665 9.57959 -0.0390096 6.43173
170.239 227.718 1.59345 -1.54134 -0.00366921 10.078 -0.0431613 6.74322
170.253 227.219 1.57956 -1.54331 -0.00272645 10.5768 -0.0448748 7.05761
170.267 226.72 1.56533 -1.54492 -0.00185833 11.0759 -0.0444671 7.37505
170.28 226.221 1.55138 -1.54623 -0.00109821 11.5754 -0.0423164 7.69558
170.292 225.721 1.53824 -1.54731 -0.000465271 12.0752 -0.0388186 8.01913
170.304 225.221 1.52628 -1.54822 3.3044e-05 12.5752 -0.0344159 8.34548
170.315 224.721 1.51575 -1.54903 0.000398701 13.0754 -0.0295111 8.67434
170.326 224.221 1.50681 -1.54978 0.000640954 13.5756 -0.0244704 9.00537
170.337 223.721 1.49949 -1.55051 0.000774341 14.0759 -0.0196163 9.33826
170.347 223.221 1.49369 -1.55124 0.000816788 14.5763 -0.0151997 9.67261
170.357 222.721 1.48923 -1.55198 0.000787868 15.0766 -0.0114155 10.0081
170.366 222.22 1.48593 -1.55271 0.000707345 15.5769 -0.00840474 10.3444
170.375 221.72 1.48348 -1.55345 0.000594021 16.0772 -0.00621533 10.6814
170.384 221.22 1.48164 -1.5542 0.000464777 16.5774 -0.00487459 11.0188
170.392 220.72 1.4801 -1.55498 0.000333769 17.0775 -0.00434975 11.3565
170.4 220.22 1.47861 -1.55578 0.000211902 17.5776 -0.00456027 11.6946
170.407 219.72 1.47693 -1.55659 0.000106678 18.0777 -0.00542964 12.033
170.414 219.22 1.47487 -1.55742 2.23742e-05 18.5777 -0.00682842 12.3717
170.421 218.72 1.47226 -1.55825 -3.95368e-05 19.0777 -0.00863442 12.711
170.427 218.22 1.46897 -1.55907 -7.98286e-05 19.5777 -0.0107172 13.051
170.433 217.72 1.46495 -1.55987 -0.000100906 20.0776 -0.0129329 13.3918
170.439 217.22 1.46014 -1.56063 -0.000106193 20.5776 -0.0151387 13.7336
170.444 216.72 1.45459 -1.56136 -9.95852e-05 21.0775 -0.0171833 14.0767
170.449 216.22 1.44837 -1.56205 -8.49845e-05 21.5775 -0.0189028 14.4211
170.453 215.72 1.4416 -1.5627 -6.59594e-05 22.0775 -0.0201177 14.7671
170.457 215.22 1.43449 -1.5633 -4.55134e-05 22.5775 -0.0206341 15.1148
170.461 214.72 1.42733 -1.56386 -2.59647e-05 23.0775 -0.0202144 15.4642
170.464 214.22 1.42047 -1.56437 -8.91791e-06 23.5775 -0.0186186 15.8154
170.467 213.72 1.41441 -1.56484 4.6923e-06 24.0775 -0.0155777 16.1682
170.47 213.22 1.40957 -1.56527 1.45079e-05 24.5776 -0.011682 16.5223
170.473 212.72 1.40605 -1.56565 2.06251e-05 25.0776 -0.00838422 16.8776
170.476 212.22 1.40336 -1.566 2.34613e-05 25.5776 -0.00712066 17.2335
170.478 211.72 1.40068 -1.56631 2.36278e-05 26.0777 -0.00824716 17.5902
170.48 211.22 1.3972 -1.56658 2.18166e-05 26.5777 -0.0114766 17.9476
170.482 210.72 1.39227 -1.56682 1.87111e-05 27.0778 -0.0162125 18.3061
170.484 210.22 1.38558 -1.56701 1.49212e-05 27.5778 -0.0206707 18.6661
170.486 209.72 1.37767 -1.56717 1.09434e-05 28.0778 -0.0224899 19.028
170.488 209.22 1.36985 -1.56729 7.14388e-06 28.5779 -0.0196213 19.392
170.49 208.72 1.36408 -1.56737 3.75913e-06 29.0779 -0.0110971 19.7579
170.492 208.22 1.36227 -1.56742 9.09982e-07 29.578 -0.00436142 20
170.493 207.72 1.36227 -1.56742 -1.02458e-06 30.078 -0.00436142 20
