259.276 249.936 3.01529 -3.12903 -3.45965e-16 0 -0.00225963 0
258.776 249.929 3.01536 -3.12901 -1.57987e-09 0.5 0.00127799 0.165821
258.276 249.923 3.01557 -3.12899 -2.63133e-10 1 0.00099724 0.331632
257.776 249.917 3.01574 -3.12898 1.63027e-10 1.5 0.000706193 0.497433
257.276 249.911 3.01585 -3.12898 1.24471e-10 2 0.000397071 0.663225
256.776 249.904 3.01592 -3.12898 -5.96204e-11 2.5 6.5576e-05 0.829013
256.277 249.898 3.01592 -3.12899 -1.65702e-10 3 -0.000294392 0.994799
255.777 249.892 3.01586 -3.129 -5.44976e-11 3.5 -0.000692514 1.16059
255.277 249.885 3.01573 -3.12901 3.40353e-10 4 -0.00113128 1.32638
254.777 249.879 3.01553 -3.12903 1.02338e-09 4.5 -0.00161775 1.49218
254.277 249.873 3.01523 -3.12905 1.9486e-09 5 -0.00216232 1.658
253.777 249.866 3.01484 -3.12907 3.03073e-09 5.5 -0.00276587 1.82383
253.277 249.86 3.01435 -3.1291 4.15638e-09 6 -0.0034366 1.98969
252.777 249.854 3.01373 -3.12912 5.19552e-09 6.5 -0.00418469 2.15558
252.277 249.848 3.01299 -3.12914 6.01248e-09 7 -0.00500958 2.3215
251.777 249.841 3.0121 -3.12916 6.47722e-09 7.5 -0.00592058 2.48747
251.277 249.835 3.01105 -3.12918 6.47667e-09 8 -0.00692677 2.6535
250.777 249.829 3.00982 -3.12919 5.92599e-09 8.5 -0.00802621 2.81959
250.277 249.823 3.0084 -3.1292 4.77967e-09 9 -0.00922897 2.98575
249.777 249.817 3.00677 -3.12921 3.04293e-09 9.5 -0.0105423 3.15199
249.277 249.81 3.00492 -3.12921 7.82014e-10 10 -0.0119626 3.31833
248.777 249.804 3.00281 -3.12921 -1.86002e-09 10.5 -0.0135001 3.48478
248.277 249.798 3.00043 -3.1292 -4.66094e-09 11 -0.0151595 3.65136
247.777 249.792 2.99777 -3.12918 -7.29894e-09 11.5 -0.0169354 3.81807
247.277 249.786 2.9948 -3.12915 -9.3445e-09 12 -0.0188363 3.98494
246.777 249.779 2.99148 -3.12912 -1.0246e-08 12.5 -0.0208645 4.15199
246.277 249.773 2.98783 -3.12907 -9.32442e-09 13 -0.0230118 4.31923
245.777 249.767 2.9838 -3.12902 -5.82419e-09 13.5 -0.0252831 4.48668
245.277 249.761 2.97936 -3.12895 8.65178e-10 14 -0.027678 4.65438
244.777 249.754 2.97451 -3.12888 1.07213e-08 14.5 -0.0301844 4.82234
244.277 249.748 2.96923 -3.12881 2.25317e-08 15 -0.0328008 4.99057
243.778 249.742 2.96347 -3.12873 3.38924e-08 15.5 -0.0355238 5.15914
243.278 249.735 2.95724 -3.12866 4.21518e-08 16 -0.0383358 5.32803
242.778 249.729 2.95053 -3.1286 4.56893e-08 16.5 -0.0412267 5.49728
242.278 249.722 2.94327 -3.12855 4.44486e-08 17 -0.0441871 5.66697
241.778 249.716 2.9355 -3.1285 3.94406e-08 17.5 -0.0471928 5.83707
241.278 249.709 2.92721 -3.12847 3.19621e-08 18 -0.0502247 6.00762
240.778 249.703 2.91835 -3.12845 2.3127e-08 18.5 -0.0532589 6.1787
240.278 249.696 2.90895 -3.12844 1.37909e-08 19 -0.0562648 6.35031
239.778 249.689 2.89902 -3.12843 4.59353e-09 19.5 -0.0592118 6.52247
239.278 249.683 2.88856 -3.12844 -3.97872e-09 20 -0.0620628 6.69524
238.778 249.676 2.87754 -3.12845 -1.15692e-08 20.5 -0.0647642 6.86869
238.278 249.67 2.86605 -3.12846 -1.79284e-08 21 -0.0672763 7.04279
237.778 249.663 2.85409 -3.12849 -2.29094e-08 21.5 -0.0695466 7.2176
237.278 249.657 2.84172 -3.12851 -2.64488e-08 22 -0.0715074 7.39316
236.778 249.65 2.82896 -3.12854 -2.85596e-08 22.5 -0.0730715 7.56952
236.278 249.644 2.81591 -3.12858 -2.93222e-08 23 -0.0741803 7.74667
235.778 249.637 2.80265 -3.12861 -2.88671e-08 23.5 -0.0747496 7.92465
235.278 249.631 2.78929 -3.12865 -2.73717e-08 24 -0.0746855 8.10346
234.778 249.624 2.77593 -3.12869 -2.50449e-08 24.5 -0.073839 8.28316
234.278 249.618 2.76275 -3.12873 -2.21133e-08 25 -0.0721199 8.46372
233.778 249.611 2.74991 -3.12877 -1.88155e-08 25.5 -0.0694114 8.64512
233.278 249.605 2.73759 -3.1288 -1.53846e-08 26 -0.0655777 8.82735
232.778 249.598 2.72603 -3.12884 -1.20406e-08 26.5 -0.0604731 9.01038
232.278 249.592 2.71549 -3.12887 -8.97298e-09 27 -0.0539141 9.19415
231.779 249.586 2.70631 -3.1289 -6.33099e-09 27.5 -0.0457075 9.37861
231.279 249.579 2.69877 -3.12892 -4.2093e-09 28 -0.035727 9.56364
230.779 249.573 2.69324 -3.12894 -2.63385e-09 28.5 -0.0237979 9.74911
230.279 249.567 2.69001 -3.12896 -1.5555e-09 29 -0.011261 9.93488
229.779 249.56 2.68932 -3.12897 -8.36671e-10 29.5 -0.00870625 10
229.279 249.554 2.68932 -3.12897 -3.70877e-10 30 -0.00870625 10
