171.666 128.712 1.92607 -1.52222 0.0236013 0 -0.118778 7.85326e-12
171.691 128.199 1.89591 -1.50983 0.0293551 0.513703 -0.122132 0.268849
171.723 127.683 1.85871 -1.49464 0.0355147 1.03029 -0.146881 0.543951
171.762 127.165 1.81472 -1.476 0.0418153 1.54986 -0.163005 0.826753
171.812 126.645 1.7658 -1.45387 0.0481197 2.07249 -0.171066 1.11863
171.873 126.123 1.71384 -1.42827 0.0542874 2.59818 -0.171831 1.42079
171.948 125.6 1.66074 -1.39929 0.0601814 3.1269 -0.16626 1.7342
172.039 125.076 1.6083 -1.36712 0.065678 3.65854 -0.155501 2.05952
172.147 124.552 1.55817 -1.332 0.0706762 4.19296 -0.14085 2.39706
172.274 124.031 1.5119 -1.29421 0.0751077 4.72995 -0.123651 2.74709
172.421 123.512 1.47043 -1.25407 0.0789432 5.26931 -0.105426 3.10886
172.59 122.997 1.4345 -1.21191 0.0821968 5.81082 -0.0875788 3.48185
172.781 122.488 1.40415 -1.16802 0.0849235 6.35426 -0.0713646 3.8649
172.994 121.987 1.37895 -1.12281 0.0872135 6.89947 -0.0577518 4.25683
173.23 121.497 1.35819 -1.07671 0.08918 7.44268 -0.0474088 4.65385
173.486 121.022 1.3407 -1.02969 0.0909446 7.98283 -0.0404578 5.05419
173.764 120.558 1.32517 -0.981656 0.0926211 8.52354 -0.0365389 5.45988
174.065 120.108 1.31054 -0.932628 0.0942979 9.0647 -0.0350146 5.87053
174.388 119.673 1.29604 -0.882576 0.0960231 9.60623 -0.0349292 6.28602
174.732 119.255 1.28131 -0.831467 0.0977922 10.1481 -0.0351038 6.7065
175.097 118.854 1.26649 -0.779297 0.0995405 10.6904 -0.034254 7.1322
175.483 118.473 1.25229 -0.726119 0.101143 11.2331 -0.0312148 7.56317
175.889 118.112 1.23988 -0.658407 0.102423 11.7764 -0.0251074 7.99922
176.422 117.7 1.22944 -0.602062 0.103375 12.4493 -0.0123846 8.54456
176.887 117.38 1.22689 -0.545228 0.102941 13.0143 0.00186332 9.00476
177.371 117.087 1.23159 -0.488931 0.10151 13.58 0.0187711 9.4652
177.871 116.821 1.24441 -0.433866 0.099007 14.1457 0.0377003 9.9224
178.383 116.584 1.26594 -0.380717 0.0954517 14.7105 0.0582091 10.3727
178.906 116.375 1.29659 -0.330082 0.0909627 15.2736 0.0832477 10.8125
179.436 116.193 1.3398 -0.281711 0.085746 15.8342 0.120571 11.2382
179.975 116.037 1.39638 -0.233356 0.0850073 16.3949 0.152568 11.6484
180.521 115.907 1.45969 -0.187559 0.0787712 16.9563 0.167154 12.0416
181.066 115.804 1.52155 -0.164892 0.0646056 17.5114 0.161116 12.414
181.497 115.732 1.56372 -0.11464 0.0553905 17.9478 0.133223 12.6968
182.136 115.658 1.6096 -0.111946 0.0375368 18.5908 0.100099 13.1018
182.546 115.612 1.63469 -0.0806406 0.0204986 19.0041 0.0985781 13.3565
183.166 115.562 1.67399 -0.0733333 0.0289716 19.6254 0.113019 13.7322
183.685 115.524 1.71157 -0.0712026 0.0318676 20.1463 0.131403 14.04
184.107 115.494 1.74549 -0.044089 0.0318416 20.5696 0.145429 14.2849
184.648 115.47 1.79209 -0.0311435 0.028216 21.1111 0.158085 14.5912
185.169 115.454 1.83855 -0.020496 0.0220167 21.6323 0.164738 14.8783
185.68 115.443 1.88406 -0.0127124 0.0165094 22.1437 0.165767 15.153
186.184 115.437 1.92739 -0.00756103 0.0112795 22.6471 0.161458 15.4172
186.68 115.433 1.96743 -0.00471639 0.00654399 23.1436 0.151993 15.6721
187.171 115.431 2.00333 0.00610015 0.00242429 23.6345 0.137627 15.9193
187.78 115.435 2.04099 -0.00338826 -0.00241768 24.2428 0.111106 16.22
188.277 115.433 2.0646 -0.0056071 -0.00471098 24.7408 0.0834326 16.4625
188.774 115.43 2.08121 -0.00869228 -0.00627054 25.2371 0.054147 16.7019
189.269 115.426 2.09054 -0.0122851 -0.00715497 25.7322 0.0258785 16.9392
189.763 115.42 2.09364 -0.0160735 -0.00745244 26.2267 0.000688206 17.1755
190.258 115.412 2.09134 -0.0198017 -0.00726985 26.7211 -0.0197126 17.4117
190.752 115.402 2.08484 -0.023274 -0.00672175 27.2156 -0.033895 17.6486
191.247 115.39 2.0758 -0.0263539 -0.00592072 27.7107 -0.0412228 17.8865
191.743 115.377 2.06584 -0.0289591 -0.00497008 28.2065 -0.041053 18.1259
192.239 115.363 2.05658 -0.0310536 -0.00395911 28.7031 -0.0351702 18.3669
192.736 115.348 2.0492 -0.0326395 -0.00296062 29.2006 -0.0249882 18.6092
193.234 115.331 2.04475 -0.0337475 -0.00203027 29.6989 -0.0115999 18.8527
193.733 115.315 2.04348 -0.0344286 -0.00120732 30.198 -0.00557366 19
194.233 115.297 2.04348 -0.0347464 -0.00051604 30.6978 -0.00557366 19
194.733 115.28 2.04348 -0.0347713 3.22826e-05 31.1982 -0.00557366 19
195.233 115.263 2.04348 -0.0347713 0.000437795 31.6991 -0.00557366 19
