170.027 238.678 1.20993 -1.66551 0.0524748 0 0.102144 0
169.989 238.288 1.22916 -1.64004 0.0471815 0.392424 0.0714655 0.321678
169.945 237.651 1.27955 -1.6158 0.031805 1.03004 0.12043 0.830806
169.922 237.124 1.33497 -1.59648 0.0321626 1.55766 0.155192 1.23477
169.911 236.728 1.38457 -1.58325 0.0320202 1.95461 0.185033 1.52687
169.904 236.151 1.46861 -1.56378 0.0307289 2.53083 0.231273 1.93121
169.908 235.598 1.56105 -1.5462 0.0280834 3.08382 0.275088 2.29674
169.921 235.07 1.65777 -1.53125 0.0241758 3.61244 0.31259 2.62527
169.941 234.561 1.75567 -1.5197 0.0192762 4.12198 0.342168 2.92395
169.967 234.054 1.85506 -1.51081 0.0141719 4.62911 0.364424 3.20507
169.997 233.55 1.95376 -1.50448 0.00939728 5.13396 0.379293 3.47005
170.031 233.049 2.05015 -1.49995 0.00502563 5.63675 0.387262 3.72126
170.065 232.559 2.14108 -1.49776 0.0012249 6.12767 0.388448 3.95545
170.101 232.075 2.2269 -1.49743 -0.00188379 6.61276 0.383037 4.17762
170.136 231.594 2.30733 -1.49844 -0.00424017 7.09564 0.370862 4.39066
170.171 231.113 2.38184 -1.50045 -0.00584559 7.57758 0.353239 4.59623
170.205 230.632 2.45018 -1.50311 -0.00675489 8.05968 0.331302 4.79574
170.238 230.15 2.51222 -1.50613 -0.0070623 8.54282 0.306026 4.9904
170.269 229.666 2.56793 -1.50925 -0.00688504 9.02767 0.278179 5.1812
170.299 229.18 2.6174 -1.51231 -0.00634773 9.51466 0.249153 5.36897
170.328 228.692 2.66089 -1.52256 -0.00556995 10.004 0.220448 5.55435
170.357 228.075 2.7077 -1.51852 -0.00417524 10.6211 0.186505 5.78422
170.383 227.577 2.73952 -1.52051 -0.00322116 11.1201 0.161902 5.96738
170.408 227.078 2.76682 -1.52218 -0.00231735 11.6194 0.139643 6.14872
170.433 226.579 2.79013 -1.52358 -0.00150563 12.1191 0.11955 6.32855
170.456 226.08 2.80991 -1.52477 -0.000812303 12.619 0.101403 6.5071
170.479 225.58 2.8264 -1.5258 -0.000250616 13.1191 0.0849908 6.68453
170.502 225.08 2.84001 -1.52675 0.000176966 13.6194 0.0699287 6.86107
170.524 224.581 2.85106 -1.52766 0.00047654 14.1197 0.0558649 7.0369
170.545 224.081 2.85972 -1.52856 0.00066062 14.6202 0.0425223 7.21215
170.567 223.581 2.86603 -1.52948 0.00074594 15.1206 0.0296656 7.38693
170.587 223.081 2.87005 -1.52211 0.000751418 15.621 0.0170762 7.5614
170.606 222.706 2.87173 -1.53151 0.000732384 15.9963 0.00772705 7.69214
170.625 222.205 2.87194 -1.53244 0.000654846 16.4979 -0.00470901 7.86676
170.644 221.704 2.87002 -1.5334 0.000544611 16.9991 -0.0171451 8.04132
170.663 221.203 2.86597 -1.53439 0.000418345 17.4999 -0.029603 8.21594
170.681 220.703 2.85972 -1.53539 0.00029009 18.0005 -0.0420647 8.39078
170.699 220.203 2.85121 -1.53642 0.00017072 18.5008 -0.0544707 8.56599
170.716 219.703 2.84055 -1.53745 6.7759e-05 19.0009 -0.0667365 8.74171
170.733 219.204 2.82774 -1.53848 -1.44671e-05 19.5009 -0.0787641 8.91809
170.749 218.704 2.81277 -1.5395 -7.44329e-05 20.0007 -0.0904345 9.09531
170.765 218.204 2.7956 -1.54049 -0.000112868 20.5006 -0.101589 9.27357
170.78 217.705 2.7764 -1.54144 -0.000132145 21.0004 -0.112119 9.45296
170.795 217.205 2.75525 -1.54235 -0.000135664 21.5002 -0.121887 9.63366
170.809 216.706 2.73225 -1.54321 -0.000127304 22 -0.130744 9.8158
170.823 216.206 2.70752 -1.54402 -0.000110961 22.4999 -0.138532 9.99954
170.836 215.706 2.68116 -1.54476 -9.02004e-05 22.9998 -0.145022 10.1851
170.849 215.206 2.65347 -1.54545 -6.80286e-05 23.4997 -0.150072 10.3726
170.862 214.707 2.62469 -1.54607 -4.67686e-05 23.9997 -0.153466 10.562
170.874 214.207 2.59511 -1.54664 -2.80309e-05 24.4997 -0.154957 10.7536
170.886 213.707 2.56512 -1.54715 -1.2756e-05 24.9997 -0.15426 10.9474
170.898 213.207 2.53514 -1.54761 -1.30596e-06 25.4998 -0.151077 11.1435
170.91 212.707 2.50571 -1.54801 6.41299e-06 25.9998 -0.145248 11.3419
170.921 212.207 2.47738 -1.54836 1.08188e-05 26.4998 -0.136688 11.5426
170.932 211.707 2.45075 -1.54866 1.25254e-05 26.9999 -0.125299 11.7455
170.943 211.207 2.42648 -1.54891 1.22302e-05 27.4999 -0.110959 11.9506
170.954 210.707 2.40526 -1.54911 1.06237e-05 27.9999 -0.0936067 12.1576
170.965 210.208 2.38777 -1.54926 8.32455e-06 28.5 -0.0736042 12.3663
170.976 209.708 2.37458 -1.54936 5.83884e-06 29 -0.0515737 12.5763
170.986 209.208 2.36612 -1.54941 3.54279e-06 29.5 -0.0281706 12.7873
170.997 208.708 2.36239 -1.54941 1.51897e-06 30 -0.00911976 12.9988
