194.244 116.009 2.43355 0.0231691 -0.000661309 0 0.511693 0
194.744 116.021 2.52707 0.0201658 -0.00013225 0.499892 0.429349 0.201419
195.244 116.031 2.60536 0.0169549 0.000332423 1.00005 0.375006 0.396237
195.744 116.04 2.67148 0.0141001 0.000654578 1.50041 0.324192 0.585762
196.244 116.047 2.72698 0.0115395 0.000848158 2.00088 0.27618 0.771079
196.745 116.052 2.77301 0.0092204 0.000931935 2.50142 0.230452 0.953027
197.245 116.057 2.81041 0.00710064 0.000927448 3.00197 0.186591 1.1323
197.746 116.061 2.83987 0.00514916 0.000857132 3.50249 0.144268 1.30946
198.246 116.063 2.86154 0.00334552 0.000742702 4.00296 0.10331 1.48498
198.747 116.065 2.87595 0.00167894 0.000603842 4.50337 0.0635196 1.65936
199.247 116.066 2.88363 0.000146868 0.000457261 5.00371 0.024753 1.83307
199.747 116.066 2.88481 -0.00124679 0.000316126 5.50398 -0.0130515 2.00649
200.248 116.065 2.87923 -0.00249348 0.000189861 6.00418 -0.04986 2.18002
200.748 116.064 2.86733 -0.00358184 8.42826e-05 6.50433 -0.0857185 2.35407
201.248 116.062 2.84932 -0.00449935 1.99293e-06 7.00444 -0.120631 2.529
201.748 116.06 2.82521 -0.00523397 -5.70354e-05 7.50452 -0.154562 2.70518
202.248 116.057 2.79468 -0.00577613 -9.47616e-05 8.00458 -0.187402 2.88314
202.748 116.054 2.75797 -0.00612169 -0.000114326 8.50464 -0.219127 3.06326
203.248 116.051 2.71512 -0.00627623 -0.000119328 9.0047 -0.249659 3.24597
203.748 116.048 2.66602 -0.00625923 -0.000113284 9.50477 -0.278874 3.43179
204.248 116.045 2.61056 -0.00610484 -9.94242e-05 10.0049 -0.306604 3.62127
204.748 116.042 2.54861 -0.00585622 -8.0782e-05 10.5049 -0.332622 3.81508
205.248 116.039 2.48005 -0.00555561 -6.02795e-05 11.0051 -0.356622 4.01395
205.748 116.036 2.40475 -0.0052358 -4.05068e-05 11.5052 -0.378267 4.21871
206.249 116.034 2.32262 -0.00491754 -2.33745e-05 12.0053 -0.397325 4.43031
206.749 116.031 2.23355 -0.00461185 -9.9379e-06 12.5054 -0.413486 4.64985
207.249 116.029 2.13746 -0.004324 -4.75957e-07 13.0055 -0.426283 4.87859
207.749 116.027 2.03415 -0.00405655 5.28534e-06 13.5057 -0.434912 5.11833
208.249 116.025 1.92363 -0.00381086 7.94319e-06 14.0058 -0.438847 5.37111
208.749 116.023 1.80594 -0.00358773 8.24024e-06 14.5059 -0.437947 5.63935
209.249 116.021 1.68109 -0.00338748 6.94009e-06 15.0061 -0.431852 5.92617
209.749 116.019 1.54906 -0.0032101 4.74302e-06 15.5062 -0.419869 6.23593
210.25 116.018 1.41006 -0.0030553 2.2334e-06 16.0063 -0.401705 6.57402
210.75 116.016 1.26421 -0.00292254 -1.46481e-07 16.5064 -0.377064 6.94833
211.25 116.015 1.11191 -0.00281114 -2.10106e-06 17.0065 -0.345261 7.36962
211.75 116.013 0.954234 -0.00272032 -3.46986e-06 17.5066 -0.304446 7.85454
212.25 116.012 0.794764 -0.0026493 -4.20512e-06 18.0067 -0.250787 8.42803
212.75 116.011 0.643524 -0.00259729 -4.34398e-06 18.5068 -0.181491 9.12737
213.25 116.009 0.523301 -0.00256355 -3.97956e-06 19.0069 -0.0963763 9.99353
213.75 116.008 0.474441 -0.00254646 -3.23427e-06 19.507 -0.00420825 11
214.25 116.007 0 -0.00254646 -2.46695e-06 20.0071 0 11
