378.267 251.426 3.01528 -3.1299 6.19702e-17 0 -0.00218145 0
377.767 251.42 3.01535 -3.12986 -8.6514e-08 0.5 0.00127958 0.165821
377.267 251.415 3.01557 -3.12982 -6.81171e-08 1 0.000998596 0.331632
376.767 251.409 3.01574 -3.12979 -5.29158e-08 1.5 0.000707351 0.497433
376.267 251.403 3.01585 -3.12976 -4.03468e-08 2 0.000398072 0.663226
375.767 251.397 3.01592 -3.12974 -2.99541e-08 2.5 6.64495e-05 0.829014
375.267 251.391 3.01592 -3.12973 -2.13783e-08 3 -0.000293619 0.994799
374.767 251.385 3.01586 -3.12972 -1.43452e-08 3.5 -0.000691816 1.16059
374.267 251.379 3.01573 -3.12971 -8.65475e-09 4 -0.00113064 1.32638
373.767 251.373 3.01553 -3.12971 -4.16981e-09 4.5 -0.00161715 1.49218
373.267 251.367 3.01523 -3.12971 -8.05312e-10 5 -0.00216175 1.658
372.767 251.361 3.01484 -3.12971 1.4833e-09 5.5 -0.00276532 1.82383
372.267 251.355 3.01435 -3.12971 2.71088e-09 6 -0.00343606 1.98969
371.767 251.349 3.01373 -3.12971 2.87386e-09 6.5 -0.00418417 2.15558
371.267 251.343 3.01299 -3.12971 1.96156e-09 7 -0.00500907 2.3215
370.767 251.338 3.0121 -3.12971 -3.27755e-11 7.5 -0.00592008 2.48748
370.268 251.332 3.01105 -3.12971 -3.10081e-09 8 -0.00692629 2.6535
369.768 251.326 3.00982 -3.1297 -7.20775e-09 8.5 -0.00802575 2.81959
369.268 251.32 3.00841 -3.1297 -1.22813e-08 9 -0.00922853 2.98575
368.768 251.314 3.00677 -3.12968 -1.82003e-08 9.5 -0.0105419 3.15199
368.268 251.308 3.00492 -3.12966 -2.47836e-08 10 -0.0119623 3.31833
367.768 251.302 3.00281 -3.12964 -3.17786e-08 10.5 -0.0134998 3.48478
367.268 251.296 3.00043 -3.12961 -3.88502e-08 11 -0.0151592 3.65136
366.768 251.29 2.99777 -3.12957 -4.55681e-08 11.5 -0.0169352 3.81807
366.268 251.284 2.9948 -3.12952 -5.13907e-08 12 -0.0188362 3.98494
365.768 251.278 2.99149 -3.12947 -5.56376e-08 12.5 -0.0208644 4.15199
365.268 251.272 2.98783 -3.1294 -5.74471e-08 13 -0.0230118 4.31923
364.768 251.266 2.9838 -3.12933 -5.57617e-08 13.5 -0.0252832 4.48669
364.268 251.26 2.97936 -3.12925 -4.95014e-08 14 -0.0276782 4.65439
363.768 251.253 2.97451 -3.12916 -3.81226e-08 14.5 -0.0301847 4.82234
363.268 251.247 2.96923 -3.12907 -2.24306e-08 15 -0.0328012 4.99057
362.768 251.241 2.96347 -3.12897 -4.90469e-09 15.5 -0.0355242 5.15914
362.268 251.235 2.95724 -3.12889 1.11391e-08 16 -0.0383363 5.32803
361.768 251.228 2.95053 -3.12881 2.30756e-08 16.5 -0.0412272 5.49729
361.268 251.222 2.94327 -3.12874 2.98993e-08 17 -0.0441877 5.66697
360.768 251.215 2.9355 -3.12868 3.20081e-08 17.5 -0.0471933 5.83707
360.268 251.209 2.92721 -3.12864 3.04419e-08 18 -0.0502252 6.00762
359.768 251.202 2.91835 -3.1286 2.63055e-08 18.5 -0.0532594 6.1787
359.268 251.196 2.90895 -3.12858 2.05498e-08 19 -0.0562652 6.35031
358.768 251.189 2.89902 -3.12856 1.39481e-08 19.5 -0.0592122 6.52248
358.268 251.183 2.88856 -3.12855 7.11948e-09 20 -0.0620632 6.69524
357.768 251.176 2.87754 -3.12855 5.49463e-10 20.5 -0.0647645 6.86869
357.269 251.17 2.86605 -3.12856 -5.39553e-09 21 -0.0672766 7.04279
356.769 251.163 2.85409 -3.12857 -1.04563e-08 21.5 -0.0695468 7.2176
356.269 251.157 2.84172 -3.12859 -1.44694e-08 22 -0.0715076 7.39316
355.769 251.15 2.82896 -3.12861 -1.73561e-08 22.5 -0.0730716 7.56952
355.269 251.144 2.81591 -3.12863 -1.91109e-08 23 -0.0741804 7.74668
354.769 251.137 2.80265 -3.12866 -1.97903e-08 23.5 -0.0747496 7.92465
354.269 251.131 2.78929 -3.12869 -1.95016e-08 24 -0.0746856 8.10346
353.769 251.124 2.77593 -3.12873 -1.83918e-08 24.5 -0.073839 8.28316
353.269 251.118 2.76275 -3.12876 -1.66363e-08 25 -0.0721199 8.46372
352.769 251.112 2.74991 -3.12879 -1.44276e-08 25.5 -0.0694114 8.64513
352.269 251.105 2.73759 -3.12883 -1.19641e-08 26 -0.0655777 8.82736
351.769 251.099 2.72603 -3.12886 -9.43915e-09 26.5 -0.060473 9.01038
351.269 251.092 2.71549 -3.12889 -7.02939e-09 27 -0.053914 9.19415
350.769 251.086 2.70631 -3.12891 -4.884e-09 27.5 -0.0457075 9.37861
350.269 251.08 2.69877 -3.12893 -3.11325e-09 28 -0.0357269 9.56364
349.769 251.073 2.69324 -3.12895 -1.77731e-09 28.5 -0.0237978 9.74911
349.269 251.067 2.69001 -3.12896 -8.75132e-10 29 -0.011261 9.93488
348.769 251.061 2.68932 -3.12897 -3.33261e-10 29.5 -0.00870625 10
348.269 251.055 2.68932 -3.12897 -9.07054e-11 30 -0.00870625 10
