368.768 251.313 3.01529 -3.12946 2.59342e-15 0 -0.00225958 0
368.268 251.307 3.01536 -3.12942 -4.6991e-08 0.5 0.00127817 0.165821
367.768 251.301 3.01557 -3.12938 -3.47743e-08 1 0.000997338 0.331632
367.268 251.295 3.01574 -3.12934 -2.53932e-08 1.5 0.000706228 0.497433
366.768 251.289 3.01585 -3.12932 -1.82064e-08 2 0.000397065 0.663225
366.268 251.282 3.01592 -3.1293 -1.26904e-08 2.5 6.55432e-05 0.829013
365.768 251.276 3.01592 -3.12928 -8.42843e-09 3 -0.000294439 0.994799
365.268 251.27 3.01586 -3.12927 -5.09981e-09 3.5 -0.000692564 1.16059
364.768 251.264 3.01573 -3.12927 -2.46797e-09 4 -0.00113133 1.32638
364.268 251.258 3.01553 -3.12927 -3.69715e-10 4.5 -0.00161779 1.49218
363.768 251.252 3.01523 -3.12927 1.29624e-09 5 -0.00216235 1.658
363.268 251.246 3.01484 -3.12928 2.58041e-09 5.5 -0.00276589 1.82383
362.768 251.239 3.01435 -3.12928 3.49383e-09 6 -0.00343661 1.98969
362.268 251.233 3.01373 -3.12929 4.01909e-09 6.5 -0.00418469 2.15558
361.768 251.227 3.01299 -3.1293 4.12183e-09 7 -0.00500958 2.3215
361.268 251.221 3.0121 -3.1293 3.76178e-09 7.5 -0.00592057 2.48747
360.768 251.215 3.01105 -3.12931 2.90422e-09 8 -0.00692676 2.6535
360.268 251.209 3.00982 -3.12931 1.53093e-09 8.5 -0.0080262 2.81959
359.768 251.202 3.0084 -3.12931 -3.48289e-10 9 -0.00922896 2.98575
359.268 251.196 3.00677 -3.1293 -2.6846e-09 9.5 -0.0105423 3.15199
358.768 251.19 3.00492 -3.12929 -5.37851e-09 10 -0.0119626 3.31833
358.268 251.184 3.00281 -3.12928 -8.26905e-09 10.5 -0.0135001 3.48478
357.768 251.178 3.00043 -3.12926 -1.11221e-08 11 -0.0151595 3.65136
357.268 251.172 2.99777 -3.12923 -1.36189e-08 11.5 -0.0169354 3.81807
356.769 251.166 2.9948 -3.1292 -1.53432e-08 12 -0.0188363 3.98494
356.269 251.159 2.99148 -3.12916 -1.57668e-08 12.5 -0.0208645 4.15199
355.769 251.153 2.98783 -3.1291 -1.42413e-08 13 -0.0230119 4.31923
355.269 251.147 2.9838 -3.12904 -1.00457e-08 13.5 -0.0252831 4.48668
354.769 251.141 2.97936 -3.12898 -2.60223e-09 14 -0.027678 4.65438
354.269 251.134 2.97451 -3.1289 8.03818e-09 14.5 -0.0301844 4.82234
353.769 251.128 2.96923 -3.12882 2.06444e-08 15 -0.0328009 4.99057
353.269 251.122 2.96347 -3.12875 3.27959e-08 15.5 -0.0355239 5.15914
352.769 251.115 2.95724 -3.12867 4.18157e-08 16 -0.0383358 5.32803
352.269 251.109 2.95053 -3.12861 4.60503e-08 16.5 -0.0412268 5.49729
351.769 251.102 2.94327 -3.12855 4.54013e-08 17 -0.0441872 5.66697
351.269 251.096 2.9355 -3.12851 4.08521e-08 17.5 -0.0471928 5.83707
350.769 251.089 2.92721 -3.12848 3.36868e-08 18 -0.0502248 6.00762
350.269 251.083 2.91835 -3.12845 2.50307e-08 18.5 -0.0532589 6.1787
349.769 251.076 2.90895 -3.12844 1.57534e-08 19 -0.0562648 6.35031
349.269 251.069 2.89902 -3.12843 6.515e-09 19.5 -0.0592118 6.52247
348.769 251.063 2.88856 -3.12843 -2.18138e-09 20 -0.0620628 6.69524
348.269 251.056 2.87754 -3.12844 -9.96065e-09 20.5 -0.0647642 6.86869
347.769 251.05 2.86605 -3.12846 -1.65595e-08 21 -0.0672763 7.04279
347.269 251.043 2.85409 -3.12848 -2.18145e-08 21.5 -0.0695466 7.2176
346.769 251.037 2.84172 -3.1285 -2.565e-08 22 -0.0715074 7.39316
346.269 251.03 2.82896 -3.12853 -2.80674e-08 22.5 -0.0730715 7.56952
345.769 251.023 2.81591 -3.12856 -2.9134e-08 23 -0.0741803 7.74667
345.269 251.017 2.80265 -3.1286 -2.89712e-08 23.5 -0.0747495 7.92465
344.77 251.01 2.78929 -3.12864 -2.77437e-08 24 -0.0746855 8.10346
344.27 251.004 2.77593 -3.12867 -2.56484e-08 24.5 -0.0738389 8.28316
343.77 250.998 2.76275 -3.12871 -2.29026e-08 25 -0.0721199 8.46372
343.27 250.991 2.74991 -3.12875 -1.97336e-08 25.5 -0.0694114 8.64512
342.77 250.985 2.73759 -3.12879 -1.63669e-08 26 -0.0655777 8.82735
342.27 250.978 2.72603 -3.12882 -1.30152e-08 26.5 -0.0604731 9.01038
341.77 250.972 2.71549 -3.12885 -9.86717e-09 27 -0.0539141 9.19415
341.27 250.966 2.70631 -3.12888 -7.07655e-09 27.5 -0.0457075 9.37861
340.77 250.959 2.69877 -3.12891 -4.75141e-09 28 -0.035727 9.56364
340.27 250.953 2.69324 -3.12893 -2.93873e-09 28.5 -0.0237979 9.74911
339.77 250.946 2.69001 -3.12894 -1.62228e-09 29 -0.011261 9.93488
339.27 250.94 2.68932 -3.12895 -7.02215e-10 29.5 -0.00870625 10
338.77 250.934 2.68932 -3.12895 -2.0883e-10 30 -0.00870625 10
