276.264 117.364 0.0108535 -0.05863 4.56928e-09 0 0.00448353 0
276.765 117.335 0.958956 -0.0564921 -0.000376328 0.50137 0.803414 1.22025
277.265 117.307 1.27307 -0.0539743 -0.000354799 1.00266 0.609224 1.66634
277.766 117.28 1.46915 -0.0515158 -0.000334247 1.50386 0.469514 2.03079
278.266 117.254 1.60382 -0.0491159 -0.000314642 2.00498 0.360636 2.35626
278.767 117.229 1.69945 -0.0467741 -0.000295954 2.50602 0.272503 2.65922
279.267 117.206 1.7674 -0.0444896 -0.000278155 3.00699 0.199837 2.94793
279.767 117.184 1.81466 -0.0422619 -0.000261215 3.50788 0.139347 3.2274
280.268 117.162 1.84587 -0.0400903 -0.000245106 4.00871 0.0888341 3.50092
280.768 117.142 1.8639 -0.037974 -0.000229798 4.50948 0.0470299 3.77072
281.269 117.123 1.87172 -0.0359124 -0.000215263 5.01019 0.0124275 4.03868
281.769 117.105 1.87124 -0.0339048 -0.000201474 5.51085 -0.0158941 4.30611
282.269 117.088 1.86379 -0.0319503 -0.000188403 6.01145 -0.0384998 4.57411
282.769 117.072 1.85092 -0.0300482 -0.000176023 6.51201 -0.0562131 4.84356
283.27 117.057 1.83378 -0.0281978 -0.000164308 7.01253 -0.0696226 5.11516
283.77 117.043 1.8133 -0.0263982 -0.00015323 7.513 -0.0791722 5.38958
284.27 117.03 1.79037 -0.0246486 -0.000142766 8.01344 -0.0853348 5.66732
284.771 117.018 1.76584 -0.0229483 -0.000132888 8.51383 -0.0886084 5.94874
285.271 117.006 1.74039 -0.0212964 -0.000123573 9.0142 -0.0893947 6.23414
285.771 116.996 1.71465 -0.019692 -0.000114796 9.51454 -0.0880796 6.52376
286.271 116.986 1.68917 -0.0181343 -0.000106533 10.0148 -0.0850329 6.81773
286.771 116.977 1.66443 -0.0166224 -9.87613e-05 10.5151 -0.0806059 7.1161
287.272 116.968 1.64084 -0.0151555 -9.14584e-05 11.0154 -0.0751292 7.41884
287.772 116.961 1.61873 -0.0137326 -8.46021e-05 11.5156 -0.0689081 7.7258
288.272 116.954 1.59834 -0.0123529 -7.8171e-05 12.0158 -0.0622203 8.03682
288.772 116.948 1.57984 -0.0110155 -7.21434e-05 12.516 -0.055312 8.35163
289.272 116.942 1.56333 -0.00971956 -6.64958e-05 13.0162 -0.0483972 8.66992
289.772 116.937 1.54885 -0.00846456 -6.12e-05 13.5163 -0.041656 8.99135
290.272 116.933 1.5364 -0.00725036 -5.62188e-05 14.0165 -0.0352421 9.31561
290.773 116.929 1.52589 -0.00607759 -5.15078e-05 14.5166 -0.0292721 9.64229
291.273 116.926 1.51717 -0.00494772 -4.70262e-05 15.0167 -0.0238281 9.97101
291.773 116.924 1.5101 -0.00386273 -4.2754e-05 15.5168 -0.0189698 10.3014
292.273 116.922 1.50454 -0.00282457 -3.87003e-05 16.0169 -0.0147509 10.6332
292.773 116.921 1.50024 -0.00183451 -3.48931e-05 16.517 -0.0111724 10.9661
293.273 116.92 1.49701 -0.000893028 -3.13591e-05 17.0171 -0.00823721 11.2998
293.773 116.919 1.49466 1.57377e-07 -2.81098e-05 17.5171 -0.00595626 11.6341
294.273 116.919 1.49296 0.000845739 -2.51409e-05 18.0172 -0.00429361 11.9689
294.773 116.92 1.49171 0.00164461 -2.24385e-05 18.5172 -0.00322966 12.304
295.273 116.92 1.49072 0.00239772 -1.99848e-05 19.0173 -0.00275278 12.6393
295.773 116.922 1.4898 0.00310606 -1.77618e-05 19.5173 -0.0028195 12.9749
296.273 116.923 1.48877 0.00377062 -1.57517e-05 20.0174 -0.00340648 13.3106
296.773 116.925 1.48745 0.00439238 -1.39378e-05 20.5174 -0.00449003 13.6466
297.273 116.927 1.4857 0.00497235 -1.23041e-05 21.0174 -0.00602795 13.983
297.773 116.93 1.48335 0.00551151 -1.08353e-05 21.5175 -0.0079939 14.3198
298.273 116.933 1.48026 0.00601088 -9.51694e-06 22.0175 -0.0103478 14.6572
298.773 116.936 1.47632 0.00647145 -8.33552e-06 22.5175 -0.0130393 14.9954
299.273 116.939 1.47139 0.00689423 -7.27816e-06 23.0175 -0.0160219 15.3347
299.773 116.942 1.46539 0.00728022 -6.33278e-06 23.5175 -0.0192196 15.6752
300.273 116.946 1.45826 0.00763045 -5.48803e-06 24.0176 -0.0225482 16.0172
300.773 116.95 1.44992 0.00794591 -4.73328e-06 24.5176 -0.0258972 16.3611
301.273 116.954 1.4404 0.00822763 -4.05861e-06 25.0176 -0.0291279 16.707
301.773 116.958 1.42973 0.00847661 -3.45481e-06 25.5176 -0.0320563 17.0554
302.273 116.962 1.41804 0.00869388 -2.9133e-06 26.0176 -0.0344708 17.4066
302.773 116.966 1.40551 0.00888045 -2.42617e-06 26.5176 -0.0360726 17.7608
303.273 116.971 1.3925 0.00903735 -1.98614e-06 27.0176 -0.0365389 18.1181
303.773 116.975 1.37947 0.00916559 -1.58655e-06 27.5176 -0.0354345 18.4789
304.273 116.98 1.36708 0.00926621 -1.22132e-06 28.0177 -0.0322564 18.8431
304.773 116.985 1.35621 0.00934022 -8.84954e-07 28.5177 -0.0264532 19.2103
305.273 116.989 1.34802 0.00938865 -5.725e-07 29.0177 -0.0173196 19.5802
305.773 116.994 1.34386 0.00941377 -2.79547e-07 29.5177 -0.00529158 19.9518
306.273 116.999 1.3436 0.00941377 -8.95487e-08 30.0177 -0.00434814 20
