169.989 238.293 1.22953 -1.64189 0.0471497 0 0.0719909 0
169.952 237.77 1.23778 -1.62251 0.0317392 0.525028 0.0297105 0.425506
169.93 237.335 1.25313 -1.60571 0.0320041 0.960427 0.058511 0.775335
169.909 236.74 1.29062 -1.58438 0.0320076 1.55533 0.102385 1.24368
169.902 236.226 1.33852 -1.56692 0.0307127 2.07007 0.142262 1.63565
169.904 235.712 1.39925 -1.54704 0.0280645 2.58384 0.181618 2.01138
169.913 235.327 1.45217 -1.53902 0.0262679 2.96907 0.209515 2.28167
169.93 234.802 1.53192 -1.52561 0.0218152 3.49435 0.242309 2.63389
169.953 234.29 1.61511 -1.51514 0.016671 4.00685 0.26747 2.95972
169.981 233.787 1.69929 -1.50741 0.011738 4.51039 0.285713 3.26367
170.012 233.292 1.78255 -1.50751 0.00714354 5.00677 0.297267 3.54882
170.051 232.675 1.88377 -1.49989 0.00122004 5.62403 0.302416 3.88567
170.087 232.177 1.96225 -1.4993 -0.00188549 6.12393 0.30101 4.14553
170.122 231.679 2.03682 -1.50014 -0.00423923 6.62268 0.295844 4.3951
170.158 231.183 2.10686 -1.50203 -0.00584255 7.12067 0.287195 4.63531
170.192 230.686 2.17235 -1.50458 -0.00675024 7.61823 0.275618 4.86784
170.225 230.19 2.2331 -1.50747 -0.00705647 8.11565 0.261386 5.09373
170.256 229.693 2.28877 -1.51045 -0.00687836 8.61316 0.244656 5.31371
170.286 229.197 2.33939 -1.51332 -0.00634045 9.11091 0.226281 5.52874
170.315 228.699 2.38505 -1.51595 -0.00556225 9.609 0.206866 5.73955
170.342 228.202 2.42583 -1.51803 -0.00464987 10.1075 0.186738 5.94675
170.368 227.707 2.46165 -1.52001 -0.00369147 10.6031 0.166517 6.14952
170.393 227.211 2.49303 -1.52177 -0.00275598 11.0992 0.147069 6.34977
170.418 226.714 2.52042 -1.52322 -0.00189381 11.5972 0.128853 6.5484
170.442 226.215 2.54416 -1.52442 -0.00113873 12.0967 0.112028 6.74562
170.465 225.715 2.56458 -1.52543 -0.000510246 12.5973 0.0965361 6.9416
170.488 225.214 2.58199 -1.52631 -1.59966e-05 13.0988 0.0822208 7.13646
170.51 224.712 2.59663 -1.52713 0.000345995 13.6008 0.0688802 7.33031
170.532 224.211 2.60871 -1.52794 0.000585222 14.103 0.0562905 7.52326
170.553 223.709 2.61839 -1.52875 0.000716621 14.6052 0.0442858 7.71542
170.574 223.207 2.62577 -1.52957 0.000758465 15.107 0.0327483 7.90676
170.595 222.708 2.63096 -1.5305 0.000730398 15.6074 0.0216331 8.09713
170.615 222.208 2.63401 -1.53146 0.000651916 16.1077 0.0108116 8.28719
170.635 221.708 2.63503 -1.53246 0.000541338 16.608 0.000102336 8.47708
170.654 221.208 2.63402 -1.53348 0.000415064 17.1083 -0.0106385 8.66696
170.673 220.708 2.63096 -1.53453 0.000286934 17.6085 -0.0215237 8.85696
170.691 220.208 2.62581 -1.53559 0.000167721 18.1087 -0.0326403 9.04724
170.708 219.708 2.6185 -1.53666 6.49189e-05 18.6088 -0.0439886 9.23795
170.725 219.208 2.60901 -1.53772 -1.71489e-05 19.1089 -0.055359 9.42926
170.742 218.709 2.59731 -1.53877 -7.69565e-05 19.6089 -0.0664777 9.62134
170.758 218.209 2.58346 -1.5398 -0.000115233 20.109 -0.0770582 9.81436
170.774 217.709 2.56756 -1.54079 -0.00013435 20.609 -0.0868006 10.0085
170.789 217.209 2.54974 -1.54174 -0.000137709 21.109 -0.0954578 10.2039
170.803 216.71 2.53021 -1.54263 -0.00012919 21.609 -0.102982 10.4007
170.817 216.21 2.50912 -1.54347 -0.000112691 22.109 -0.109368 10.5992
170.831 215.71 2.48669 -1.54426 -9.17787e-05 22.609 -0.114608 10.7993
170.844 215.21 2.46311 -1.54498 -6.94609e-05 23.109 -0.118676 11.0014
170.857 214.71 2.43859 -1.54565 -4.80622e-05 23.6091 -0.121528 11.2054
170.87 214.21 2.41336 -1.54626 -2.91942e-05 24.1091 -0.123107 11.4115
170.882 213.71 2.38767 -1.54681 -1.37982e-05 24.6091 -0.123331 11.6198
170.894 213.211 2.36181 -1.54731 -2.23743e-06 25.1091 -0.122094 11.8304
170.906 212.711 2.3361 -1.54776 5.58137e-06 25.6091 -0.119258 12.0433
170.917 212.211 2.3109 -1.54816 1.00755e-05 26.1091 -0.114656 12.2585
170.928 211.711 2.28664 -1.5485 1.18584e-05 26.6091 -0.10809 12.476
170.94 211.211 2.26379 -1.5488 1.16269e-05 27.1092 -0.0993303 12.6957
170.951 210.711 2.24299 -1.54905 1.00711e-05 27.6092 -0.0880174 12.9177
170.961 210.211 2.22485 -1.54925 7.80914e-06 28.1092 -0.073963 13.1415
170.972 209.711 2.20999 -1.54939 5.34661e-06 28.6092 -0.0574352 13.3671
170.983 209.212 2.19896 -1.54949 3.05919e-06 29.1092 -0.0390424 13.5939
170.993 208.712 2.19234 -1.54955 1.19285e-06 29.6092 -0.0193975 13.8217
171.004 208.212 2.19 -1.54955 -2.79987e-07 30.1092 -0.00780049 14
