169.923 234.544 1.62849 -1.53435 0.0190526 0 0.392741 0
169.941 234.036 1.74744 -1.52981 0.0138922 0.507688 0.390251 0.300735
169.967 233.41 1.87749 -1.5265 0.00686508 1.13474 0.359242 0.646279
169.989 232.908 1.96742 -1.527 0.002773 1.63694 0.325928 0.907565
170.011 232.408 2.04421 -1.5293 -0.000664058 2.13734 0.288943 1.15681
170.032 231.91 2.10974 -1.53301 -0.0033574 2.6363 0.251436 1.39711
170.051 231.412 2.16483 -1.53774 -0.00528227 3.13418 0.215999 1.6299
170.067 230.915 2.2109 -1.54309 -0.00647295 3.63135 0.184528 1.85706
170.081 230.419 2.24981 -1.54871 -0.00701042 4.12814 0.158334 2.0798
170.092 229.922 2.28288 -1.55431 -0.00700614 4.62483 0.137488 2.29898
170.1 229.425 2.31112 -1.55974 -0.00658541 5.12164 0.121487 2.5152
170.105 228.931 2.33586 -1.56486 -0.00587313 5.61591 0.109612 2.72789
170.108 228.441 2.35799 -1.56925 -0.00498351 6.10558 0.101177 2.93651
170.109 227.949 2.37852 -1.57313 -0.00401388 6.59771 0.0953945 3.1443
170.108 227.455 2.39798 -1.57647 -0.00304216 7.09218 0.091615 3.35133
170.105 226.958 2.41672 -1.57933 -0.00212687 7.58876 0.0891571 3.5576
170.101 226.46 2.43493 -1.58173 -0.00130873 8.08714 0.0873054 3.76304
170.095 225.96 2.45267 -1.58375 -0.000612986 8.587 0.0853154 3.96757
170.089 225.459 2.46985 -1.58544 -5.19271e-05 9.08797 0.0827973 4.17111
170.082 224.957 2.48637 -1.58689 0.000372665 9.58973 0.0798032 4.37358
170.074 224.455 2.50212 -1.58814 0.000667248 10.092 0.0760569 4.57493
170.065 223.953 2.51693 -1.58926 0.000844454 10.5944 0.0712461 4.77514
170.056 223.45 2.53055 -1.5903 0.000921188 11.0969 0.0650703 4.97423
170.046 222.948 2.54272 -1.5913 0.000916866 11.5993 0.0573107 5.17225
170.035 222.446 2.55313 -1.59227 0.000851795 12.1013 0.047938 5.36929
170.025 221.944 2.5615 -1.59325 0.000745694 12.6031 0.0369888 5.56549
170.013 221.443 2.56756 -1.59422 0.000616363 13.1046 0.0245694 5.76101
170.002 220.942 2.57104 -1.59518 0.000478572 13.6057 0.0108357 5.95604
169.989 220.441 2.57173 -1.5961 0.00034346 14.1066 -0.00400854 6.1508
169.977 219.941 2.56944 -1.59693 0.000218893 14.6072 -0.0197262 6.34553
169.964 219.441 2.56403 -1.59764 0.000110727 15.1077 -0.0360543 6.54049
169.95 218.94 2.55537 -1.59821 2.37871e-05 15.608 -0.0527093 6.73593
169.937 218.44 2.5434 -1.59865 -3.86824e-05 16.1083 -0.0693819 6.93213
169.923 217.94 2.5281 -1.59901 -7.64535e-05 16.6085 -0.0857461 7.12937
169.909 217.44 2.50951 -1.59932 -9.26682e-05 17.1087 -0.101465 7.32794
169.894 216.94 2.48771 -1.5996 -9.2492e-05 17.609 -0.116188 7.52812
169.88 216.44 2.46286 -1.59986 -8.13346e-05 18.1092 -0.129554 7.73022
169.865 215.94 2.43517 -1.60012 -6.38317e-05 18.6096 -0.14117 7.93451
169.851 215.44 2.40497 -1.60036 -4.36224e-05 19.11 -0.150634 8.14126
169.836 214.94 2.37264 -1.60059 -2.34354e-05 19.6104 -0.157702 8.35075
169.821 214.439 2.33862 -1.60081 -5.19322e-06 20.1109 -0.162211 8.5632
169.806 213.939 2.30341 -1.60103 9.9041e-06 20.6114 -0.16396 8.77882
169.791 213.439 2.26759 -1.60123 2.12832e-05 21.112 -0.162693 8.99779
169.776 212.938 2.23186 -1.60143 2.88788e-05 21.6126 -0.158117 9.22035
169.76 212.438 2.19692 -1.60162 3.30008e-05 22.1132 -0.150734 9.44646
169.745 211.938 2.16336 -1.6018 3.4201e-05 22.6138 -0.14111 9.67607
169.729 211.437 2.13174 -1.60197 3.31525e-05 23.1144 -0.129798 9.90917
169.714 210.937 2.10254 -1.60214 3.05497e-05 23.615 -0.117392 10.1457
169.698 210.437 2.07591 -1.60231 2.70324e-05 24.1155 -0.104572 10.3853
169.682 209.936 2.0521 -1.60246 2.31374e-05 24.6161 -0.0919926 10.6279
169.666 209.436 2.03099 -1.60261 1.92725e-05 25.1167 -0.0803281 10.8731
169.65 208.936 2.01237 -1.60274 1.57118e-05 25.6173 -0.0702427 11.1207
169.634 208.435 1.9959 -1.60287 1.26052e-05 26.1179 -0.0618243 11.3705
169.618 207.935 1.98127 -1.60298 9.99916e-06 26.6185 -0.0544726 11.6223
169.602 207.435 1.96834 -1.60309 7.86187e-06 27.1191 -0.0475302 11.8758
169.586 206.934 1.95714 -1.60317 6.10959e-06 27.6197 -0.0402651 12.1309
169.57 206.434 1.94784 -1.60324 4.6313e-06 28.1203 -0.0319374 12.3873
169.554 205.934 1.94092 -1.6033 3.30897e-06 28.6209 -0.0216935 12.6448
169.537 205.433 1.93686 -1.60334 2.0328e-06 29.1215 -0.00892107 12.903
169.521 204.933 1.93612 -1.60336 7.11073e-07 29.6221 -0.00624118 13
169.505 204.433 1.93612 -1.60336 -1.06626e-07 30.1227 -0.00624118 13
