245.277 249.759 3.01555 -3.12902 1.13842e-14 0 -0.00161754 0
244.777 249.753 3.01562 -3.129 -7.62206e-10 0.5 0.00105681 0.165806
244.277 249.747 3.0158 -3.12898 2.09302e-10 1 0.000791827 0.331603
243.778 249.74 3.01594 -3.12897 3.75589e-10 1.5 0.000516182 0.497392
243.278 249.734 3.01602 -3.12897 1.53152e-10 2 0.000221977 0.663174
242.778 249.728 3.01606 -3.12897 -1.53042e-10 2.5 -9.50887e-05 0.828954
242.278 249.721 3.01604 -3.12898 -3.29083e-10 3 -0.000441173 0.994732
241.778 249.715 3.01595 -3.12899 -2.47381e-10 3.5 -0.000826028 1.16051
241.278 249.709 3.01581 -3.12901 1.5292e-10 4 -0.00125211 1.3263
240.778 249.703 3.01558 -3.12903 8.64398e-10 4.5 -0.00172655 1.4921
240.278 249.696 3.01527 -3.12905 1.83616e-09 5 -0.00225975 1.65791
239.778 249.69 3.01486 -3.12907 2.97428e-09 5.5 -0.00285255 1.82375
239.278 249.684 3.01436 -3.12909 4.16117e-09 6 -0.00351319 1.9896
238.778 249.678 3.01373 -3.12912 5.26049e-09 6.5 -0.00425187 2.15549
238.278 249.671 3.01297 -3.12914 6.13467e-09 7 -0.00506795 2.32142
237.778 249.665 3.01208 -3.12916 6.64815e-09 7.5 -0.00597081 2.48739
237.278 249.659 3.01101 -3.12918 6.68651e-09 8 -0.00696947 2.65342
236.778 249.653 3.00978 -3.12919 6.16348e-09 8.5 -0.00806195 2.81951
236.278 249.646 3.00836 -3.12921 5.03022e-09 9 -0.00925837 2.98567
235.778 249.64 3.00672 -3.12921 3.29197e-09 9.5 -0.0105659 3.15192
235.278 249.634 3.00486 -3.12922 1.01222e-09 10 -0.011981 3.31826
234.778 249.628 3.00276 -3.12921 -1.67254e-09 10.5 -0.0135137 3.48471
234.278 249.622 3.00037 -3.1292 -4.53867e-09 11 -0.0151688 3.65129
233.778 249.615 2.99771 -3.12918 -7.26937e-09 11.5 -0.0169409 3.81801
233.278 249.609 2.99474 -3.12916 -9.43565e-09 12 -0.0188385 3.98488
232.778 249.603 2.99143 -3.12912 -1.04864e-08 12.5 -0.0208637 4.15194
232.278 249.597 2.98777 -3.12907 -9.73639e-09 13 -0.0230085 4.31918
231.778 249.591 2.98374 -3.12902 -6.41796e-09 13.5 -0.0252776 4.48664
231.278 249.584 2.9793 -3.12896 1.01286e-10 14 -0.0276706 4.65434
230.779 249.578 2.97446 -3.12888 9.83152e-09 14.5 -0.0301754 4.82229
230.279 249.572 2.96917 -3.12881 2.1598e-08 15 -0.0327907 4.99053
229.779 249.565 2.96341 -3.12873 3.30322e-08 15.5 -0.0355127 5.1591
229.279 249.559 2.95719 -3.12866 4.15084e-08 16 -0.0383239 5.328
228.779 249.552 2.95048 -3.1286 4.5427e-08 16.5 -0.0412144 5.49725
228.279 249.546 2.94322 -3.12855 4.47365e-08 17 -0.0441745 5.66694
227.779 249.539 2.93545 -3.12851 4.04274e-08 17.5 -0.04718 5.83704
227.279 249.533 2.92717 -3.12848 3.37442e-08 18 -0.050212 6.0076
226.779 249.526 2.91831 -3.12845 2.57036e-08 18.5 -0.0532464 6.17868
226.279 249.52 2.90891 -3.12844 1.7004e-08 19 -0.0562526 6.35029
225.779 249.513 2.89898 -3.12844 8.08277e-09 19.5 -0.0592001 6.52246
225.279 249.506 2.88852 -3.12844 -8.21486e-10 20 -0.0620517 6.69523
224.779 249.5 2.87751 -3.12845 -9.60376e-09 20.5 -0.0647537 6.86867
224.279 249.493 2.86602 -3.12847 -1.82272e-08 21 -0.0672666 7.04278
223.779 249.487 2.85406 -3.12849 -2.66506e-08 21.5 -0.0695377 7.21759
223.279 249.48 2.84169 -3.12851 -3.47355e-08 22 -0.0714994 7.39315
222.779 249.474 2.82893 -3.12855 -4.21523e-08 22.5 -0.0730643 7.56951
222.279 249.467 2.81588 -3.12858 -4.83117e-08 23 -0.0741741 7.74667
221.779 249.461 2.80263 -3.12862 -5.23049e-08 23.5 -0.0747442 7.92465
221.279 249.454 2.78926 -3.12865 -5.29136e-08 24 -0.0746812 8.10346
220.779 249.448 2.77591 -3.12869 -4.86935e-08 24.5 -0.0738355 8.28316
220.279 249.441 2.76273 -3.12873 -3.81493e-08 25 -0.0721173 8.46372
219.779 249.435 2.74988 -3.12877 -2.00111e-08 25.5 -0.0694095 8.64513
219.28 249.428 2.73757 -3.12881 6.37391e-09 26 -0.0655765 8.82736
218.78 249.422 2.726 -3.12884 4.05843e-08 26.5 -0.0604723 9.01038
218.28 249.416 2.71547 -3.12887 8.06486e-08 27 -0.0539136 9.19416
217.78 249.409 2.70629 -3.1289 1.22598e-07 27.5 -0.0457071 9.37862
217.28 249.403 2.69875 -3.12893 1.6021e-07 28 -0.0357264 9.56365
216.78 249.397 2.69321 -3.12895 1.85004e-07 28.5 -0.0237969 9.74913
216.28 249.39 2.68999 -3.12896 1.86663e-07 29 -0.0112604 9.9349
215.78 249.384 2.6893 -3.12897 1.53967e-07 29.5 -0.00870627 10
215.28 249.378 2.6893 -3.12897 7.62061e-08 30 -0.00870627 10
