216.78 249.4 3.01589 -3.12903 1.87173e-07 0 -0.00198145 0
216.28 249.394 3.01532 -3.12901 1.8601e-07 0.5 -0.0043354 0.165803
215.78 249.388 3.01461 -3.12899 1.54015e-07 1 -0.00447954 0.331641
215.28 249.381 3.01389 -3.12898 7.64241e-08 1.5 -0.00463894 0.497518
214.78 249.375 3.01313 -3.12898 -5.44658e-08 2 -0.00482135 0.663438
214.28 249.369 3.01233 -3.12898 -2.41186e-07 2.5 -0.00502972 0.829399
213.78 249.362 3.0115 -3.12899 -4.78164e-07 3 -0.00526913 0.995404
213.28 249.356 3.01063 -3.129 -7.48869e-07 3.5 -0.00554797 1.16146
212.78 249.35 3.0097 -3.12901 -1.02352e-06 4 -0.00586676 1.32756
212.28 249.344 3.00872 -3.12903 -1.25795e-06 4.5 -0.00623026 1.49371
211.78 249.337 3.00767 -3.12905 -1.39433e-06 5 -0.00664617 1.65993
211.28 249.331 3.00655 -3.12908 -1.36437e-06 5.5 -0.00711271 1.8262
210.78 249.325 3.00534 -3.1291 -1.09553e-06 5.99999 -0.00763385 1.99253
210.28 249.318 3.00404 -3.12912 -5.20545e-07 6.49999 -0.00821576 2.15894
209.78 249.312 3.00263 -3.12914 4.09899e-07 6.99999 -0.00885456 2.32542
209.28 249.306 3.00112 -3.12916 1.71193e-06 7.49999 -0.009553 2.49198
208.78 249.3 2.99948 -3.12918 3.35195e-06 7.99999 -0.0103156 2.65863
208.28 249.294 2.9977 -3.12919 5.23075e-06 8.49999 -0.0111369 2.82537
207.78 249.287 2.99579 -3.1292 7.17069e-06 9 -0.0120187 2.99222
207.28 249.281 2.99371 -3.1292 8.90915e-06 9.5 -0.0129648 3.15918
206.78 249.275 2.99148 -3.1292 1.01012e-05 10 -0.0139696 3.32626
206.28 249.269 2.98907 -3.12919 1.03353e-05 10.5 -0.0150346 3.49347
205.78 249.263 2.98647 -3.12917 9.16333e-06 11 -0.0161645 3.66082
205.281 249.256 2.98367 -3.12915 6.14797e-06 11.5 -0.0173543 3.82832
204.781 249.25 2.98067 -3.12913 9.25935e-07 12 -0.0186051 3.99598
204.281 249.244 2.97744 -3.12909 -6.71475e-06 12.5 -0.0199228 4.16382
203.781 249.238 2.97399 -3.12906 -1.67486e-05 13 -0.0213005 4.33184
203.281 249.231 2.9703 -3.12902 -2.88256e-05 13.5 -0.0227358 4.50006
202.781 249.225 2.96635 -3.12897 -4.2193e-05 14 -0.0242298 4.6685
202.281 249.219 2.96214 -3.12893 -5.56399e-05 14.4999 -0.0257669 4.83716
201.781 249.212 2.95767 -3.12889 -6.74768e-05 14.9999 -0.0273341 5.00606
201.281 249.206 2.95291 -3.12885 -7.55653e-05 15.4998 -0.0289108 5.17523
200.781 249.2 2.94788 -3.12882 -7.74087e-05 15.9998 -0.0304656 5.34468
200.281 249.193 2.9426 -3.12879 -7.03148e-05 16.4997 -0.0319638 5.51442
199.781 249.187 2.93705 -3.12876 -5.16369e-05 16.9997 -0.0333531 5.68449
199.281 249.181 2.93126 -3.12873 -1.90891e-05 17.4997 -0.0345725 5.85489
198.781 249.174 2.92527 -3.12868 2.88738e-05 17.9996 -0.0355684 6.02562
198.282 249.168 2.91913 -3.12862 9.26369e-05 18.4996 -0.0362718 6.19671
197.782 249.161 2.91288 -3.12852 0.000170996 18.9996 -0.0365799 6.3682
197.281 249.155 2.9066 -3.12838 0.000260761 19.4997 -0.0364561 6.54007
196.781 249.148 2.90037 -3.12821 0.00035644 19.9999 -0.0358454 6.71233
196.281 249.141 2.89428 -3.12799 0.000450057 20.5002 -0.0346772 6.88499
195.781 249.135 2.88843 -3.12774 0.000531158 21.0005 -0.0329342 7.05804
195.281 249.128 2.88292 -3.12747 0.000587039 21.5009 -0.0306544 7.23145
194.78 249.121 2.87782 -3.1272 0.000603257 22.0013 -0.0278793 7.40519
194.28 249.113 2.87325 -3.12695 0.000564401 22.5018 -0.0246613 7.57925
193.779 249.106 2.86927 -3.12676 0.000455169 23.0023 -0.021168 7.75356
193.279 249.099 2.86588 -3.12667 0.000261678 23.5027 -0.017558 7.92807
192.779 249.091 2.86311 -3.12672 -2.70008e-05 24.0029 -0.0140076 8.10268
192.279 249.084 2.86097 -3.12697 -0.000417169 24.5027 -0.0107679 8.27731
191.78 249.076 2.85934 -3.12747 -0.000908773 25.0021 -0.00802666 8.45192
191.281 249.069 2.85812 -3.12825 -0.00149372 25.5011 -0.00594343 8.62648
190.782 249.063 2.8572 -3.12936 -0.00215433 25.9996 -0.00464283 8.80093
190.284 249.057 2.85644 -3.13082 -0.00286214 26.4977 -0.00422261 8.97526
189.787 249.051 2.85568 -3.13263 -0.00357703 26.9951 -0.00451457 9.14945
189.29 249.047 2.85484 -3.13476 -0.00424706 27.4921 -0.00527078 9.32351
188.793 249.043 2.85385 -3.13716 -0.00480899 27.9887 -0.00608438 9.49747
188.297 249.041 2.85277 -3.13975 -0.00518968 28.4849 -0.00621498 9.67139
187.801 249.04 2.8518 3.1408 -0.00530864 28.981 -0.0047874 9.84533
187.305 249.041 2.85119 3.13828 -0.00508144 29.4772 -0.00302609 10
186.808 249.042 2.85119 3.13828 -0.0044243 29.9738 -0.00302609 10
