276.264 117.362 0.013253 -0.0589012 4.57887e-09 0 0.0178819 0
276.765 117.332 0.907379 -0.0567415 -0.000381541 0.50138 0.710499 1.23906
277.265 117.304 1.20233 -0.0541982 -0.000359599 1.00268 0.540208 1.71168
277.766 117.277 1.38705 -0.0517149 -0.000338654 1.50389 0.418493 2.09779
278.266 117.251 1.51426 -0.0492912 -0.000318678 2.00502 0.323685 2.44231
278.767 117.226 1.6055 -0.0469263 -0.000299641 2.50606 0.2467 2.7631
279.267 117.203 1.67098 -0.0446196 -0.000281511 3.00703 0.183228 3.06861
279.767 117.18 1.71713 -0.0423705 -0.00026426 3.50793 0.130509 3.36406
280.268 117.159 1.74832 -0.0401783 -0.000247857 4.00876 0.0866402 3.65292
280.768 117.139 1.76768 -0.0380423 -0.000232274 4.50953 0.0502392 3.93763
281.269 117.12 1.77756 -0.0359618 -0.000217481 5.01025 0.0202528 4.22
281.769 117.102 1.77978 -0.033936 -0.000203451 5.5109 -0.00415609 4.50139
282.269 117.085 1.77573 -0.0319643 -0.000190155 6.01151 -0.0235878 4.78292
282.77 117.069 1.76682 -0.0300458 -0.000177565 6.51207 -0.0387492 5.06547
283.27 117.054 1.7541 -0.0281798 -0.000165654 7.01258 -0.050168 5.34973
283.77 117.04 1.7385 -0.0263654 -0.000154396 7.51306 -0.0583115 5.63629
284.27 117.027 1.72081 -0.0246019 -0.000143763 8.01349 -0.0636094 5.92559
284.771 117.014 1.70175 -0.0228885 -0.000133731 8.51389 -0.0664616 6.21798
285.271 117.003 1.68193 -0.0212242 -0.000124273 9.01425 -0.0672427 6.51372
285.771 116.992 1.66192 -0.0196084 -0.000115365 9.51459 -0.0663041 6.81298
286.271 116.982 1.64216 -0.01804 -0.000106982 10.0149 -0.0639738 7.11584
286.771 116.973 1.62306 -0.0165183 -9.91019e-05 10.5152 -0.060556 7.42229
287.272 116.965 1.60494 -0.0150423 -9.16999e-05 11.0154 -0.0563288 7.73227
287.772 116.958 1.58803 -0.0136113 -8.47542e-05 11.5157 -0.0515433 8.04563
288.272 116.951 1.57252 -0.0122242 -7.82426e-05 12.0159 -0.0464216 8.36219
288.772 116.945 1.55852 -0.0108802 -7.21431e-05 12.5161 -0.0411569 8.68171
289.272 116.939 1.54609 -0.00957848 -6.64318e-05 13.0162 -0.0359132 9.00394
289.772 116.934 1.53528 -0.0083185 -6.10804e-05 13.5164 -0.0308306 9.32861
290.273 116.93 1.526 -0.00710009 -5.6052e-05 14.0165 -0.0260149 9.6554
290.773 116.927 1.51819 -0.00592383 -5.1303e-05 14.5166 -0.0215475 9.98399
291.273 116.924 1.51176 -0.00479106 -4.67938e-05 15.0168 -0.0174929 10.3141
291.773 116.921 1.50657 -0.00370367 -4.25045e-05 15.5169 -0.0138922 10.6455
292.273 116.919 1.50249 -0.00266343 -3.84432e-05 16.0169 -0.0107611 10.9779
292.773 116.918 1.49935 -0.00167155 -3.46357e-05 16.517 -0.00811301 11.3111
293.273 116.917 1.49702 -0.000728385 -3.11059e-05 17.0171 -0.00595109 11.6449
293.773 116.917 1.49532 0.000166378 -2.78634e-05 17.5172 -0.00425604 11.9792
294.273 116.917 1.49412 0.00101345 -2.49025e-05 18.0172 -0.00301839 12.3137
294.773 116.917 1.49325 0.00181374 -2.22088e-05 18.5173 -0.00222187 12.6485
295.273 116.918 1.49258 0.00256821 -1.97644e-05 19.0173 -0.00183738 12.9835
295.773 116.92 1.49198 0.00327783 -1.75511e-05 19.5174 -0.00184937 13.3185
296.273 116.921 1.4913 0.0039436 -1.5551e-05 20.0174 -0.00223379 13.6538
296.773 116.923 1.49044 0.00456651 -1.37474e-05 20.5174 -0.00296178 13.9892
297.273 116.926 1.48927 0.00514755 -1.21241e-05 21.0175 -0.00401589 14.3248
297.773 116.928 1.4877 0.00568773 -1.06659e-05 21.5175 -0.00536542 14.6607
298.273 116.931 1.48564 0.00618805 -9.3583e-06 22.0175 -0.00697856 14.997
298.773 116.934 1.48298 0.0066495 -8.18771e-06 22.5175 -0.0088282 15.3339
299.273 116.937 1.47966 0.00707311 -7.14121e-06 23.0175 -0.0108674 15.6714
299.773 116.941 1.47562 0.00745987 -6.20668e-06 23.5176 -0.0130481 16.0098
300.273 116.945 1.4708 0.00781079 -5.37273e-06 24.0176 -0.0153099 16.3492
300.773 116.949 1.46521 0.00812689 -4.62872e-06 24.5176 -0.0175754 16.6898
301.273 116.953 1.45882 0.00840919 -3.96468e-06 25.0176 -0.0197476 17.0318
301.773 116.957 1.45169 0.00865869 -3.37135e-06 25.5176 -0.02171 17.3753
302.273 116.961 1.4439 0.00887642 -2.84015e-06 26.0176 -0.0233149 17.7207
302.773 116.966 1.4356 0.0090634 -2.36312e-06 26.5176 -0.0243814 18.068
303.273 116.97 1.42701 0.00922064 -1.93297e-06 27.0176 -0.0246985 18.4173
303.773 116.975 1.41842 0.00934917 -1.543e-06 27.5177 -0.0239985 18.7688
304.273 116.979 1.41025 0.00945001 -1.18711e-06 28.0177 -0.0219717 19.1223
304.773 116.984 1.40313 0.00952419 -8.59781e-07 28.5177 -0.0175434 19.4778
305.273 116.989 1.39833 0.00957274 -5.56042e-07 29.0177 -0.00851009 19.8348
305.773 116.994 1.39728 0.00959791 -2.71461e-07 29.5177 -0.00443401 20
306.273 116.999 1.39728 0.00959791 -8.69466e-08 30.0177 -0.00443401 20
