171.691 128.201 1.89591 -1.51222 0.029452 0 -0.122132 1.39087e-12
171.721 127.685 1.85942 -1.51298 0.035496 0.516572 -0.145528 0.275096
171.751 127.167 1.81505 -1.51244 0.0429178 1.03629 -0.166439 0.557923
171.782 126.644 1.76465 -1.50634 0.0500506 1.55969 -0.176735 0.850315
171.816 126.118 1.71067 -1.4947 0.056757 2.08734 -0.177496 1.15396
171.856 125.587 1.65551 -1.47765 0.0629042 2.6197 -0.170151 1.47028
171.906 125.052 1.60147 -1.4554 0.0683769 3.15718 -0.156355 1.8003
171.969 124.512 1.55076 -1.42824 0.0730904 3.70009 -0.137776 2.14499
172.047 123.969 1.50502 -1.39652 0.0770031 4.24863 -0.11648 2.50408
172.143 123.423 1.46573 -1.36063 0.0801232 4.80291 -0.0943321 2.87746
172.26 122.876 1.43345 -1.32097 0.0825101 5.36292 -0.0731425 3.26398
172.399 122.328 1.40815 -1.27788 0.0842674 5.92858 -0.0544194 3.66228
172.564 121.781 1.38915 -1.23205 0.0855313 6.49978 -0.039233 4.07082
172.755 121.238 1.37526 -1.18462 0.0864532 7.07477 -0.0281678 4.48692
172.972 120.707 1.36503 -1.13367 0.0871817 7.64842 -0.0212919 4.90567
173.216 120.184 1.35679 -1.08017 0.087845 8.2263 -0.0180696 5.33034
173.49 119.67 1.34918 -1.02413 0.088536 8.80817 -0.0177127 5.76041
173.795 119.17 1.34118 -0.965576 0.0893016 9.39385 -0.0192404 6.19577
174.13 118.685 1.33219 -0.904488 0.0901383 9.98316 -0.0215755 6.63663
174.496 118.219 1.32206 -0.840969 0.0909943 10.5759 -0.0236358 7.08326
174.894 117.775 1.31113 -0.775636 0.09183 11.1719 -0.0243529 7.53594
175.321 117.356 1.30026 -0.690819 0.0926349 11.7708 -0.0225516 7.99463
175.883 116.892 1.28922 -0.629727 0.0931629 12.4988 -0.0159914 8.55704
176.386 116.525 1.2835 -0.563552 0.0926347 13.122 -0.00720578 9.04162
176.914 116.192 1.28267 -0.498822 0.0913503 13.7462 0.00417504 9.52826
177.461 115.893 1.28794 -0.436172 0.0892562 14.3696 0.018021 10.0135
178.024 115.631 1.30038 -0.376234 0.0863598 14.9905 0.0342831 10.4935
178.598 115.404 1.32093 -0.319565 0.0827315 15.6071 0.0540622 10.9642
179.178 115.212 1.35264 -0.265788 0.0785039 16.218 0.0867359 11.4217
179.766 115.052 1.39929 -0.212843 0.0780805 16.8276 0.122462 11.8651
180.361 114.924 1.45669 -0.163158 0.0729831 17.437 0.144729 12.2922
180.95 114.827 1.51662 -0.129234 0.0609777 18.034 0.150174 12.6938
181.417 114.766 1.56075 -0.0885698 0.0530683 18.5049 0.134366 12.9998
182.08 114.707 1.609 -0.0681021 0.036833 19.1699 0.100681 13.419
182.505 114.678 1.63463 -0.049285 0.0218325 19.5958 0.0962808 13.6816
183.134 114.647 1.67314 -0.0334133 0.0277758 20.2263 0.108401 14.0629
183.667 114.629 1.71025 -0.0190757 0.0307293 20.7597 0.127648 14.3783
184.106 114.621 1.7448 -0.00130877 0.0309351 21.1978 0.144493 14.632
184.659 114.62 1.79279 0.0152751 0.0281147 21.7513 0.161265 14.945
185.19 114.628 1.8415 0.0287413 0.0224699 22.282 0.171466 15.237
185.708 114.643 1.8898 0.0391896 0.0171264 22.8001 0.175505 15.5148
186.215 114.663 1.93622 0.0468873 0.0120393 23.3078 0.173409 15.7802
186.713 114.686 1.97946 0.0521217 0.00735572 23.8067 0.165298 16.0349
187.204 114.712 2.01833 0.0552135 0.0032094 24.2982 0.149289 16.2808
187.689 114.739 2.05127 0.0538781 -0.000295481 24.784 0.125778 16.5195
188.304 114.772 2.08345 0.0552956 -0.00422656 25.4003 0.0896675 16.8175
188.798 114.799 2.10106 0.0537097 -0.00593657 25.8943 0.0602254 17.0535
189.29 114.826 2.112 0.0514485 -0.00696835 26.3869 0.0330646 17.2873
189.781 114.851 2.11693 0.0488288 -0.0073986 26.8788 0.0102275 17.5199
190.272 114.875 2.11719 0.0461154 -0.00732702 27.3706 -0.00680464 17.7522
190.764 114.898 2.11433 0.043516 -0.00686484 27.8628 -0.0170636 17.9848
191.256 114.919 2.10985 0.04118 -0.00612428 28.3559 -0.0205169 18.2182
191.75 114.94 2.10517 0.0392025 -0.00521035 28.8499 -0.0188542 18.4527
192.245 114.959 2.1013 0.0376309 -0.0042152 29.345 -0.0133378 18.6881
192.741 114.978 2.09909 0.0364729 -0.00321511 29.8413 -0.00548463 18.9244
193.238 114.996 2.09872 0.0357054 -0.00226943 30.3387 -0.0039869 19
193.736 115.014 2.09872 0.0352829 -0.001421 30.837 -0.0039869 19
194.235 115.031 2.09872 0.0351454 -0.000697513 31.3362 -0.0039869 19
194.734 115.049 2.09872 0.0352254 -0.000113353 31.8361 -0.0039869 19
195.234 115.066 2.09872 0.0354574 0.00032831 32.3364 -0.0039869 19
195.735 115.084 2.09872 0.0354574 0.000634343 32.8371 -0.0039869 19
