191.27 115.943 1.21699 0.0222898 -0.00604515 0 1.59811 9.45794e-09
191.761 115.954 1.64052 0.0215593 -0.00512905 0.490757 0.922219 0.337957
192.254 115.965 1.84394 0.021544 -0.00413123 0.983734 0.610761 0.619863
192.749 115.975 1.99093 0.0218672 -0.00313351 1.47885 0.529688 0.877821
193.246 115.986 2.11048 0.0225106 -0.00219301 1.97588 0.457912 1.12004
193.744 115.997 2.20855 0.0234338 -0.00135111 2.47457 0.393966 1.35074
194.244 116.009 2.28973 0.0245814 -0.000634566 2.97458 0.336425 1.57299
194.745 116.021 2.35672 0.0258887 -5.72356e-05 3.47561 0.284284 1.78863
195.247 116.034 2.41159 0.0272881 0.000378016 3.97735 0.23667 1.99906
195.749 116.048 2.45581 0.0287136 0.000677238 4.47951 0.192875 2.20531
196.251 116.062 2.49079 0.0301045 0.000853313 4.98185 0.152197 2.40835
196.753 116.078 2.51746 0.0314083 0.000923911 5.48417 0.114115 2.6089
197.255 116.093 2.53656 0.0325822 0.000909539 5.98633 0.0782058 2.80757
197.756 116.11 2.54863 0.0335942 0.000831755 6.48821 0.0441295 3.00492
198.258 116.127 2.55412 0.0344227 0.00071159 6.98976 0.0116168 3.20146
198.759 116.144 2.55332 0.035056 0.00056827 7.49095 -0.0195319 3.39768
199.259 116.161 2.5465 0.0354916 0.000418269 7.9918 -0.0494745 3.59406
199.759 116.179 2.53388 0.035736 0.000274734 8.49234 -0.0783237 3.79108
200.259 116.197 2.51558 0.0358048 0.000147283 8.99261 -0.106148 3.98919
200.759 116.215 2.49169 0.0357238 4.20825e-05 9.49267 -0.132983 4.18889
201.259 116.233 2.46224 0.0355278 -3.79027e-05 9.99258 -0.158833 4.39067
201.758 116.251 2.42724 0.0352553 -9.25337e-05 10.4924 -0.183676 4.59507
202.258 116.268 2.38664 0.0349425 -0.000123959 10.9922 -0.207453 4.80266
202.757 116.286 2.34031 0.0346176 -0.00013587 11.4919 -0.230062 5.01412
203.257 116.303 2.28825 0.0342994 -0.000132702 11.9917 -0.251382 5.23008
203.756 116.32 2.2304 0.0339986 -0.000118986 12.4915 -0.271224 5.45128
204.256 116.337 2.1667 0.0337208 -9.89085e-05 12.9914 -0.289324 5.67856
204.755 116.354 2.09698 0.0334686 -7.60523e-05 13.4913 -0.305256 5.91298
205.255 116.371 2.02114 0.0332423 -5.32571e-05 13.9912 -0.318438 6.15587
205.755 116.387 1.93948 0.0330415 -3.25731e-05 14.4912 -0.328574 6.40819
206.254 116.404 1.85182 0.0328647 -1.52894e-05 14.9913 -0.335107 6.67207
206.754 116.42 1.75855 0.0327102 -2.01966e-06 15.4914 -0.337469 6.94912
207.254 116.437 1.66011 0.0325763 7.17297e-06 15.9915 -0.334703 7.24169
207.754 116.453 1.55726 0.0324615 1.26326e-05 16.4915 -0.325994 7.55262
208.254 116.469 1.45129 0.0323643 1.49669e-05 16.9916 -0.310412 7.88504
208.754 116.485 1.34428 0.0322838 1.49167e-05 17.4917 -0.286311 8.24312
209.253 116.501 1.23966 0.0322196 1.32466e-05 17.9918 -0.252657 8.63049
209.753 116.517 1.14248 0.0321715 1.06633e-05 18.4919 -0.208511 9.05093
210.253 116.534 1.05976 0.0321394 7.7617e-06 18.992 -0.15379 9.50577
210.753 116.55 0.999803 0.0321229 4.99595e-06 19.4921 -0.0957252 9.99253
211.253 116.566 0 0.0321229 2.49511e-06 19.9921 0 10
