174.509 119.054 1.36363 -0.82501 0.0949292 0 -0.0611521 5.90355e-08
174.888 118.644 1.3343 -0.767635 0.0964416 0.558293 -0.0684251 0.413889
175.29 118.256 1.30723 -0.708794 0.0980144 1.11702 -0.0595435 0.837049
175.715 117.892 1.28361 -0.649386 0.0993256 1.67607 -0.0496722 1.26873
176.16 117.554 1.26425 -0.58967 0.100187 2.23533 -0.0381411 1.70785
176.625 117.243 1.25024 -0.530022 0.100401 2.79466 -0.0246622 2.15294
177.107 116.96 1.24241 -0.463649 0.0997917 3.35391 -0.0101104 2.60183
177.73 116.649 1.24191 -0.399041 0.0970522 4.05042 0.00829233 3.16294
178.261 116.425 1.24932 -0.34173 0.0939897 4.62606 0.0238311 3.6253
178.8 116.233 1.26394 -0.287083 0.0900139 5.19829 0.0417768 4.08092
179.345 116.073 1.2887 -0.235235 0.0852891 5.76632 0.0705696 4.52634
179.895 115.941 1.32612 -0.184162 0.0843056 6.3324 0.101427 4.95967
180.451 115.837 1.37249 -0.136439 0.0794103 6.89791 0.116218 5.37898
180.866 115.78 1.40689 -0.101774 0.0736462 7.3171 0.109313 5.68059
181.492 115.716 1.44706 -0.0605493 0.0575759 7.94547 0.0689544 6.12047
182.082 115.68 1.46887 -0.0313201 0.0395502 8.53725 0.0431559 6.52612
182.547 115.666 1.48192 -0.0208346 0.0247948 9.0023 0.0419609 6.84132
183.115 115.654 1.5006 0.000560097 0.0282762 9.57074 0.0584666 7.22264
183.529 115.654 1.51904 0.00710664 0.0303107 9.98482 0.0767815 7.49701
184.106 115.658 1.5527 0.0265019 0.0320312 10.5609 0.102036 7.87223
184.644 115.673 1.59148 0.0430926 0.0293682 11.0995 0.12458 8.21502
185.162 115.695 1.63524 0.0558551 0.0234652 11.618 0.147688 8.53645
185.67 115.723 1.68403 0.0653239 0.0177857 12.1269 0.170335 8.8432
186.17 115.756 1.73706 0.0718041 0.0124558 12.6283 0.19121 9.13641
186.664 115.792 1.79328 0.075589 0.00758934 13.1234 0.20926 9.41702
187.153 115.829 1.85157 0.0770134 0.0033158 13.6135 0.223552 9.68604
187.638 115.866 1.91076 0.0764424 -0.000269439 14.1 0.233489 9.94459
188.121 115.903 1.96971 0.0742585 -0.00311225 14.584 0.238069 10.1942
188.602 115.939 2.02706 0.0708503 -0.00520253 15.0668 0.23606 10.4356
189.083 115.973 2.0817 0.0601524 -0.00657227 15.5492 0.228368 10.6705
189.692 116.01 2.14532 0.0602364 -0.00743166 16.1592 0.211194 10.959
190.187 116.04 2.1916 0.0554094 -0.00735462 16.6554 0.191609 11.1879
190.683 116.067 2.23201 0.0507583 -0.00688637 17.1518 0.167932 11.4123
191.179 116.092 2.26626 0.0464657 -0.00614042 17.6486 0.142432 11.633
191.676 116.115 2.29452 0.0426457 -0.00522226 18.1458 0.116535 11.851
192.173 116.137 2.31696 0.0393546 -0.00422402 18.6436 0.0911317 12.0669
192.671 116.156 2.33395 0.0366031 -0.00322179 19.1418 0.0672153 12.2811
193.17 116.174 2.34599 0.0343687 -0.00227472 19.6406 0.0454795 12.4942
193.668 116.192 2.35357 0.0326054 -0.0014256 20.1398 0.0262235 12.7067
194.168 116.208 2.3573 0.0312526 -0.00070208 20.6395 0.00948329 12.9188
194.667 116.223 2.35774 0.0302416 -0.000118483 21.1394 -0.00491669 13.1308
195.167 116.239 2.35534 0.0295015 0.00032217 21.6395 -0.0174047 13.343
195.667 116.253 2.35046 0.0289643 0.000626008 22.1398 -0.0282959 13.5556
196.168 116.268 2.34341 0.028568 0.000806133 22.6403 -0.0378376 13.7688
196.668 116.282 2.33442 0.0282591 0.000880504 23.1407 -0.0462156 13.9828
197.168 116.296 2.32371 0.0279943 0.000869918 23.6412 -0.0535431 14.1976
197.668 116.31 2.31145 0.0277408 0.000796172 24.1416 -0.0598248 14.4136
198.169 116.324 2.29787 0.0274768 0.000680459 24.642 -0.0650339 14.6307
198.669 116.338 2.2832 0.0271896 0.000542068 25.1423 -0.0690498 14.8491
199.169 116.352 2.26771 0.0268754 0.000397424 25.6426 -0.0716783 15.069
199.669 116.365 2.25172 0.0265369 0.000259508 26.1427 -0.0726658 15.2903
200.169 116.378 2.23561 0.0261819 0.000137631 26.6429 -0.0716481 15.5132
200.669 116.391 2.21987 0.0258211 3.75387e-05 27.1429 -0.068268 15.7377
201.168 116.404 2.20509 0.0254672 -3.82215e-05 27.6429 -0.0621896 15.9637
201.668 116.417 2.1919 0.0251328 -8.97523e-05 28.1429 -0.0531193 16.1911
202.168 116.43 2.18109 0.0248295 -0.000119157 28.6429 -0.0412636 16.4198
202.668 116.442 2.17322 0.0245676 -0.000129871 29.1428 -0.0273078 16.6495
203.168 116.454 2.16866 0.0243551 -0.000126032 29.6428 -0.0119144 16.8798
203.668 116.466 2.16749 0.0241981 -0.000111947 30.1427 -0.00704898 17
204.167 116.478 2.16749 0.0240977 -9.16686e-05 30.6427 -0.00704898 17
204.667 116.491 2.16749 0.0240977 -6.89126e-05 31.1427 -0.00704898 17
