171.666 128.711 1.92607 -1.52221 0.0236013 0 -0.118778 7.86608e-12
171.691 128.198 1.89591 -1.5098 0.0293551 0.513707 -0.122129 0.268851
171.723 127.683 1.85871 -1.49461 0.0355147 1.0303 -0.146879 0.543955
171.762 127.165 1.81472 -1.47597 0.0418153 1.54987 -0.163003 0.82676
171.812 126.644 1.7658 -1.45383 0.0481197 2.07251 -0.171064 1.11864
171.873 126.122 1.71384 -1.42822 0.0542874 2.59821 -0.171829 1.4208
171.948 125.599 1.66074 -1.39924 0.0601814 3.12693 -0.166259 1.73421
172.039 125.075 1.6083 -1.36707 0.065678 3.65857 -0.155501 2.05954
172.147 124.552 1.55817 -1.33194 0.0706762 4.19299 -0.14085 2.39707
172.274 124.03 1.5119 -1.29415 0.0751077 4.72999 -0.123651 2.74711
172.421 123.511 1.47043 -1.25401 0.0789432 5.26935 -0.105428 3.10889
172.59 122.996 1.4345 -1.21184 0.0821968 5.81086 -0.0875813 3.48187
172.781 122.488 1.40415 -1.16795 0.0849235 6.35431 -0.0713687 3.86493
172.995 121.986 1.37895 -1.12278 0.0872135 6.89952 -0.0577578 4.25686
173.23 121.497 1.35821 -1.0767 0.08918 7.442 -0.0474291 4.65334
173.486 121.022 1.34071 -1.02968 0.0909446 7.98215 -0.0404724 5.05368
173.764 120.558 1.32518 -0.981649 0.0926211 8.52286 -0.0365475 5.45937
174.065 120.108 1.31055 -0.93262 0.0942979 9.06402 -0.0350189 5.87002
174.388 119.673 1.29605 -0.882567 0.0960231 9.60555 -0.0349308 6.28551
174.732 119.255 1.28131 -0.831458 0.0977922 10.1474 -0.0351044 6.70599
175.097 118.854 1.26649 -0.779288 0.0995405 10.6897 -0.0342549 7.13169
175.483 118.473 1.25229 -0.72611 0.101143 11.2324 -0.0312173 7.56266
175.89 118.112 1.23988 -0.658336 0.102423 11.7757 -0.025113 7.99871
176.422 117.7 1.22943 -0.60198 0.103375 12.4494 -0.0123812 8.54466
176.888 117.38 1.22688 -0.545146 0.102941 13.0144 0.00186667 9.00486
177.372 117.087 1.23158 -0.48885 0.10151 13.5801 0.0187755 9.46531
177.871 116.821 1.2444 -0.433786 0.099007 14.1457 0.0377072 9.92251
178.384 116.583 1.26593 -0.380641 0.0954517 14.7105 0.0582199 10.3728
178.907 116.374 1.29659 -0.330008 0.0909627 15.2736 0.0832661 10.8126
179.437 116.193 1.33981 -0.28164 0.085746 15.8343 0.120597 11.2383
179.976 116.037 1.3964 -0.233282 0.0850073 16.395 0.1526 11.6485
180.522 115.907 1.45972 -0.187488 0.0787712 16.9563 0.167168 12.0417
181.067 115.804 1.52158 -0.164947 0.0646056 17.5115 0.161112 12.4141
181.497 115.732 1.56368 -0.114588 0.0553905 17.9471 0.133263 12.6964
182.136 115.658 1.60962 -0.112023 0.0375368 18.5908 0.100109 13.1018
182.546 115.612 1.63467 -0.0805905 0.0204986 19.0034 0.0985904 13.3561
183.166 115.562 1.67402 -0.073308 0.0289716 19.6254 0.113049 13.7322
183.686 115.524 1.71161 -0.0712872 0.0318676 20.1463 0.131431 14.04
184.107 115.494 1.74548 -0.0440885 0.0318416 20.5688 0.145426 14.2845
184.648 115.47 1.79207 -0.0311435 0.028216 21.1104 0.158076 14.5908
185.169 115.454 1.83853 -0.0204963 0.0220167 21.6316 0.164726 14.8779
185.68 115.443 1.88404 -0.0127128 0.0165094 22.143 0.165753 15.1526
186.184 115.437 1.92736 -0.00756148 0.0112795 22.6463 0.161443 15.4167
186.68 115.433 1.96739 -0.00471682 0.00654399 23.1428 0.151976 15.6717
187.171 115.431 2.0033 0.00614784 0.00242429 23.6337 0.137613 15.9189
187.78 115.435 2.041 -0.00339039 -0.00241768 24.2428 0.111071 16.22
188.278 115.433 2.0646 -0.00561072 -0.00471098 24.7408 0.0834029 16.4625
188.774 115.43 2.0812 -0.00869688 -0.00627054 25.237 0.0541218 16.7019
189.27 115.426 2.09052 -0.0122903 -0.00715497 25.7322 0.025857 16.9392
189.764 115.42 2.09362 -0.0160788 -0.00745244 26.2267 0.000669865 17.1755
190.258 115.412 2.09132 -0.0198068 -0.00726985 26.721 -0.0197288 17.4117
190.753 115.402 2.08481 -0.0232787 -0.00672175 27.2156 -0.0339089 17.6485
191.248 115.391 2.07577 -0.026358 -0.00592072 27.7107 -0.0412347 17.8865
191.743 115.377 2.06581 -0.0289625 -0.00497008 28.2065 -0.0410631 18.1259
192.24 115.363 2.05654 -0.0310563 -0.00395911 28.7031 -0.035178 18.3669
192.737 115.348 2.04916 -0.0326415 -0.00296062 29.2006 -0.0249935 18.6092
193.235 115.331 2.04471 -0.0337488 -0.00203027 29.6989 -0.0116025 18.8527
193.734 115.315 2.04344 -0.0344294 -0.00120732 30.198 -0.00557398 19
194.233 115.297 2.04344 -0.0347467 -0.00051604 30.6978 -0.00557398 19
194.734 115.28 2.04344 -0.0347712 3.22826e-05 31.1982 -0.00557398 19
195.234 115.263 2.04344 -0.0347712 0.000437795 31.699 -0.00557398 19
