203.658 116.063 2.10179 -0.0504524 -0.000107943 0 -0.44577 0
204.159 116.037 1.99449 -0.0463304 -0.000757765 0.501101 -0.420122 0.244997
204.659 116.014 1.89206 -0.0415026 -0.000664011 1.00208 -0.373602 0.502703
205.16 115.993 1.79704 -0.0368377 -0.000575921 1.50292 -0.326822 0.77454
205.66 115.975 1.71038 -0.0323368 -0.000495154 2.00364 -0.28048 1.06028
206.16 115.959 1.63317 -0.0280012 -0.000422637 2.50425 -0.235442 1.35993
206.661 115.945 1.56624 -0.0238329 -0.000358665 3.00477 -0.192587 1.67301
207.161 115.933 1.51005 -0.0198336 -0.000303025 3.50521 -0.152729 1.99849
207.661 115.923 1.46495 -0.0160049 -0.00025514 4.00557 -0.116664 2.33519
208.161 115.915 1.43022 -0.012348 -0.000214201 4.50587 -0.0847852 2.68099
208.662 115.909 1.40527 -0.00886386 -0.000179293 5.00611 -0.0574474 3.03405
209.162 115.904 1.38887 -0.0055529 -0.000149492 5.5063 -0.0346217 3.39223
209.662 115.902 1.37984 -0.00241524 -0.000123937 6.00645 -0.0162239 3.75367
210.162 115.9 1.37666 0.000549315 -0.000101881 6.50656 -0.00180967 4.11664
210.662 115.901 1.37806 0.00334122 -8.27144e-05 7.00664 0.00900714 4.4798
211.162 115.902 1.38281 0.0059611 -6.59682e-05 7.50669 0.0167457 4.8421
211.662 115.905 1.38984 0.00840971 -5.13042e-05 8.00673 0.0219484 5.20285
212.162 115.91 1.39833 0.0106878 -3.84935e-05 8.50675 0.0250421 5.56153
212.662 115.915 1.40755 0.0127963 -2.73911e-05 9.00676 0.0265283 5.91795
213.162 115.921 1.41702 0.0147358 -1.79079e-05 9.50676 0.0267727 6.27199
213.662 115.929 1.42634 0.0165071 -9.9854e-06 10.0068 0.026129 6.62368
214.162 115.937 1.43527 0.0181109 -3.5748e-06 10.5068 0.0248839 6.97312
214.662 115.946 1.44364 0.0195477 1.37969e-06 11.0068 0.0232852 7.32047
215.162 115.956 1.45138 0.0208182 4.95133e-06 11.5068 0.0215365 7.66587
215.662 115.966 1.45849 0.0219229 7.23691e-06 12.0068 0.0198079 8.00953
216.162 115.977 1.46498 0.0228628 8.35982e-06 12.5068 0.0182423 8.35157
216.662 115.989 1.47097 0.0236394 8.47419e-06 13.0068 0.0169488 8.69218
217.161 116 1.47655 0.0242571 7.7753e-06 13.5068 0.0160302 9.03144
217.661 116.012 1.48188 0.0247247 6.51392e-06 14.0068 0.0155541 9.36946
218.161 116.025 1.48711 0.0250584 4.99467e-06 14.5068 0.0155782 9.7063
218.661 116.037 1.49242 0.0252819 3.52956e-06 15.0068 0.0161581 10.0419
219.161 116.05 1.498 0.0254239 2.35215e-06 15.5068 0.017308 10.3763
219.661 116.063 1.50404 0.025512 1.55206e-06 16.0068 0.0190465 10.7095
220.161 116.075 1.51073 0.0255679 1.08576e-06 16.5069 0.0213773 11.0412
220.66 116.088 1.51825 0.0256053 8.48086e-07 17.0069 0.0242668 11.3714
221.16 116.101 1.52676 0.0256316 7.40685e-07 17.5069 0.0276741 11.6998
221.66 116.114 1.53643 0.0256499 6.98365e-07 18.0069 0.0315466 12.0263
222.16 116.127 1.54734 0.0256617 6.82083e-07 18.5069 0.035784 12.3506
222.66 116.14 1.55957 0.0256677 6.63902e-07 19.0069 0.0402739 12.6725
223.16 116.152 1.57316 0.0256684 6.17705e-07 19.507 0.0448774 12.9918
223.659 116.165 1.58808 0.0256643 5.16709e-07 20.007 0.0494255 13.3081
224.159 116.178 1.60425 0.0256559 3.34694e-07 20.507 0.0537185 13.6214
224.659 116.191 1.62151 0.0256435 4.87779e-08 21.007 0.0575334 13.9314
225.159 116.204 1.63964 0.0256276 -3.57178e-07 21.507 0.0606197 14.2381
225.659 116.216 1.65837 0.0256086 -8.88902e-07 22.007 0.0627011 14.5413
226.159 116.229 1.67731 0.025587 -1.53807e-06 22.5071 0.0634767 14.8411
226.659 116.242 1.69604 0.0255631 -2.27902e-06 23.0071 0.0626227 15.1376
227.158 116.255 1.71404 0.0255374 -3.06631e-06 23.5071 0.0597928 15.4308
227.658 116.268 1.73071 0.0255104 -3.83346e-06 24.0071 0.0546183 15.7211
228.158 116.28 1.74536 0.0254825 -4.49349e-06 24.5071 0.0467073 16.0088
228.658 116.293 1.75721 0.0254545 -4.94164e-06 25.0071 0.0359666 16.2942
229.158 116.306 1.76565 0.0254268 -5.06052e-06 25.5071 0.023547 16.5781
229.658 116.319 1.77049 0.0254002 -4.72798e-06 26.0071 0.0108383 16.8608
230.158 116.331 1.77187 0.0253754 -3.82747e-06 26.5071 -0.000798012 17.1431
230.657 116.344 1.77038 0.0253531 -2.26049e-06 27.0072 -0.00912656 17.4253
231.157 116.357 1.76737 0.0253344 3.95581e-08 27.5072 -0.0110116 17.708
231.657 116.369 1.76502 0.0253198 3.09321e-06 28.0072 -0.00547718 17.9911
232.157 116.382 1.76496 0.0253104 6.8617e-06 28.5072 -0.00533464 18
232.657 116.395 1.76496 0.0253068 1.12359e-05 29.0072 -0.00533464 18
233.157 116.407 1.76496 0.0253095 1.60293e-05 29.5073 -0.00533464 18
233.657 116.42 1.76496 0.0253095 2.09496e-05 30.0073 -0.00533464 18
