176.614 117.25 1.25024 -0.533152 0.100432 0 -0.0246622 0
177.096 116.966 1.20516 -0.474926 0.0997697 0.559401 -0.0834209 0.455666
177.593 116.71 1.17801 -0.417203 0.0981831 1.11884 -0.0334612 0.925917
178.105 116.483 1.17238 -0.361049 0.0955934 1.6783 0.0091387 1.40265
178.628 116.286 1.18593 -0.306988 0.0920387 2.2379 0.0472096 1.87782
179.162 116.117 1.21695 -0.255315 0.0876425 2.79793 0.0868455 2.34453
179.707 115.974 1.26737 -0.204786 0.0842124 3.36087 0.137496 2.79853
180.268 115.858 1.33875 -0.153851 0.0830361 3.93437 0.183817 3.23909
180.856 115.767 1.42409 -0.105968 0.073421 4.52912 0.208733 3.66992
181.458 115.702 1.51012 -0.0646995 0.0573425 5.13505 0.201189 4.08292
181.834 115.678 1.55734 -0.0478295 0.0480718 5.51142 0.184657 4.32821
182.513 115.646 1.63356 -0.0196558 0.0245057 6.19131 0.178658 4.75428
182.894 115.638 1.67578 -0.0168226 0.0258039 6.5724 0.189266 4.98468
183.526 115.628 1.75114 0.00412495 0.030315 7.20407 0.221101 5.35348
184.068 115.63 1.82291 0.022024 0.032 7.74593 0.252023 5.65683
184.587 115.641 1.89694 0.0377347 0.0293041 8.2654 0.277337 5.93622
185.103 115.661 1.97364 0.0507901 0.0234084 8.7818 0.296844 6.20326
185.615 115.687 2.05104 0.0607684 0.0177536 9.29434 0.310041 6.45784
186.123 115.718 2.12756 0.0678359 0.0124436 9.80326 0.317254 6.70161
186.627 115.752 2.20182 0.0722352 0.00759503 10.3089 0.318068 6.93506
187.129 115.788 2.27278 0.0742779 0.0033365 10.8118 0.312392 7.15979
187.628 115.825 2.33931 0.0744691 -0.000237371 11.3123 0.299431 7.37686
188.123 115.862 2.40012 0.0736674 -0.00307296 11.8085 0.280282 7.58628
188.604 115.898 2.45357 0.0709552 -0.00516053 12.2913 0.256596 7.78517
189.085 115.932 2.50084 0.0673957 -0.00653232 12.7737 0.228787 7.97985
189.567 115.964 2.54165 0.0633061 -0.00725598 13.2566 0.197388 8.17134
190.05 115.995 2.57578 0.058963 -0.00742498 13.7408 0.163624 8.36049
190.535 116.024 2.60325 0.0545976 -0.0071476 14.2266 0.129344 8.54808
191.023 116.05 2.62429 0.0503956 -0.00653654 14.7146 0.0960267 8.73472
191.512 116.075 2.63928 0.0465004 -0.00570033 15.2047 0.0647052 8.92095
192.004 116.098 2.6487 0.0430146 -0.00473723 15.6971 0.0360589 9.10717
192.498 116.119 2.65302 0.0400003 -0.00373144 16.1917 0.0105305 9.29371
192.994 116.139 2.65281 0.0374792 -0.00275122 16.6882 -0.0117385 9.48085
193.492 116.158 2.64874 0.035436 -0.00184827 17.1865 -0.0308774 9.66879
193.992 116.175 2.64133 0.0338264 -0.00105831 17.6861 -0.0470402 9.85766
194.492 116.192 2.63109 0.032588 -0.000402504 18.1868 -0.0604581 10.0476
194.993 116.209 2.61846 0.0316499 0.000110561 18.6883 -0.0715667 10.2386
195.495 116.225 2.6038 0.0309404 0.000482634 19.1903 -0.0807909 10.4309
195.997 116.24 2.58742 0.0303921 0.000723576 19.6926 -0.0884723 10.6244
196.499 116.255 2.56955 0.029946 0.00084917 20.1949 -0.0949133 10.8191
197.001 116.27 2.55039 0.0295529 0.000879041 20.697 -0.100366 11.0153
197.503 116.285 2.53009 0.029175 0.000834715 21.1989 -0.105025 11.2129
198.004 116.3 2.50877 0.0287856 0.000737886 21.7006 -0.109026 11.412
198.505 116.314 2.48654 0.0283688 0.000608957 22.2018 -0.112441 11.6127
199.006 116.329 2.46349 0.0279178 0.000465902 22.7027 -0.115286 11.815
199.506 116.343 2.43971 0.0274335 0.000323491 23.2033 -0.11752 12.0192
200.006 116.356 2.41532 0.0269224 0.000192892 23.7037 -0.119054 12.2254
200.506 116.37 2.39045 0.0263949 8.16121e-05 24.2037 -0.11976 12.4335
201.006 116.383 2.36529 0.0258633 -6.25466e-06 24.7036 -0.119469 12.6437
201.506 116.396 2.34005 0.0253408 -6.95619e-05 25.2034 -0.117986 12.8562
202.005 116.408 2.31501 0.0248397 -0.000109499 25.7032 -0.115088 13.0709
202.505 116.421 2.29049 0.0243708 -0.000128924 26.2029 -0.110532 13.2878
203.004 116.433 2.26693 0.0239433 -0.000131703 26.7026 -0.104022 13.5071
203.504 116.445 2.24485 0.0235639 -0.000122128 27.2023 -0.0952274 13.7287
204.004 116.457 2.22479 0.0232372 -0.000104431 27.7021 -0.0838975 13.9524
204.503 116.468 2.20739 0.022966 -8.243e-05 28.2019 -0.0698154 14.1779
205.003 116.48 2.19333 0.0227514 -5.92942e-05 28.7018 -0.0532983 14.4051
205.503 116.491 2.1833 0.0225932 -3.74331e-05 29.2018 -0.0349359 14.6336
206.003 116.503 2.17751 0.0224905 -1.84766e-05 29.7017 -0.0154747 14.863
206.503 116.514 2.1759 0.0224392 -3.33314e-06 30.2017 -0.00770164 15
207.002 116.525 2.1759 0.0224392 7.55727e-06 30.7018 -0.00770164 15
