169.874 212.702 3.0119 -1.56473 1.19659e-05 0 0.0122364 0
169.877 212.202 3.01293 -1.56407 -6.65699e-07 0.500037 0.00329087 0.165982
169.881 211.702 3.01347 -1.56331 2.00251e-06 1.00007 0.00287292 0.331929
169.884 211.202 3.01394 -1.56258 2.62201e-06 1.5001 0.00245065 0.497848
169.889 210.702 3.01434 -1.56188 1.87349e-06 2.00013 0.00201483 0.66374
169.893 210.202 3.01466 -1.56122 3.64102e-07 2.50015 0.00155847 0.829611
169.898 209.702 3.0149 -1.56059 -1.41157e-06 3.00017 0.00107482 0.995466
169.903 209.202 3.01506 -1.56 -3.08867e-06 3.50018 0.000554232 1.16131
169.908 208.702 3.01513 -1.55943 -4.43132e-06 4.00019 -5.14157e-06 1.32714
169.914 208.202 3.0151 -1.5589 -5.31902e-06 4.5002 -0.000609163 1.49297
169.92 207.702 3.01496 -1.5584 -5.72484e-06 5.00021 -0.00126692 1.65881
169.926 207.202 3.01471 -1.55792 -5.69019e-06 5.50021 -0.00197844 1.82466
169.933 206.702 3.01434 -1.55747 -5.29949e-06 6.00021 -0.00275062 1.99052
169.939 206.202 3.01383 -1.55705 -4.65757e-06 6.50021 -0.00359295 2.15641
169.946 205.702 3.01318 -1.55666 -3.87158e-06 7.00021 -0.0045049 2.32232
169.953 205.202 3.01237 -1.55629 -3.03777e-06 7.50021 -0.00549507 2.48828
169.96 204.702 3.01138 -1.55594 -2.23355e-06 8.00021 -0.00657291 2.65429
169.968 204.202 3.01021 -1.55562 -1.51396e-06 8.50021 -0.0077371 2.82036
169.975 203.702 3.00883 -1.55532 -9.11676e-07 9.00021 -0.00899748 2.98649
169.983 203.202 3.00723 -1.55504 -4.39721e-07 9.50021 -0.0103622 3.15272
169.991 202.702 3.00541 -1.55478 -9.54943e-08 10.0002 -0.0118285 3.31903
169.999 202.202 3.00332 -1.55455 1.34496e-07 10.5002 -0.0134063 3.48545
170.007 201.702 3.00095 -1.55433 2.70082e-07 11.0002 -0.0151015 3.652
170.015 201.202 2.9983 -1.55413 3.33481e-07 11.5002 -0.016909 3.81868
170.024 200.702 2.99533 -1.55395 3.46274e-07 12.0002 -0.0188374 3.98552
170.032 200.202 2.99202 -1.55379 3.27345e-07 12.5002 -0.0208895 4.15255
170.041 199.703 2.98836 -1.55364 2.91785e-07 13.0002 -0.0230577 4.31975
170.049 199.203 2.98432 -1.55351 2.50594e-07 13.5002 -0.0253465 4.48718
170.058 198.703 2.97987 -1.5534 2.10945e-07 14.0002 -0.0277562 4.65485
170.067 198.203 2.97501 -1.5533 1.76751e-07 14.5002 -0.030275 4.82277
170.075 197.703 2.96971 -1.55321 1.49242e-07 15.0002 -0.0329013 4.99098
170.084 197.203 2.96393 -1.55314 1.27583e-07 15.5002 -0.0356319 5.15952
170.093 196.703 2.95768 -1.55308 1.0976e-07 16.0002 -0.0384496 5.32839
170.102 196.203 2.95095 -1.55302 9.36007e-08 16.5002 -0.0413443 5.49762
170.111 195.703 2.94368 -1.55298 7.75001e-08 17.0002 -0.0443068 5.66727
170.12 195.203 2.93589 -1.55296 6.06283e-08 17.5002 -0.047313 5.83735
170.128 194.703 2.92758 -1.55294 4.27336e-08 18.0002 -0.0503441 6.00788
170.137 194.203 2.9187 -1.55293 2.39406e-08 18.5002 -0.0533762 6.17894
170.146 193.703 2.90928 -1.55292 4.64671e-09 19.0002 -0.0563789 6.35053
170.155 193.204 2.89933 -1.55293 -1.4579e-08 19.5002 -0.0593218 6.52268
170.164 192.704 2.88885 -1.55295 -3.30706e-08 20.0002 -0.062168 6.69543
170.173 192.204 2.87782 -1.55297 -5.01598e-08 20.5002 -0.0648637 6.86885
170.182 191.704 2.86631 -1.55299 -6.52569e-08 21.0002 -0.0673696 7.04294
170.191 191.204 2.85434 -1.55302 -7.7908e-08 21.5002 -0.0696333 7.21774
170.2 190.704 2.84195 -1.55306 -8.7833e-08 22.0002 -0.0715873 7.39328
170.209 190.204 2.82918 -1.5531 -9.49055e-08 22.5002 -0.0731441 7.56963
170.218 189.704 2.81612 -1.55314 -9.91651e-08 23.0002 -0.0742456 7.74677
170.226 189.204 2.80286 -1.55318 -1.00762e-07 23.5002 -0.0748075 7.92473
170.235 188.704 2.78948 -1.55323 -9.99367e-08 24.0002 -0.0747361 8.10352
170.244 188.204 2.77612 -1.55327 -9.69958e-08 24.5002 -0.0738826 8.28321
170.253 187.704 2.76293 -1.55331 -9.2273e-08 25.0002 -0.0721567 8.46376
170.261 187.204 2.75008 -1.55336 -8.60934e-08 25.5002 -0.0694417 8.64516
170.27 186.705 2.73776 -1.5534 -7.87706e-08 26.0002 -0.065602 8.82737
170.279 186.205 2.72619 -1.55344 -7.05827e-08 26.5002 -0.0604919 9.01039
170.288 185.705 2.71566 -1.55347 -6.17526e-08 27.0002 -0.0539283 9.19415
170.296 185.205 2.70647 -1.5535 -5.24533e-08 27.5002 -0.0457178 9.3786
170.305 184.705 2.69894 -1.55353 -4.27852e-08 28.0002 -0.0357343 9.56361
170.314 184.205 2.6934 -1.55355 -3.27776e-08 28.5002 -0.0238033 9.74907
170.322 183.705 2.69017 -1.55357 -2.23766e-08 29.0002 -0.0112638 9.93484
170.331 183.205 2.68948 -1.55357 -1.14422e-08 29.5002 -0.00870688 10
170.339 182.705 2.68948 -1.55357 -3.6768e-09 30.0002 -0.00870688 10
