169.962 233.538 1.91904 -1.52481 0.00914424 0 0.731859 0
169.984 233.045 2.09898 -1.52436 0.00475154 0.493695 0.715039 0.245217
170.007 232.557 2.25367 -1.52615 0.000969881 0.982218 0.660447 0.469632
170.029 232.072 2.38603 -1.52943 -0.00210491 1.46701 0.603095 0.678571
170.048 231.59 2.4996 -1.53379 -0.00441592 1.94946 0.544316 0.875971
170.066 231.109 2.59735 -1.53887 -0.00596889 2.43084 0.485268 1.06475
170.082 230.628 2.68128 -1.54431 -0.00682314 2.91225 0.426914 1.24708
170.094 230.146 2.75278 -1.54984 -0.00707688 3.39462 0.370413 1.42462
170.105 229.662 2.81353 -1.55522 -0.00685036 3.87864 0.316751 1.59859
170.112 229.176 2.86357 -1.55797 -0.00627018 4.36479 0.267051 1.76971
170.12 228.558 2.91486 -1.56534 -0.00500155 4.98306 0.209824 1.98365
170.123 228.06 2.94697 -1.56939 -0.00403211 5.48092 0.168638 2.15344
170.123 227.561 2.97239 -1.57292 -0.00306004 5.97924 0.131273 2.3218
170.122 227.063 2.99166 -1.57593 -0.00214395 6.47803 0.0975551 2.48904
170.12 226.563 3.00529 -1.57849 -0.00132464 6.97724 0.0672092 2.65548
170.116 226.064 3.01427 -1.58064 -0.000627457 7.47685 0.0395761 2.82146
170.111 225.564 3.01883 -1.58245 -6.47599e-05 7.97677 0.0143965 2.98716
170.105 225.064 3.01925 -1.58399 0.000361588 8.47697 -0.00868282 3.15282
170.099 224.563 3.01613 -1.58533 0.000657978 8.97737 -0.0301643 3.31862
170.091 224.063 3.0095 -1.58651 0.000836985 9.47792 -0.0502567 3.48474
170.084 223.562 2.99951 -1.58761 0.000915469 9.97857 -0.0692314 3.65136
170.075 223.062 2.9865 -1.58865 0.000912818 10.4793 -0.0873581 3.81862
170.066 222.561 2.9704 -1.58966 0.000849338 10.98 -0.104738 3.98671
170.057 222.06 2.95124 -1.59068 0.00074483 11.4807 -0.121462 4.15582
170.047 221.56 2.92923 -1.59171 0.000617383 11.9813 -0.137611 4.32607
170.036 221.059 2.90438 -1.59275 0.00048242 12.4819 -0.15317 4.49764
170.025 220.559 2.8765 -1.5938 0.000351981 12.9825 -0.16804 4.67085
170.014 220.059 2.84586 -1.59484 0.000234268 13.483 -0.182188 4.84579
170.002 219.558 2.8125 -1.59583 0.000133674 13.9835 -0.195505 5.02264
169.989 219.058 2.77646 -1.59672 5.17046e-05 14.4839 -0.207847 5.20166
169.976 218.558 2.73767 -1.59747 -1.1329e-05 14.9844 -0.21897 5.3832
169.963 218.057 2.69641 -1.59807 -5.50347e-05 15.4848 -0.228714 5.56739
169.949 217.557 2.65285 -1.59854 -7.93467e-05 15.9852 -0.236829 5.75449
169.935 217.057 2.60718 -1.5989 -8.59714e-05 16.4856 -0.243021 5.94475
169.921 216.557 2.5597 -1.59921 -7.88766e-05 16.9861 -0.24698 6.13845
169.907 216.056 2.51077 -1.59948 -6.31562e-05 17.4865 -0.248517 6.33583
169.893 215.556 2.46081 -1.59974 -4.34889e-05 17.987 -0.24751 6.53716
169.878 215.056 2.41029 -1.59998 -2.33516e-05 18.4874 -0.243798 6.74266
169.864 214.556 2.35978 -1.60021 -5.00646e-06 18.9879 -0.237169 6.95252
169.849 214.055 2.30994 -1.60043 1.02357e-05 19.4884 -0.227437 7.16688
169.834 213.555 2.26145 -1.60065 2.17728e-05 19.989 -0.214855 7.38584
169.819 213.055 2.21503 -1.60086 2.95323e-05 20.4895 -0.199901 7.60948
169.804 212.554 2.17133 -1.60106 3.38211e-05 20.9901 -0.183128 7.83781
169.789 212.054 2.13078 -1.60125 3.51895e-05 21.4906 -0.165188 8.07054
169.774 211.554 2.09376 -1.60144 3.43097e-05 21.9912 -0.146692 8.3075
169.758 211.053 2.06069 -1.60163 3.18757e-05 22.4917 -0.128315 8.54858
169.743 210.553 2.0314 -1.60181 2.85275e-05 22.9923 -0.110728 8.79323
169.727 210.053 2.00601 -1.60198 2.48024e-05 23.4929 -0.0947157 9.04128
169.712 209.552 1.98399 -1.60215 2.11085e-05 23.9935 -0.0807291 9.29219
169.696 209.052 1.96508 -1.6023 1.77206e-05 24.494 -0.0690142 9.54577
169.68 208.552 1.94864 -1.60245 1.47891e-05 24.9946 -0.0594624 9.80157
169.665 208.051 1.93431 -1.60259 1.23607e-05 25.4952 -0.0522027 10.0595
169.649 207.551 1.92147 -1.60272 1.04038e-05 25.9958 -0.0468386 10.3191
169.633 207.051 1.90978 -1.60284 8.83443e-06 26.4964 -0.0426865 10.5804
169.617 206.55 1.89906 -1.60294 7.5414e-06 26.9969 -0.0388625 10.8433
169.601 206.05 1.88934 -1.60302 6.40619e-06 27.4975 -0.0344809 11.1076
169.584 205.55 1.88094 -1.6031 5.31843e-06 27.9981 -0.0285424 11.3732
169.568 205.049 1.87441 -1.60315 4.18573e-06 28.4987 -0.0200823 11.6398
169.552 204.549 1.87051 -1.60319 2.93866e-06 28.9993 -0.0083581 11.9072
169.536 204.049 1.86984 -1.60321 1.53177e-06 29.4999 -0.00598363 12
169.52 203.548 1.86984 -1.60321 5.61698e-07 30.0005 -0.00598363 12
