275.007 117.247 nan 0.00746148 -2.79527e-08 0 nan 0
275.507 117.25 nan 0.00458203 6.2813e-05 0.500015 nan 0
276.007 117.253 nan 0.00126426 8.2316e-05 1.00004 nan 0
276.507 117.253 nan -0.00188127 9.838e-05 1.50009 nan 0
277.008 117.252 nan -0.00485417 0.000111174 2.00017 nan 0
277.508 117.25 nan -0.00765406 0.000120867 2.50027 nan 0
278.008 117.246 nan -0.0102806 0.000127633 3.0004 nan 0
278.508 117.241 nan -0.0127334 0.000131645 3.50056 nan 0
279.008 117.235 nan -0.015012 0.000133078 4.00076 nan 0
279.508 117.227 nan -0.0171163 0.000132107 4.50099 nan 0
280.008 117.219 nan -0.0190457 0.000128909 5.00125 nan 0
280.509 117.209 nan -0.0207999 0.000123662 5.50155 nan 0
281.009 117.199 nan -0.0223786 0.000116544 6.00187 nan 0
281.509 117.187 nan -0.0237814 0.000107735 6.50223 nan 0
282.009 117.176 nan -0.0250078 9.74148e-05 7.00261 nan 0
282.51 117.163 nan -0.0260575 8.57652e-05 7.50302 nan 0
283.01 117.15 nan -0.02693 7.29684e-05 8.00345 nan 0
283.51 117.137 nan -0.027625 5.92081e-05 8.50389 nan 0
284.01 117.123 nan -0.0281419 4.46693e-05 9.00435 nan 0
284.511 117.109 nan -0.0284804 2.95384e-05 9.50483 nan 0
285.011 117.094 nan -0.0286399 1.40031e-05 10.0053 nan 0
285.511 117.08 nan -0.0286199 -1.74693e-06 10.5058 nan 0
286.011 117.066 nan -0.02842 -1.75203e-05 11.0063 nan 0
286.512 117.051 nan -0.0280396 -3.31222e-05 11.5067 nan 0
287.012 117.037 nan -0.0274784 -4.83481e-05 12.0072 nan 0
287.512 117.024 nan -0.0267367 -6.29597e-05 12.5077 nan 0
288.013 117.01 nan -0.0258167 -7.66207e-05 13.0081 nan 0
288.513 116.997 nan -0.0247255 -8.87869e-05 13.5085 nan 0
289.013 116.985 nan -0.0234792 -9.86231e-05 14.0089 nan 0
289.513 116.973 nan -0.0221067 -0.000105126 14.5093 nan 0
290.014 116.962 nan -0.0206486 -0.000107554 15.0097 nan 0
290.514 116.952 nan -0.0191511 -0.000105917 15.51 nan 0
291.014 116.942 nan -0.017656 -0.000101089 16.0103 nan 0
291.514 116.933 nan -0.0161938 -9.43843e-05 16.5106 nan 0
292.014 116.925 nan -0.0147818 -8.69793e-05 17.0108 nan 0
292.515 116.918 nan -0.0134277 -7.961e-05 17.511 nan 0
293.015 116.911 nan -0.0121343 -7.26076e-05 18.0112 nan 0
293.515 116.905 nan -0.0109018 -6.60719e-05 18.5114 nan 0
294.015 116.9 nan -0.00972973 -6.001e-05 19.0116 nan 0
294.515 116.895 nan -0.00861764 -5.44015e-05 19.5118 nan 0
295.015 116.891 nan -0.00756489 -4.92207e-05 20.0119 nan 0
295.515 116.887 nan -0.00657084 -4.44416e-05 20.512 nan 0
296.015 116.883 nan -0.00563489 -4.00386e-05 21.0122 nan 0
296.516 116.881 nan -0.00475641 -3.59868e-05 21.5123 nan 0
297.016 116.878 nan -0.00393476 -3.22621e-05 22.0124 nan 0
297.516 116.876 nan -0.00316931 -2.88408e-05 22.5125 nan 0
298.016 116.875 nan -0.00245942 -2.57001e-05 23.0125 nan 0
298.516 116.874 nan -0.00180445 -2.28179e-05 23.5126 nan 0
299.016 116.873 nan -0.00120377 -2.01727e-05 24.0127 nan 0
299.516 116.872 nan -0.000656716 -1.77437e-05 24.5128 nan 0
300.016 116.872 nan -0.00016265 -1.55106e-05 25.0128 nan 0
300.516 116.872 nan 0.000279081 -1.34541e-05 25.5129 nan 0
301.016 116.872 nan 0.000669128 -1.15553e-05 26.0129 nan 0
301.516 116.872 nan 0.00100815 -9.79617e-06 26.513 nan 0
302.016 116.873 nan 0.00129679 -8.15913e-06 27.013 nan 0
302.516 116.873 nan 0.00153573 -6.62741e-06 27.5131 nan 0
303.016 116.874 nan 0.00172561 -5.18484e-06 28.0131 nan 0
303.516 116.875 nan 0.00186709 -3.81589e-06 28.5132 nan 0
304.016 116.876 nan 0.00196086 -2.50569e-06 29.0132 nan 0
304.517 116.877 nan 0.00201011 -1.23998e-06 29.5133 nan 0
305.017 116.878 nan 0.00201011 -4.12547e-07 30.0133 nan 0
