171.608 131.239 2.05613 -1.55828 0.00173199 0 -0.127223 6.60115e-11
171.614 130.737 2.02926 -1.55544 0.0049434 0.502111 -0.114349 0.24589
171.622 130.233 1.99758 -1.55065 0.00876684 1.00604 -0.139037 0.496046
171.632 129.727 1.95931 -1.54369 0.0131916 1.51208 -0.158806 0.751848
171.646 129.219 1.91562 -1.53425 0.0181649 2.02048 -0.173864 1.01415
171.664 128.708 1.86718 -1.52207 0.0236129 2.53147 -0.183975 1.28429
171.689 128.195 1.81499 -1.50691 0.0294423 3.04522 -0.189162 1.56337
171.722 127.68 1.76016 -1.48859 0.0355434 3.56186 -0.189562 1.8524
171.765 127.162 1.70383 -1.46699 0.0417932 4.08147 -0.185325 2.15242
171.819 126.642 1.64727 -1.44206 0.0480596 4.60403 -0.176784 2.46433
171.887 126.121 1.59181 -1.41383 0.0542069 5.12949 -0.164448 2.78877
171.969 125.599 1.53888 -1.38238 0.0601026 5.65772 -0.148938 3.12637
172.069 125.078 1.48974 -1.34788 0.0656264 6.18852 -0.131133 3.477
172.186 124.558 1.44557 -1.31059 0.0706791 6.72165 -0.111998 3.84042
172.324 124.041 1.40718 -1.27077 0.075192 7.25682 -0.0925834 4.21574
172.483 123.528 1.37505 -1.22874 0.079134 7.79372 -0.0739612 4.60182
172.663 123.021 1.34921 -1.18482 0.0825153 8.33204 -0.0571586 4.99718
172.866 122.521 1.32913 -1.13931 0.0853869 8.8715 -0.0430023 5.40016
173.092 122.03 1.31389 -1.09239 0.087835 9.41186 -0.0321437 5.80918
173.338 121.556 1.30237 -1.04503 0.0899701 9.94559 -0.0249483 6.21727
173.606 121.095 1.29299 -0.996738 0.0919132 10.4789 -0.0212053 6.62833
173.895 120.647 1.28446 -0.947575 0.0937794 11.0118 -0.0204801 7.04181
174.206 120.215 1.27568 -0.897553 0.0956606 11.5439 -0.0220383 7.45751
174.537 119.8 1.26591 -0.846651 0.0976098 12.0752 -0.0248411 7.87554
174.888 119.403 1.25485 -0.794844 0.099627 12.6055 -0.0276287 8.29624
175.259 119.025 1.24277 -0.74213 0.10165 13.1348 -0.029032 8.72006
175.648 118.668 1.23053 -0.688565 0.103554 13.6631 -0.0277856 9.14726
176.056 118.333 1.21947 -0.627539 0.105154 14.1904 -0.022949 9.5778
176.589 117.946 1.20996 -0.564648 0.106475 14.8499 -0.0110285 10.1209
177.051 117.653 1.20803 -0.507665 0.106328 15.3964 0.00298357 10.5732
177.528 117.388 1.21308 -0.451216 0.105128 15.9424 0.019771 11.0245
178.019 117.15 1.22602 -0.395973 0.102776 16.4876 0.0383357 11.4718
178.521 116.94 1.24712 -0.342625 0.0992769 17.0313 0.0578255 11.9117
179.031 116.758 1.2766 -0.2918 0.0947438 17.5731 0.0811169 12.3413
179.547 116.603 1.31725 -0.243555 0.0893901 18.1125 0.115162 12.7576
180.07 116.473 1.36948 -0.195464 0.0883613 18.6513 0.142063 13.159
180.599 116.369 1.4263 -0.14952 0.0825599 19.1898 0.150134 13.5443
181.127 116.289 1.47952 -0.117458 0.067983 19.7238 0.135002 13.9118
181.538 116.24 1.51257 -0.0826692 0.0584404 20.1385 0.101116 14.1888
182.169 116.188 1.54537 -0.0627107 0.0395178 20.7714 0.0628774 14.6024
182.571 116.163 1.56051 -0.0483219 0.0233285 21.1737 0.055901 14.8614
183.187 116.133 1.58325 -0.0352811 0.0289336 21.7911 0.0621457 15.2542
183.699 116.115 1.60494 -0.0252685 0.0322141 22.303 0.0732842 15.5754
184.108 116.105 1.62451 -0.00856406 0.0324413 22.7125 0.0806336 15.829
184.64 116.1 1.65166 0.00539985 0.0292759 23.2444 0.0858493 16.1537
185.153 116.103 1.6783 0.0164123 0.0230904 23.7573 0.0864771 16.4618
185.658 116.111 1.70369 0.0244686 0.0173779 24.2621 0.0830508 16.7603
186.156 116.123 1.72689 0.0298442 0.0120245 24.7606 0.0761488 17.0509
186.649 116.138 1.74717 0.0328535 0.00718168 25.2538 0.0662374 17.3348
187.138 116.154 1.76392 0.0362827 0.00296658 25.743 0.053339 17.6135
187.749 116.176 1.77918 0.0331982 -0.00200949 26.3547 0.0351256 17.9586
188.248 116.193 1.78688 0.030918 -0.00438674 26.8534 0.0199475 18.2382
188.745 116.208 1.79044 0.0277588 -0.00602954 27.3511 0.00571092 18.5165
189.242 116.222 1.79041 0.024082 -0.00699544 27.8483 -0.00541859 18.7941
189.739 116.234 1.78793 0.0202043 -0.00737007 28.3452 -0.0115174 19.0718
190.236 116.244 1.78451 0.0163875 -0.00725711 28.842 -0.0123804 19.35
190.733 116.252 1.78144 0.0128338 -0.00676809 29.339 -0.00911339 19.6287
191.23 116.259 1.7797 0.0096864 -0.00601342 29.8362 -0.00298799 19.908
191.727 116.263 1.77949 0.00703373 -0.0050954 30.3338 -0.00149214 20
192.225 116.267 1.77949 0.00491473 -0.00410345 30.8318 -0.00149214 20
192.724 116.269 1.77949 0.00491473 -0.00311118 31.3303 -0.00149214 20
