321.271 250.717 3.0156 -3.12901 -1.6454e-16 0 -0.00172472 0
320.771 250.711 3.01566 -3.12899 -3.9331e-10 0.5 0.00102204 0.165803
320.271 250.704 3.01584 -3.12897 4.01854e-10 1 0.000759543 0.331598
319.771 250.698 3.01597 -3.12896 4.4281e-10 1.5 0.000486318 0.497385
319.272 250.692 3.01605 -3.12896 1.35633e-10 2 0.000194456 0.663166
318.772 250.685 3.01608 -3.12897 -2.19207e-10 2.5 -0.000120343 0.828944
318.272 250.679 3.01606 -3.12897 -4.15352e-10 3 -0.000464247 0.994722
317.772 250.673 3.01597 -3.12899 -3.29563e-10 3.5 -0.000847019 1.1605
317.272 250.666 3.01582 -3.129 8.97628e-11 4 -0.00127111 1.32629
316.772 250.66 3.01559 -3.12902 8.33584e-10 4.5 -0.00174366 1.49209
316.272 250.654 3.01527 -3.12905 1.84369e-09 5 -0.00227507 1.6579
315.772 250.648 3.01487 -3.12907 3.0238e-09 5.5 -0.00286618 1.82373
315.272 250.641 3.01436 -3.12909 4.25094e-09 6 -0.00352525 1.98959
314.772 250.635 3.01373 -3.12912 5.38652e-09 6.5 -0.00426244 2.15548
314.272 250.629 3.01297 -3.12914 6.28763e-09 7 -0.00507714 2.32141
313.772 250.623 3.01207 -3.12916 6.81835e-09 7.5 -0.00597872 2.48738
313.272 250.616 3.01101 -3.12918 6.86094e-09 8 -0.00697619 2.65341
312.772 250.61 3.00978 -3.1292 6.32707e-09 8.5 -0.00806758 2.81949
312.272 250.604 3.00835 -3.12921 5.16912e-09 9 -0.00926299 2.98566
311.772 250.598 3.00671 -3.12922 3.39131e-09 9.5 -0.0105696 3.15191
311.272 250.592 3.00485 -3.12922 1.06114e-09 10 -0.0119838 3.31825
310.772 250.585 3.00275 -3.12921 -1.67938e-09 10.5 -0.0135158 3.4847
310.272 250.579 3.00036 -3.1292 -4.60262e-09 11 -0.0151702 3.65128
309.772 250.573 2.9977 -3.12919 -7.38355e-09 11.5 -0.0169417 3.818
309.272 250.567 2.99473 -3.12916 -9.58719e-09 12 -0.0188388 3.98487
308.772 250.561 2.99142 -3.12912 -1.06549e-08 12.5 -0.0208635 4.15193
308.272 250.554 2.98776 -3.12908 -9.89822e-09 13 -0.0230079 4.31917
307.772 250.548 2.98373 -3.12902 -6.54823e-09 13.5 -0.0252766 4.48663
307.272 250.542 2.97929 -3.12896 2.37284e-11 14 -0.0276693 4.65433
306.773 250.536 2.97445 -3.12889 9.81523e-09 14.5 -0.0301739 4.82229
306.273 250.529 2.96917 -3.12881 2.16313e-08 15 -0.0327889 4.99053
305.773 250.523 2.9634 -3.12874 3.30687e-08 15.5 -0.0355107 5.1591
305.273 250.516 2.95718 -3.12867 4.1457e-08 16 -0.0383218 5.32799
304.773 250.51 2.95047 -3.1286 4.51521e-08 16.5 -0.0412121 5.49725
304.273 250.503 2.94321 -3.12855 4.40726e-08 17 -0.0441722 5.66693
303.773 250.497 2.93545 -3.12851 3.92153e-08 17.5 -0.0471776 5.83704
303.273 250.49 2.92716 -3.12848 3.18664e-08 18 -0.0502096 6.0076
302.773 250.484 2.91831 -3.12846 2.31419e-08 18.5 -0.0532439 6.17867
302.273 250.477 2.90891 -3.12844 1.38959e-08 19 -0.0562502 6.35029
301.773 250.471 2.89898 -3.12844 4.77166e-09 19.5 -0.0591977 6.52246
301.273 250.464 2.88852 -3.12844 -3.74423e-09 20 -0.0620493 6.69523
300.773 250.457 2.87751 -3.12845 -1.12923e-08 20.5 -0.0647513 6.86867
300.273 250.451 2.86601 -3.12847 -1.76238e-08 21 -0.0672642 7.04278
299.773 250.444 2.85406 -3.12849 -2.25886e-08 21.5 -0.0695353 7.21759
299.273 250.438 2.84168 -3.12852 -2.61233e-08 22 -0.071497 7.39315
298.773 250.431 2.82893 -3.12855 -2.82406e-08 22.5 -0.073062 7.56951
298.273 250.425 2.81588 -3.12858 -2.90177e-08 23 -0.0741717 7.74667
297.773 250.418 2.80262 -3.12862 -2.8585e-08 23.5 -0.0747419 7.92465
297.273 250.412 2.78926 -3.12865 -2.71152e-08 24 -0.0746788 8.10346
296.773 250.405 2.77591 -3.12869 -2.48117e-08 24.5 -0.0738331 8.28316
296.273 250.399 2.76273 -3.12873 -2.18979e-08 25 -0.0721149 8.46372
295.773 250.392 2.74988 -3.12877 -1.86054e-08 25.5 -0.0694072 8.64513
295.273 250.386 2.73757 -3.12881 -1.51634e-08 26 -0.0655742 8.82736
294.774 250.38 2.726 -3.12884 -1.1787e-08 26.5 -0.0604702 9.01039
294.274 250.373 2.71547 -3.12887 -8.66655e-09 27 -0.0539118 9.19416
293.774 250.367 2.70629 -3.1289 -5.95588e-09 27.5 -0.0457057 9.37862
293.274 250.36 2.69875 -3.12893 -3.7616e-09 28 -0.0357254 9.56365
292.774 250.354 2.69322 -3.12895 -2.13166e-09 28.5 -0.0237964 9.74913
292.274 250.348 2.68999 -3.12896 -1.0443e-09 29 -0.0112603 9.9349
291.774 250.342 2.6893 -3.12897 -3.96686e-10 29.5 -0.00870617 10
291.274 250.335 2.6893 -3.12897 -1.07969e-10 30 -0.00870617 10
