208.161 115.915 1.43022 -0.0135739 1.82304e-05 0 -0.0847843 0
208.662 115.908 1.52183 -0.0107422 -0.000188612 0.500259 0.603739 0.343279
209.162 115.903 1.77945 -0.00746128 -0.000160431 1.00047 0.959124 0.648046
209.662 115.899 2.01831 -0.00432428 -0.000135905 1.50064 0.852619 0.911479
210.162 115.897 2.20846 -0.00133073 -0.000114334 2.00077 0.760525 1.14764
210.662 115.896 2.3657 0.0015201 -9.51587e-05 2.50087 0.678359 1.3662
211.162 115.897 2.49753 0.00422915 -7.79599e-05 3.00094 0.604247 1.57177
211.662 115.899 2.60914 0.00679743 -6.24503e-05 3.50099 0.536842 1.76751
212.162 115.903 2.70425 0.00922604 -4.84524e-05 4.00102 0.475141 1.95563
212.662 115.907 2.78561 0.0115161 -3.58723e-05 4.50103 0.418378 2.13774
213.162 115.913 2.85527 0.0136685 -2.46726e-05 5.00104 0.36595 2.31505
213.662 115.92 2.9145 0.0156845 -1.48466e-05 5.50104 0.317521 2.48834
214.162 115.928 2.96446 0.0175649 -6.39736e-06 6.00104 0.27275 2.65833
214.662 115.936 3.00669 0.0193107 6.78634e-07 6.50104 0.231116 2.82579
215.162 115.946 3.04181 0.0209227 6.40197e-06 7.00104 0.19244 2.99113
215.662 115.956 3.07016 0.0224017 1.08159e-05 7.50104 0.156659 3.15467
216.162 115.968 3.09296 0.0237485 1.39876e-05 8.00105 0.1233 3.31693
216.662 115.98 3.1103 0.024964 1.60064e-05 8.50105 0.0923884 3.47811
217.162 115.992 3.12274 0.0260488 1.69795e-05 9.00107 0.063718 3.63852
217.661 116.005 3.13097 0.0270038 1.70271e-05 9.50108 0.0370288 3.79843
218.161 116.019 3.13473 0.0278298 1.6277e-05 10.0011 0.012488 3.95801
218.661 116.032 3.13496 0.0285275 1.48592e-05 10.5011 -0.0103066 4.1175
219.161 116.047 3.1316 0.0290978 1.29023e-05 11.0012 -0.031276 4.27707
219.661 116.061 3.12502 0.0295414 1.05296e-05 11.5012 -0.0505435 4.4369
220.161 116.076 3.1156 0.0298594 7.85834e-06 12.0012 -0.0682635 4.59712
220.66 116.091 3.10321 0.0300528 5.00116e-06 12.5013 -0.0842859 4.75795
221.16 116.106 3.08845 0.0301241 2.07626e-06 13.0013 -0.0988756 4.91945
221.66 116.121 3.07132 0.0300777 -7.74155e-07 13.5013 -0.111953 5.0818
222.16 116.136 3.05204 0.0299229 -3.36796e-06 14.0014 -0.123537 5.24513
222.66 116.151 3.03094 0.0296751 -5.50083e-06 14.5014 -0.133737 5.40949
223.159 116.166 3.00803 0.0293556 -7.01732e-06 15.0015 -0.14241 5.57511
223.659 116.181 2.98363 0.0289884 -7.89682e-06 15.5015 -0.149624 5.74203
224.159 116.195 2.95798 0.0285953 -8.27501e-06 16.0015 -0.155394 5.9103
224.659 116.209 2.93121 0.0281919 -8.37253e-06 16.5016 -0.159566 6.08013
225.159 116.223 2.90361 0.0277879 -8.39255e-06 17.0016 -0.162238 6.25155
225.659 116.237 2.87541 0.0273878 -8.46239e-06 17.5016 -0.163578 6.42457
226.158 116.251 2.84681 0.026994 -8.63226e-06 18.0016 -0.163696 6.59929
226.658 116.265 2.81799 0.0266074 -8.89856e-06 18.5016 -0.162638 6.77588
227.158 116.278 2.78916 0.026229 -9.22305e-06 19.0017 -0.16061 6.95425
227.658 116.291 2.76047 0.0258596 -9.54201e-06 19.5017 -0.157715 7.13444
228.158 116.304 2.73207 0.0254999 -9.77007e-06 20.0017 -0.154049 7.31649
228.658 116.317 2.70412 0.0251507 -9.80369e-06 20.5017 -0.149706 7.50041
229.157 116.329 2.67676 0.0248131 -9.52653e-06 21.0017 -0.144752 7.6863
229.657 116.342 2.6501 0.0244878 -8.8173e-06 21.5017 -0.139295 7.87406
230.157 116.354 2.62424 0.0241761 -7.5602e-06 22.0017 -0.133403 8.06367
230.657 116.366 2.5993 0.0238789 -5.65739e-06 22.5017 -0.127134 8.25513
231.157 116.378 2.57537 0.0235973 -3.04294e-06 23.0017 -0.120535 8.44839
231.657 116.39 2.55253 0.0233324 3.03034e-07 23.5018 -0.113643 8.64341
232.157 116.401 2.53087 0.0230855 4.34104e-06 24.0018 -0.106483 8.84014
232.656 116.413 2.51048 0.0228574 8.9613e-06 24.5018 -0.0990686 9.03852
233.156 116.424 2.49144 0.0226492 1.39764e-05 25.0018 -0.0914004 9.23846
233.656 116.436 2.47383 0.0224617 1.91186e-05 25.5018 -0.0834673 9.43988
234.156 116.447 2.45773 0.0222956 2.40427e-05 26.0018 -0.0752464 9.64267
234.656 116.458 2.44324 0.0221514 2.83341e-05 26.5019 -0.0667038 9.84674
235.156 116.469 2.43047 0.0220292 3.1523e-05 27.0019 -0.0577918 10.0519
235.656 116.48 2.41951 0.0219291 3.31029e-05 27.5019 -0.0483361 10.2582
236.156 116.491 2.41056 0.0218509 3.25529e-05 28.002 -0.0379436 10.4652
236.656 116.502 2.40387 0.0217939 2.93642e-05 28.502 -0.0261765 10.673
237.156 116.513 2.39979 0.0217575 2.30674e-05 29.002 -0.0125904 10.8812
237.655 116.524 2.39856 0.0217394 1.32626e-05 29.502 -0.00777087 11
238.155 116.535 2.39856 0.0217394 -4.13769e-07 30.002 -0.00777087 11
