221.779 249.463 3.01568 -3.12902 -2.35898e-08 0 -0.00151247 0
221.279 249.457 3.0158 -3.129 -2.65601e-08 0.5 0.00134776 0.165797
220.779 249.451 3.01602 -3.12898 -2.36404e-08 1 0.00108171 0.331584
220.279 249.444 3.01621 -3.12897 -1.58134e-08 1.5 0.000805142 0.497359
219.779 249.438 3.01634 -3.12897 -1.16441e-09 2 0.000510092 0.663125
219.279 249.432 3.01642 -3.12897 2.14951e-08 2.5 0.000192162 0.828886
218.78 249.425 3.01645 -3.12898 5.21713e-08 3 -0.000154913 0.994643
218.28 249.419 3.01642 -3.12899 8.92121e-08 3.5 -0.00054102 1.1604
217.78 249.413 3.01631 -3.12901 1.28859e-07 4 -0.000968747 1.32616
217.28 249.406 3.01614 -3.12903 1.64993e-07 4.5 -0.00144542 1.49193
216.78 249.4 3.01587 -3.12905 1.89127e-07 5 -0.00198167 1.65771
216.28 249.394 3.01551 -3.12907 1.90828e-07 5.5 -0.00257855 1.82351
215.78 249.388 3.01505 -3.1291 1.5865e-07 6 -0.00324468 1.98933
215.28 249.381 3.01446 -3.12912 8.16681e-08 6.5 -0.00399056 2.15518
214.78 249.375 3.01375 -3.12914 -4.83845e-08 7 -0.00481585 2.32107
214.28 249.369 3.0129 -3.12916 -2.34489e-07 7.5 -0.00573056 2.48699
213.78 249.363 3.01187 -3.12918 -4.71402e-07 8 -0.00674403 2.65298
213.28 249.357 3.01068 -3.1292 -7.4281e-07 8.5 -0.00785456 2.81902
212.78 249.35 3.00929 -3.12921 -1.01903e-06 9 -0.00907305 2.98513
212.28 249.344 3.00768 -3.12922 -1.2559e-06 9.5 -0.0104067 3.15132
211.78 249.338 3.00584 -3.12922 -1.39546e-06 10 -0.0118521 3.31761
211.28 249.332 3.00376 -3.12922 -1.36921e-06 10.5 -0.0134199 3.48401
210.78 249.326 3.00139 -3.12921 -1.10431e-06 11 -0.0151143 3.65053
210.28 249.319 2.99873 -3.12919 -5.33056e-07 11.5 -0.0169296 3.81719
209.78 249.313 2.99576 -3.12916 3.94373e-07 12 -0.0188747 3.98401
209.28 249.307 2.99244 -3.12912 1.69475e-06 12.5 -0.0209505 4.15101
208.78 249.301 2.98877 -3.12908 3.33527e-06 13 -0.0231486 4.31819
208.28 249.294 2.98471 -3.12902 5.2176e-06 13.5 -0.0254743 4.4856
207.78 249.288 2.98023 -3.12895 7.16489e-06 14 -0.0279263 4.65325
207.28 249.282 2.97534 -3.12888 8.9147e-06 14.5 -0.0304934 4.82115
206.78 249.275 2.97 -3.1288 1.01212e-05 15 -0.033176 4.98935
206.28 249.269 2.96417 -3.12872 1.03705e-05 15.5 -0.0359724 5.15787
205.78 249.263 2.95786 -3.12864 9.21204e-06 16 -0.0388683 5.32673
205.281 249.256 2.95105 -3.12858 6.20647e-06 16.5 -0.0418583 5.49595
204.781 249.25 2.94367 -3.12852 9.89788e-07 17 -0.0449397 5.66561
204.281 249.243 2.93577 -3.12848 -6.65014e-06 17.5 -0.0480931 5.83569
203.781 249.237 2.92731 -3.12846 -1.66882e-05 18 -0.0513056 6.00623
203.281 249.23 2.91825 -3.12845 -2.87748e-05 18.5 -0.0545624 6.1773
202.781 249.223 2.9086 -3.12846 -4.21581e-05 19 -0.0578358 6.34891
202.281 249.217 2.89837 -3.12848 -5.56267e-05 19.4999 -0.0610961 6.52109
201.781 249.21 2.88755 -3.12852 -6.74894e-05 19.9999 -0.0643045 6.6939
201.281 249.204 2.87611 -3.12857 -7.56038e-05 20.4998 -0.0674021 6.86739
200.781 249.197 2.86411 -3.12862 -7.74685e-05 20.9998 -0.0703319 7.04158
200.281 249.191 2.85158 -3.12868 -7.03875e-05 21.4997 -0.0730195 7.2165
199.781 249.184 2.83855 -3.12873 -5.1712e-05 21.9997 -0.0753659 7.39222
199.281 249.178 2.82506 -3.12877 -1.91561e-05 22.4997 -0.077245 7.56879
198.782 249.172 2.81124 -3.12879 2.88245e-05 22.9996 -0.0785539 7.74621
198.282 249.165 2.79717 -3.12878 9.26128e-05 23.4996 -0.0791646 7.9245
197.782 249.159 2.78299 -3.12873 0.000171002 23.9997 -0.0789404 8.1037
197.281 249.152 2.76888 -3.12864 0.000260797 24.4997 -0.0776828 8.28387
196.781 249.146 2.75502 -3.1285 0.000356501 24.9999 -0.0752902 8.46497
196.281 249.139 2.74164 -3.12831 0.000450135 25.5002 -0.0716558 8.647
195.781 249.133 2.72896 -3.12809 0.000531236 26.0005 -0.066685 8.82991
195.281 249.126 2.71726 -3.12783 0.000587101 26.5009 -0.0603116 9.01367
194.78 249.119 2.70682 -3.12756 0.000603279 27.0013 -0.0525068 9.19819
194.28 249.112 2.69797 -3.12731 0.000564366 27.5018 -0.0432481 9.38342
193.779 249.105 2.69092 -3.12711 0.000455059 28.0023 -0.0326555 9.56918
193.279 249.098 2.68594 -3.127 0.000261485 28.5027 -0.0208468 9.75533
192.779 249.09 2.68317 -3.12703 -2.7274e-05 29.0029 -0.0095028 9.94166
192.279 249.083 2.68263 -3.12725 -0.000417507 29.5027 -0.00746704 10
191.78 249.076 2.68263 -3.12725 -0.000909149 30.0021 -0.00746704 10
