170.549 169.707 3.01549 -1.55426 -5.31124e-09 0 -0.00165786 0
170.557 169.207 3.01562 -1.55425 -8.23868e-09 0.5 0.00160865 0.165807
170.566 168.707 3.0159 -1.55424 -1.4519e-08 1 0.00133004 0.331602
170.574 168.207 3.01612 -1.55424 -2.0848e-08 1.5 0.00104123 0.497384
170.582 167.707 3.01629 -1.55425 -2.57277e-08 2 0.000734299 0.663154
170.59 167.207 3.01641 -1.55426 -2.74302e-08 2.5 0.000404825 0.828916
170.599 166.707 3.01647 -1.55427 -2.40979e-08 3 4.65431e-05 0.994673
170.607 166.207 3.01647 -1.55429 -1.39615e-08 3.5 -0.000350427 1.16043
170.615 165.707 3.01639 -1.55432 4.32902e-09 4 -0.000788717 1.32619
170.623 165.207 3.01625 -1.55434 3.13113e-08 4.5 -0.00127565 1.49195
170.632 164.708 3.01601 -1.55437 6.62229e-08 5 -0.00182186 1.65773
170.64 164.208 3.01568 -1.5544 1.06502e-07 5.5 -0.00242841 1.82351
170.648 163.708 3.01524 -1.55443 1.47423e-07 6 -0.0031039 1.98933
170.656 163.208 3.01467 -1.55446 1.81878e-07 6.5 -0.0038588 2.15517
170.664 162.708 3.01398 -1.55448 2.00506e-07 7 -0.00469279 2.32104
170.673 162.208 3.01315 -1.55451 1.92269e-07 7.5 -0.00561587 2.48695
170.681 161.708 3.01214 -1.55453 1.45588e-07 8 -0.00663741 2.65292
170.689 161.208 3.01097 -1.55455 5.00711e-08 8.5 -0.00775584 2.81894
170.697 160.708 3.00959 -1.55456 -1.0114e-07 9 -0.00898225 2.98504
170.705 160.208 3.008 -1.55457 -3.08619e-07 9.5 -0.0103241 3.15122
170.713 159.708 3.00618 -1.55458 -5.63661e-07 10 -0.0117783 3.31749
170.721 159.208 3.0041 -1.55458 -8.45561e-07 10.5 -0.0133563 3.48387
170.729 158.708 3.00174 -1.55457 -1.11959e-06 11 -0.0150628 3.65037
170.737 158.208 2.99909 -1.55455 -1.33641e-06 11.5 -0.0168928 3.81701
170.746 157.708 2.99612 -1.55453 -1.43347e-06 12 -0.018856 3.98381
170.754 157.209 2.9928 -1.55449 -1.3392e-06 12.5 -0.0209541 4.15079
170.762 156.709 2.98913 -1.55445 -9.80217e-07 13 -0.023179 4.31795
170.77 156.209 2.98506 -1.55439 -2.92005e-07 13.5 -0.0255363 4.48533
170.778 155.709 2.98057 -1.55433 7.67261e-07 14 -0.0280245 4.65296
170.787 155.209 2.97567 -1.55425 2.20037e-06 14.5 -0.0306314 4.82085
170.795 154.709 2.9703 -1.55417 3.95385e-06 15 -0.0333561 4.98902
170.803 154.209 2.96443 -1.55409 5.9026e-06 15.5 -0.0361941 5.15753
170.811 153.709 2.95808 -1.55402 7.83957e-06 16 -0.0391285 5.32637
170.82 153.209 2.95123 -1.55395 9.47284e-06 16.5 -0.0421506 5.49559
170.828 152.709 2.9438 -1.55389 1.04325e-05 17 -0.0452527 5.66523
170.837 152.209 2.93584 -1.55384 1.02899e-05 17.5 -0.048413 5.83531
170.845 151.709 2.92733 -1.5538 8.59203e-06 18 -0.0516161 6.00585
170.854 151.209 2.91822 -1.55378 4.91351e-06 18.5 -0.0548447 6.17693
170.862 150.709 2.90852 -1.55377 -1.07555e-06 19 -0.0580734 6.34856
170.871 150.209 2.89826 -1.55376 -9.52845e-06 19.5 -0.0612774 6.52076
170.879 149.71 2.88741 -1.55378 -2.03337e-05 20 -0.0644259 6.69358
170.888 149.21 2.87595 -1.5538 -3.30282e-05 20.5 -0.0674748 6.8671
170.896 148.71 2.86394 -1.55384 -4.67232e-05 21 -0.0703841 7.04131
170.905 148.21 2.8514 -1.55389 -6.00555e-05 21.4999 -0.0731008 7.21624
170.913 147.71 2.83834 -1.55395 -7.11797e-05 21.9999 -0.0755521 7.39197
170.922 147.21 2.82481 -1.55402 -7.78137e-05 22.4998 -0.0776418 7.56855
170.93 146.71 2.81088 -1.55409 -7.73517e-05 22.9998 -0.0792866 7.74597
170.938 146.21 2.79664 -1.55416 -6.70519e-05 23.4997 -0.0803744 7.92427
170.947 145.71 2.7822 -1.55422 -4.43022e-05 23.9997 -0.0807754 8.10348
170.955 145.211 2.76768 -1.55426 -6.95805e-06 24.4997 -0.0802872 8.28368
170.963 144.711 2.75326 -1.55428 4.62606e-05 24.9997 -0.0787699 8.46483
170.971 144.211 2.73915 -1.55426 0.000115339 25.4998 -0.0760567 8.64693
170.98 143.711 2.72559 -1.5542 0.00019854 25.9999 -0.0719638 8.82997
170.988 143.21 2.71284 -1.55409 0.000292016 26.5001 -0.0663116 9.01391
170.996 142.71 2.70123 -1.55392 0.000389518 27.0004 -0.0589252 9.19871
171.005 142.21 2.69116 -1.55371 0.000482251 27.5007 -0.0495893 9.38431
171.013 141.71 2.68298 -1.55346 0.000558925 28.0011 -0.0382678 9.57055
171.022 141.209 2.67708 -1.55318 0.000606049 28.5015 -0.024909 9.7573
171.031 140.709 2.67373 -1.55289 0.000608499 29.002 -0.0115447 9.94437
171.04 140.209 2.67311 -1.55262 0.000550383 29.5024 -0.00920103 10
171.049 139.708 2.67311 -1.55262 0.000416197 30.0028 -0.00920103 10
