276.013 117.432 0.136705 -0.0589387 2.54231e-10 0 0.863766 0
276.514 117.402 1.10502 -0.0564197 -0.000445006 0.501381 1.0863 0.81216
277.014 117.374 1.48663 -0.0534702 -0.000413918 1.00267 0.894634 1.19748
277.515 117.347 1.74076 -0.0506124 -0.000384486 1.50386 0.747955 1.50723
278.015 117.322 1.92765 -0.0478462 -0.000356657 2.00494 0.625825 1.77983
278.516 117.298 2.07084 -0.0451711 -0.000330376 2.50594 0.520175 2.03008
279.016 117.275 2.18215 -0.0425869 -0.000305591 3.00686 0.426884 2.26542
279.516 117.254 2.26898 -0.0400932 -0.000282247 3.5077 0.343342 2.49042
280.017 117.234 2.3354 -0.0376897 -0.000260291 4.00847 0.268138 2.70782
280.517 117.215 2.38482 -0.035376 -0.000239668 4.50917 0.200073 2.91982
281.017 117.197 2.41992 -0.0331517 -0.000220327 5.00981 0.1382 3.12811
281.518 117.181 2.44248 -0.0310164 -0.000202212 5.5104 0.0819246 3.33392
282.018 117.165 2.45393 -0.0289697 -0.000185272 6.01094 0.0308039 3.5383
282.518 117.151 2.45542 -0.0270112 -0.000169454 6.51143 -0.0154858 3.74212
283.019 117.137 2.44794 -0.0251404 -0.000154706 7.01188 -0.0571661 3.94619
283.519 117.124 2.43235 -0.023357 -0.000140975 7.51228 -0.0943677 4.15121
284.019 117.113 2.4094 -0.0216603 -0.000128212 8.01266 -0.127136 4.35785
284.519 117.102 2.37984 -0.02005 -0.000116365 8.513 -0.155433 4.56674
285.019 117.092 2.34437 -0.0185255 -0.000105384 9.01331 -0.179133 4.77849
285.52 117.083 2.30377 -0.0170865 -9.52199e-05 9.5136 -0.198017 4.99368
286.02 117.074 2.25875 -0.0157323 -8.5823e-05 10.0139 -0.211771 5.21297
286.52 117.066 2.21023 -0.0144625 -7.71455e-05 10.5141 -0.220736 5.43689
287.02 117.059 2.15909 -0.0132765 -6.91399e-05 11.0143 -0.22541 5.66584
287.52 117.052 2.10609 -0.0121739 -6.17598e-05 11.5145 -0.226208 5.90028
288.02 117.046 2.05195 -0.0111539 -5.49622e-05 12.0147 -0.223318 6.141
288.521 117.041 1.99746 -0.0102156 -4.87147e-05 12.5149 -0.217397 6.38798
289.021 117.036 1.94334 -0.00935711 -4.30142e-05 13.0151 -0.2087 6.64192
289.521 117.031 1.89025 -0.00857406 -3.79153e-05 13.5152 -0.197767 6.90277
290.021 117.027 1.83891 -0.00785846 -3.35405e-05 14.0153 -0.184924 7.17113
290.521 117.023 1.78988 -0.00719808 -3.00232e-05 14.5155 -0.170691 7.44685
291.021 117.019 1.74369 -0.00657868 -2.73833e-05 15.0156 -0.155498 7.72996
291.521 117.016 1.7008 -0.00598812 -2.54377e-05 15.5157 -0.139779 8.02039
292.021 117.013 1.66157 -0.00541974 -2.38669e-05 16.0158 -0.123964 8.31793
292.522 117.01 1.62623 -0.00487241 -2.2392e-05 16.5159 -0.108455 8.62224
293.022 117.008 1.59488 -0.00434801 -2.08919e-05 17.0161 -0.0936174 8.93284
293.522 117.005 1.5675 -0.00384863 -1.93759e-05 17.5161 -0.0797673 9.2492
294.022 117.004 1.54391 -0.00337538 -1.78953e-05 18.0162 -0.0671634 9.57072
294.522 117.002 1.52384 -0.00292846 -1.64862e-05 18.5163 -0.0560043 9.89678
295.022 117 1.50699 -0.00250751 -1.51616e-05 19.0164 -0.0464704 10.2269
295.522 116.999 1.49286 -0.00211202 -1.39215e-05 19.5165 -0.0386137 10.5603
296.022 116.998 1.48093 -0.00174142 -1.27617e-05 20.0166 -0.0324574 10.8967
296.522 116.997 1.47074 -0.0013951 -1.16769e-05 20.5166 -0.0280361 11.2355
297.022 116.996 1.46169 -0.00107249 -1.0662e-05 21.0167 -0.0252463 11.5766
297.522 116.996 1.45328 -0.000772967 -9.71212e-06 21.5168 -0.0240178 11.9197
298.022 116.996 1.44499 -0.000495949 -8.82269e-06 22.0168 -0.0242328 12.2648
298.522 116.995 1.43635 -0.00024083 -7.98933e-06 22.5169 -0.0257263 12.6119
299.023 116.995 1.42693 -7.00699e-06 -7.20796e-06 23.017 -0.0283421 12.9612
299.523 116.995 1.41637 0.000206127 -6.47474e-06 23.517 -0.0318485 13.3129
300.023 116.995 1.40435 0.000399181 -5.78608e-06 24.0171 -0.0360124 13.6674
300.523 116.995 1.39066 0.000572764 -5.13865e-06 24.5171 -0.0405257 14.0252
301.023 116.996 1.37519 0.00072749 -4.52933e-06 25.0172 -0.045032 14.3868
301.523 116.996 1.35795 0.000863973 -3.95525e-06 25.5172 -0.0490797 14.7527
302.023 116.997 1.33915 0.000982829 -3.41376e-06 26.0173 -0.0521297 15.1234
302.523 116.997 1.31922 0.00108468 -2.90242e-06 26.5173 -0.0535059 15.4996
303.023 116.998 1.29892 0.00117014 -2.419e-06 27.0174 -0.0523224 15.8816
303.523 116.998 1.27941 0.00123984 -1.96149e-06 27.5174 -0.0477242 16.2696
304.023 116.999 1.26206 0.0012944 -1.52806e-06 28.0175 -0.0400971 16.6632
304.523 116.999 1.24793 0.00133445 -1.11709e-06 28.5175 -0.0306659 17.0617
305.023 117 1.23768 0.00136062 -7.27137e-07 29.0176 -0.0200043 17.4642
305.523 117.001 1.23212 0.00137422 -3.56926e-07 29.5176 -0.00694371 17.8693
306.023 117.001 1.23139 0.00137422 -1.20042e-07 30.0177 -0.00400197 18
