171.647 129.221 1.95433 -1.53253 0.0181326 0 -0.109254 0
171.666 128.711 1.92607 -1.52327 0.02349 0.510972 -0.118778 0.263382
171.691 128.198 1.89031 -1.51141 0.0293815 1.02468 -0.145747 0.532506
171.721 127.682 1.84731 -1.49621 0.0355403 1.54128 -0.164543 0.808817
171.76 127.164 1.79871 -1.47757 0.0418388 2.0609 -0.175438 1.0938
171.809 126.643 1.74628 -1.45542 0.0481398 2.5836 -0.179036 1.3887
171.869 126.121 1.69183 -1.4298 0.0543024 3.1094 -0.176107 1.69455
171.943 125.597 1.63713 -1.40081 0.0601897 3.63827 -0.167475 2.01236
172.033 125.073 1.58393 -1.36862 0.065678 4.1701 -0.154231 2.34273
172.141 124.549 1.53378 -1.33347 0.0706666 4.70476 -0.137673 2.68576
172.267 124.027 1.48812 -1.29565 0.0750873 5.24205 -0.119107 3.04153
172.414 123.508 1.44782 -1.25549 0.0789114 5.78176 -0.0999868 3.40928
172.582 122.993 1.41347 -1.2133 0.0821532 6.32366 -0.0816471 3.78822
172.772 122.483 1.385 -1.16938 0.0848682 6.86756 -0.0653067 4.1771
172.985 121.981 1.36183 -1.12422 0.0871467 7.41329 -0.0518516 4.57458
173.22 121.492 1.34314 -1.07815 0.0891019 7.95561 -0.0419045 4.97566
173.475 121.015 1.32758 -1.03109 0.0908555 8.49638 -0.0354457 5.38068
173.754 120.551 1.31383 -0.983024 0.092521 9.03776 -0.0320963 5.79063
174.054 120.1 1.30078 -0.933955 0.0941866 9.57965 -0.0311689 6.20515
174.377 119.664 1.28764 -0.883857 0.0959003 10.122 -0.031651 6.62419
174.721 119.244 1.27408 -0.832699 0.0976571 10.6647 -0.0322971 7.04791
175.086 118.842 1.26028 -0.780476 0.0993925 11.2078 -0.0318036 7.47654
175.473 118.46 1.247 -0.727241 0.100981 11.7515 -0.0289445 7.91024
175.879 118.098 1.23555 -0.659161 0.102248 12.2958 -0.0227307 8.34885
176.413 117.684 1.2264 -0.602912 0.103186 12.9713 -0.00954818 8.89785
176.879 117.363 1.22541 -0.546021 0.102743 13.5374 0.00563288 9.35983
177.364 117.069 1.23212 -0.489663 0.101307 14.1042 0.0239751 9.8214
177.864 116.802 1.24779 -0.434526 0.0988029 14.671 0.0450061 10.2788
178.377 116.564 1.27317 -0.381287 0.0952509 15.237 0.0683956 10.7281
178.901 116.354 1.30891 -0.330533 0.0907697 15.8012 0.0971579 11.1655
179.432 116.172 1.35836 -0.282012 0.0855655 16.3629 0.138903 11.5872
179.972 116.015 1.42259 -0.233497 0.0848389 16.9247 0.176315 11.9916
180.519 115.885 1.495 -0.187593 0.078608 17.4871 0.197054 12.3772
181.065 115.782 1.56739 -0.165112 0.0644807 18.0431 0.198002 12.7403
181.495 115.71 1.6192 -0.114615 0.0552912 18.4787 0.177017 13.0137
182.136 115.636 1.68105 -0.112225 0.0374806 19.1237 0.145551 13.4044
182.545 115.59 1.71608 -0.080634 0.0204378 19.5358 0.144902 13.6469
183.166 115.54 1.77025 -0.0733934 0.0289634 20.1589 0.160851 14.0045
183.686 115.502 1.81994 -0.0715036 0.0318504 20.6801 0.181637 14.295
184.107 115.472 1.86353 -0.0442092 0.0318197 21.1023 0.198118 14.5241
184.649 115.448 1.92266 -0.0312817 0.0281874 21.6441 0.214034 14.8105
185.17 115.431 1.98111 -0.0206498 0.0219907 22.1656 0.222421 15.0776
185.681 115.421 2.03783 -0.0128801 0.0164893 22.6772 0.221932 15.3322
186.185 115.414 2.091 -0.00774071 0.0112631 23.1807 0.212872 15.5761
186.681 115.41 2.13921 -0.00490596 0.00653037 23.6773 0.196607 15.8109
187.172 115.408 2.18133 0.0060377 0.00241283 24.1682 0.173809 16.038
187.782 115.412 2.22447 -0.00358788 -0.00242642 24.778 0.136203 16.3148
188.28 115.41 2.25093 -0.00581194 -0.00471813 25.2759 0.10232 16.5372
188.776 115.407 2.26976 -0.00889911 -0.00627612 25.7722 0.0696671 16.7567
189.271 115.403 2.28175 -0.0124909 -0.00715898 26.2672 0.0410043 16.9742
189.766 115.396 2.28813 -0.0162754 -0.00745495 26.7616 0.0182247 17.1905
190.26 115.388 2.29026 -0.0199972 -0.00727102 27.2559 0.00234804 17.4064
190.754 115.378 2.28974 -0.0234609 -0.0067218 27.7504 -0.00599855 17.6223
191.249 115.367 2.28826 -0.0265303 -0.00591995 28.2454 -0.00663065 17.8386
191.745 115.354 2.28736 -0.0291234 -0.00496879 28.7411 -0.00440612 18
192.241 115.339 2.28736 -0.0312044 -0.00395761 29.2377 -0.00440612 18
192.738 115.324 2.28736 -0.0327756 -0.00295916 29.7351 -0.00440612 18
193.236 115.307 2.28736 -0.0338679 -0.00202907 30.2334 -0.00440612 18
193.735 115.29 2.28736 -0.0345323 -0.00120652 30.7325 -0.00440612 18
194.235 115.273 2.28736 -0.0348335 -0.000515752 31.2323 -0.00440612 18
194.735 115.256 2.28736 -0.0348335 3.26072e-05 31.7327 -0.00440612 18
