276.013 117.453 0.0111307 -0.0583501 2.10526e-10 0 -0.0307918 0
276.513 117.424 1.20494 -0.054792 -0.000620845 0.501359 1.50398 1.15837
277.014 117.397 1.68025 -0.0506513 -0.000562637 1.00259 1.23729 1.50491
277.514 117.371 1.98932 -0.0466722 -0.000508431 1.50368 1.04018 1.77694
278.015 117.348 2.21743 -0.0428548 -0.000458076 2.00464 0.876974 2.01487
278.515 117.326 2.39198 -0.0391989 -0.000411422 2.50549 0.736139 2.23178
279.015 117.307 2.52883 -0.0357043 -0.000368316 3.00623 0.611163 2.43511
279.516 117.289 2.63633 -0.0323708 -0.000328602 3.50688 0.49864 2.62886
280.016 117.273 2.72007 -0.0291983 -0.000292123 4.00745 0.396276 2.81571
280.516 117.258 2.78382 -0.0261865 -0.000258723 4.50795 0.302526 2.99755
281.017 117.245 2.82961 -0.0233351 -0.000228243 5.00838 0.216584 3.17569
281.517 117.233 2.86051 -0.0206437 -0.000200525 5.50875 0.13719 3.35148
282.017 117.223 2.87809 -0.0181121 -0.000175411 6.00907 0.0637247 3.5258
282.517 117.214 2.88356 -0.0157398 -0.000152743 6.50935 -0.00425222 3.6994
283.017 117.206 2.87701 -0.0135265 -0.000132364 7.00959 -0.0666408 3.87304
283.518 117.199 2.86025 -0.0114717 -0.000114118 7.5098 -0.124118 4.04737
284.018 117.193 2.83388 -0.0095746 -9.78563e-05 8.00998 -0.176858 4.22299
284.518 117.189 2.79839 -0.00783387 -8.34489e-05 8.51014 -0.225059 4.40048
285.018 117.185 2.75368 -0.0062463 -7.08012e-05 9.01027 -0.268616 4.58067
285.518 117.182 2.70068 -0.00480535 -5.98678e-05 9.51039 -0.307909 4.76405
286.018 117.179 2.63967 -0.00349972 -5.06308e-05 10.0105 -0.342934 4.95131
286.518 117.177 2.57085 -0.00231348 -4.30343e-05 10.5106 -0.373621 5.14323
287.018 117.176 2.49443 -0.00122854 -3.69105e-05 11.0107 -0.399979 5.34064
287.518 117.176 2.41057 -0.000228453 -3.19684e-05 11.5107 -0.422041 5.54452
288.018 117.176 2.3194 0.000698729 -2.78794e-05 12.0108 -0.439763 5.75593
288.519 117.176 2.22106 0.00156005 -2.43768e-05 12.5108 -0.453003 5.97611
289.019 117.177 2.11562 0.00235902 -2.1294e-05 13.0109 -0.461491 6.20658
289.519 117.178 2.00294 0.00309723 -1.8543e-05 13.5109 -0.464957 6.44961
290.019 117.179 1.88348 0.00377551 -1.60778e-05 14.011 -0.463546 6.70671
290.519 117.181 1.75693 0.00439444 -1.38684e-05 14.511 -0.456661 6.98156
291.019 117.184 1.62357 0.00495456 -1.18901e-05 15.011 -0.443944 7.27748
291.519 117.186 1.4836 0.00545636 -1.01195e-05 15.5111 -0.425294 7.5992
292.019 117.189 1.33697 0.00590036 -8.53397e-06 16.0111 -0.400456 7.9543
292.519 117.192 1.1841 0.00628709 -7.11167e-06 16.5111 -0.369202 8.3513
293.019 117.195 1.02549 0.00661705 -5.83117e-06 17.0111 -0.330427 8.80416
293.519 117.198 0.862944 0.00689076 -4.67169e-06 17.5111 -0.281533 9.33524
294.019 117.202 0.701666 0.00710873 -3.61302e-06 18.0112 -0.221272 9.97697
294.519 117.205 0.552633 0.00727149 -2.63551e-06 18.5112 -0.151163 10.7802
295.019 117.209 0.438041 0.00737955 -1.7201e-06 19.0112 -0.0753191 11.8029
295.519 117.212 0.393333 0.00743639 -8.48285e-07 19.5112 -0.0028625 13
296.019 117.216 0 0.00743639 -2.81086e-07 20.0112 0 13
