170.091 239.209 1.17932 -1.6924 0.0634503 0 0.0244203 0
170.026 238.674 1.20993 -1.6639 0.0524925 0.538365 0.102144 0.451658
169.99 238.287 1.2484 -1.63876 0.0472174 0.927018 0.139221 0.76812
169.947 237.651 1.32601 -1.6143 0.0318619 1.56456 0.170945 1.26389
169.924 237.12 1.39803 -1.59424 0.0321725 2.09588 0.199528 1.65424
169.914 236.727 1.45645 -1.58189 0.0320318 2.48907 0.225059 1.92987
169.908 236.151 1.55047 -1.56239 0.0307437 3.06524 0.266104 2.31351
169.913 235.598 1.64935 -1.5449 0.0281008 3.61817 0.305481 2.65925
169.926 235.066 1.75046 -1.52974 0.0241944 4.15045 0.339502 2.97258
169.947 234.557 1.85041 -1.51825 0.0192943 4.65993 0.365856 3.2556
169.974 234.051 1.95073 -1.50943 0.0141866 5.16701 0.385159 3.52254
170.005 233.547 2.0496 -1.50309 0.00940854 5.67183 0.397297 3.77494
170.039 233.047 2.14529 -1.49857 0.00503342 6.17308 0.40244 4.014
170.074 232.559 2.23486 -1.49659 0.00122936 6.66179 0.399627 4.23704
170.11 232.076 2.31899 -1.49633 -0.00188232 7.1469 0.389315 4.45006
170.146 231.594 2.39709 -1.49743 -0.00424123 7.62981 0.372727 4.65483
170.181 231.113 2.46883 -1.49953 -0.0058487 8.11179 0.351 4.85291
170.216 230.632 2.53404 -1.50229 -0.00675959 8.59393 0.325124 5.04562
170.249 230.15 2.5926 -1.50542 -0.00706821 9.07713 0.29564 5.23411
170.28 229.667 2.64451 -1.50866 -0.00689183 9.56203 0.264226 5.41929
170.311 229.18 2.68999 -1.51183 -0.00635516 10.0491 0.232594 5.60192
170.339 228.692 2.72911 -1.52246 -0.00557783 10.5385 0.202074 5.78246
170.369 228.072 2.7707 -1.51832 -0.00418347 11.1593 0.166462 6.00819
170.396 227.573 2.7982 -1.52043 -0.0032296 11.6583 0.141016 6.18738
170.421 227.075 2.82112 -1.52224 -0.0023259 12.1577 0.118148 6.36506
170.445 226.576 2.84013 -1.52378 -0.00151415 12.6574 0.0975958 6.54156
170.469 226.076 2.85568 -1.52511 -0.00082061 13.1573 0.079107 6.7171
170.491 225.577 2.86806 -1.52629 -0.000258339 13.6574 0.0624218 6.89185
170.514 225.077 2.87753 -1.52737 0.000170399 14.1577 0.0472264 7.06595
170.535 224.577 2.88449 -1.52839 0.000471809 14.658 0.0331111 7.23961
170.557 224.077 2.88911 -1.52938 0.000658207 15.1584 0.0197973 7.41294
170.577 223.577 2.89143 -1.53034 0.000745825 15.6588 0.00705664 7.58607
170.597 223.077 2.89153 -1.53128 0.000753062 16.1592 -0.00533513 7.75911
170.617 222.577 2.88956 -1.53223 0.000699194 16.6596 -0.0175411 7.93221
170.637 222.077 2.88553 -1.53318 0.000603299 17.1599 -0.0296549 8.10546
170.655 221.577 2.87929 -1.53414 0.000483178 17.6602 -0.0417226 8.27902
170.674 221.077 2.87096 -1.53512 0.000354364 18.1604 -0.0537466 8.453
170.692 220.578 2.86055 -1.53613 0.000229398 18.6606 -0.0656875 8.62752
170.709 220.078 2.84807 -1.53714 0.000117489 19.1607 -0.0774777 8.8027
170.726 219.578 2.83336 -1.53816 2.45284e-05 19.6608 -0.0889988 8.97876
170.742 219.078 2.81659 -1.53917 -4.66198e-05 20.1609 -0.100142 9.15578
170.758 218.578 2.79781 -1.54016 -9.56325e-05 20.6609 -0.110784 9.3339
170.773 218.078 2.77706 -1.54112 -0.000124138 21.1609 -0.120789 9.51325
170.788 217.579 2.7544 -1.54203 -0.000135097 21.6609 -0.129991 9.69402
170.802 217.079 2.7299 -1.54291 -0.000132211 22.161 -0.138207 9.87638
170.816 216.579 2.70378 -1.54373 -0.000119419 22.661 -0.145301 10.0604
170.83 216.079 2.67622 -1.54449 -0.000100485 23.161 -0.151091 10.2463
170.843 215.579 2.64742 -1.54519 -7.8718e-05 23.661 -0.155373 10.4341
170.856 215.08 2.61765 -1.54583 -5.67894e-05 24.161 -0.157919 10.6241
170.868 214.58 2.58724 -1.54641 -3.66646e-05 24.661 -0.158466 10.8162
170.88 214.08 2.55657 -1.54694 -1.96092e-05 25.161 -0.156717 11.0106
170.892 213.58 2.52612 -1.5474 -6.26008e-06 25.661 -0.152393 11.2073
170.904 213.08 2.49644 -1.54782 3.2654e-06 26.161 -0.145384 11.4064
170.916 212.58 2.46811 -1.54817 9.24031e-06 26.6611 -0.135602 11.6079
170.927 212.08 2.44175 -1.54848 1.21963e-05 27.1611 -0.122941 11.8116
170.938 211.58 2.41803 -1.54873 1.28025e-05 27.6611 -0.107277 12.0174
170.949 211.081 2.39767 -1.54893 1.1763e-05 28.1611 -0.0886426 12.2251
170.96 210.581 2.38132 -1.54908 9.7394e-06 28.6611 -0.0675489 12.4344
170.971 210.081 2.3695 -1.54918 7.29825e-06 29.1611 -0.0446373 12.6449
170.982 209.581 2.3626 -1.54923 4.88222e-06 29.6611 -0.020573 12.8563
170.992 209.081 2.36044 -1.54923 2.62987e-06 30.1611 -0.00909418 13
