422.756 252.565 2.92718 -3.10964 -1.36646e-13 0 0.169962 0
422.256 252.549 2.94303 -3.10781 8.9149e-05 0.500094 0.0597529 0.170263
421.756 252.532 2.95281 -3.10574 9.22856e-05 1.00021 0.0552833 0.339904
421.257 252.514 2.96185 -3.10381 9.36881e-05 1.50034 0.0509359 0.509031
420.757 252.495 2.9701 -3.10201 9.34953e-05 2.0005 0.0467197 0.677652
420.257 252.476 2.97763 -3.10036 9.18429e-05 2.50068 0.0426327 0.845835
419.757 252.455 2.98449 -3.09885 8.88633e-05 3.00089 0.0386713 1.01363
419.258 252.434 2.99067 -3.09748 8.46859e-05 3.50111 0.034843 1.18106
418.758 252.412 2.99619 -3.09624 7.94369e-05 4.00136 0.0311417 1.34817
418.258 252.389 3.00113 -3.09514 7.32394e-05 4.50163 0.0275568 1.515
417.758 252.366 3.00545 -3.09418 6.62138e-05 5.00192 0.0240896 1.68158
417.259 252.342 3.00919 -3.09335 5.84773e-05 5.50222 0.0207307 1.84793
416.759 252.318 3.01239 -3.09265 5.01444e-05 6.00254 0.0174662 2.01411
416.259 252.293 3.01504 -3.09209 4.13266e-05 6.50287 0.0142938 2.18012
415.759 252.269 3.01717 -3.09166 3.21329e-05 7.00321 0.0112009 2.34601
415.26 252.244 3.01881 -3.09135 2.26696e-05 7.50356 0.00817387 2.51179
414.76 252.219 3.01993 -3.09118 1.30404e-05 8.00391 0.00520722 2.67751
414.26 252.193 3.02056 -3.09114 3.34656e-06 8.50427 0.00228722 2.84317
413.76 252.168 3.02073 -3.09122 -6.31308e-06 9.00463 -0.000597944 3.00881
413.261 252.143 3.0204 -3.09143 -1.5842e-05 9.50498 -0.00345614 3.17446
412.761 252.118 3.0196 -3.09177 -2.51458e-05 10.0053 -0.00629976 3.34014
412.261 252.093 3.01835 -3.09223 -3.41325e-05 10.5057 -0.0091381 3.50587
411.762 252.068 3.0166 -3.09281 -4.27117e-05 11.006 -0.0119806 3.67168
411.262 252.044 3.01438 -3.09352 -5.07941e-05 11.5063 -0.0148358 3.8376
410.762 252.02 3.01171 -3.09435 -5.82867e-05 12.0067 -0.01771 4.00364
410.262 251.996 3.00852 -3.0953 -6.50762e-05 12.507 -0.0206126 4.16985
409.763 251.973 3.00486 -3.09637 -7.09891e-05 13.0072 -0.0235461 4.33624
409.263 251.95 3.00071 -3.09755 -7.57316e-05 13.5075 -0.026513 4.50283
408.763 251.928 2.99603 -3.09883 -7.88666e-05 14.0078 -0.0295182 4.66967
408.263 251.907 2.99085 -3.10018 -7.99308e-05 14.508 -0.0325562 4.83678
407.764 251.886 2.98517 -3.10157 -7.87023e-05 15.0082 -0.0356227 5.00417
407.264 251.866 2.97893 -3.10298 -7.54253e-05 15.5084 -0.0387137 5.17191
406.764 251.847 2.97217 -3.10438 -7.07519e-05 16.0086 -0.041819 5.34
406.264 251.828 2.96488 -3.10574 -6.54284e-05 16.5087 -0.0449307 5.50847
405.764 251.81 2.95702 -3.10707 -6.00046e-05 17.0088 -0.0480389 5.67739
405.264 251.793 2.94862 -3.10836 -5.47596e-05 17.509 -0.0511311 5.84676
404.765 251.777 2.93969 -3.1096 -4.97889e-05 18.0091 -0.0541936 6.01661
404.265 251.761 2.93021 -3.1108 -4.51102e-05 18.5092 -0.0572064 6.187
403.765 251.745 2.92017 -3.11196 -4.07209e-05 19.0092 -0.0601439 6.35796
403.265 251.73 2.90961 -3.11307 -3.66154e-05 19.5093 -0.062983 6.52952
402.765 251.716 2.89855 -3.11413 -3.27881e-05 20.0094 -0.0656938 6.70168
402.265 251.702 2.88697 -3.11515 -2.92329e-05 20.5094 -0.068222 6.87457
401.766 251.689 2.87492 -3.11613 -2.59431e-05 21.0095 -0.0705354 7.04814
401.266 251.676 2.86245 -3.11705 -2.29112e-05 21.5095 -0.0725866 7.22244
400.766 251.664 2.8496 -3.11792 -2.01292e-05 22.0096 -0.0743173 7.3975
400.266 251.652 2.8364 -3.11875 -1.7588e-05 22.5096 -0.0756337 7.5734
399.766 251.641 2.82296 -3.11953 -1.5278e-05 23.0096 -0.0764875 7.75012
399.266 251.63 2.80934 -3.12025 -1.31888e-05 23.5096 -0.076798 7.92767
398.766 251.619 2.79566 -3.12092 -1.13092e-05 24.0097 -0.0764756 8.10606
398.266 251.609 2.78204 -3.12155 -9.62731e-06 24.5097 -0.0753811 8.28537
397.766 251.599 2.76864 -3.12211 -8.13049e-06 25.0097 -0.0734166 8.46554
397.266 251.589 2.7556 -3.12263 -6.80528e-06 25.5097 -0.0704747 8.64657
396.766 251.58 2.74314 -3.12309 -5.63748e-06 26.0097 -0.0664241 8.82844
396.267 251.57 2.73146 -3.12349 -4.61211e-06 26.5097 -0.0611228 9.01109
395.767 251.561 2.72084 -3.12384 -3.71342e-06 27.0097 -0.0543937 9.19451
395.267 251.552 2.7116 -3.12414 -2.92485e-06 27.5097 -0.0460432 9.37861
394.767 251.544 2.70403 -3.12437 -2.22909e-06 28.0097 -0.0359515 9.56328
394.267 251.535 2.69847 -3.12455 -1.60798e-06 28.5097 -0.0239484 9.74839
393.767 251.527 2.69523 -3.12467 -1.04259e-06 29.0098 -0.0113355 9.93381
393.267 251.518 2.69452 -3.12473 -5.13163e-07 29.5098 -0.00872691 10
392.767 251.51 2.69452 -3.12473 -1.64582e-07 30.0098 -0.00872691 10
