187.304 248.621 2.11076 -3.13125 -0.00508057 0 -0.241755 0
186.806 248.616 2.07179 -3.13411 -0.00445964 0.497615 -0.147266 0.238196
186.308 248.612 2.03589 -3.13651 -0.00330885 0.995776 -0.152214 0.480689
185.809 248.609 1.998 -3.13804 -0.00158334 1.49477 -0.156671 0.728075
185.309 248.608 1.95815 -3.13837 0.000769729 1.9949 -0.16059 0.980862
184.807 248.606 1.91633 -3.13716 0.00378284 2.49651 -0.163848 1.2398
184.304 248.604 1.87263 -3.13403 0.00746436 2.99994 -0.166282 1.50542
183.8 248.6 1.82721 -3.12869 0.0117961 3.50424 -0.167617 1.77805
183.294 248.593 1.78028 -3.1208 0.0167319 4.00994 -0.167624 2.05841
182.786 248.583 1.73208 -3.11007 0.0221985 4.51787 -0.165993 2.34762
182.276 248.567 1.68301 -3.09625 0.0280963 5.02821 -0.162443 2.64648
181.764 248.544 1.63363 -3.07912 0.0343031 5.54112 -0.156743 2.95578
181.249 248.511 1.58466 -3.05859 0.0406777 6.05669 -0.148734 3.27616
180.733 248.468 1.53695 -3.0346 0.0470665 6.57496 -0.138364 3.6082
180.215 248.413 1.4915 -3.0072 0.053311 7.09592 -0.125722 3.95238
179.696 248.343 1.44926 -2.97651 0.0592573 7.6195 -0.111141 4.30848
179.177 248.256 1.41132 -2.94275 0.0647674 8.1456 -0.0950534 4.67644
178.659 248.152 1.37851 -2.90618 0.0697305 8.67404 -0.078147 5.05542
178.143 248.028 1.35144 -2.86714 0.0740735 9.20462 -0.0612228 5.44427
177.63 247.884 1.33034 -2.82597 0.0777693 9.73711 -0.0451897 5.84153
177.123 247.718 1.31503 -2.78302 0.0808397 10.2712 -0.030972 6.24548
176.621 247.53 1.30482 -2.73859 0.0833547 10.8067 -0.0194041 6.65438
176.128 247.32 1.29863 -2.69296 0.0854247 11.3433 -0.0111608 7.06664
175.643 247.087 1.29506 -2.64629 0.0871896 11.8806 -0.00661289 7.48102
175.17 246.831 1.29259 -2.59225 0.088803 12.4185 -0.00583353 7.89673
174.599 246.481 1.28878 -2.53778 0.0912592 13.0879 -0.00955214 8.41531
174.147 246.169 1.28362 -2.48698 0.0930964 13.6376 -0.0147165 8.84268
173.71 245.834 1.27598 -2.43493 0.0951686 14.1885 -0.0208326 9.27305
173.29 245.475 1.26564 -2.38146 0.0974683 14.7407 -0.0265901 9.70751
172.888 245.094 1.25303 -2.32646 0.0999094 15.2944 -0.0302469 10.1471
172.508 244.69 1.2394 -2.26991 0.102322 15.8496 -0.0302323 10.5926
172.15 244.264 1.2267 -2.21199 0.104457 16.4063 -0.02521 11.0442
171.818 243.819 1.21741 -2.1535 0.106011 16.9613 -0.0146855 11.4984
171.521 243.369 1.21418 -2.096 0.106654 17.4995 0.000617461 11.9414
171.251 242.903 1.21854 -2.03862 0.10608 18.0389 0.0195509 12.385
171.007 242.42 1.2317 -1.98209 0.104055 18.5798 0.0400577 12.8268
170.79 241.922 1.25365 -1.92721 0.100464 19.1226 0.060438 13.2639
170.6 241.411 1.28422 -1.87446 0.0955107 19.6682 0.0818938 13.6941
170.435 240.886 1.32289 -1.82367 0.0907957 20.2185 0.100186 14.1165
170.295 240.346 1.36685 -1.77581 0.0836515 20.7767 0.109971 14.5316
170.18 239.788 1.41185 -1.73223 0.0741496 21.3461 0.107326 14.9414
170.087 239.22 1.45248 -1.69512 0.0634016 21.9215 0.0936854 15.3431
170.021 238.694 1.48197 -1.67065 0.0524046 22.4519 0.0663297 15.7044
169.981 238.289 1.4969 -1.64493 0.0470632 22.8589 0.0446375 15.9775
169.934 237.654 1.51132 -1.6247 0.0315268 23.4951 0.0259256 16.4004
169.906 237.14 1.51907 -1.61184 0.032094 24.0105 0.0209062 16.7405
169.889 236.729 1.52468 -1.59595 0.0319216 24.422 0.0209677 17.0109
169.874 236.152 1.53309 -1.57926 0.0305767 24.9986 0.0237641 17.388
169.87 235.599 1.54204 -1.56468 0.0278689 25.5521 0.0255912 17.748
169.873 235.084 1.5505 -1.55277 0.0238995 26.0671 0.0247795 18.0811
169.882 234.574 1.55816 -1.54321 0.0189508 26.5771 0.0215445 18.4092
169.896 234.066 1.56437 -1.53616 0.0138445 27.0847 0.0165065 18.7343
169.914 233.561 1.56874 -1.53153 0.00907886 27.5899 0.0105937 19.0567
169.933 233.059 1.57121 -1.5291 0.00472744 28.0928 0.00491466 19.377
169.954 232.558 1.57208 -1.52861 0.000958803 28.5938 0.000803355 19.6958
169.975 232.07 1.57208 -1.52964 -0.00210914 29.0827 -0.000399909 20
169.995 231.588 1.57208 -1.53177 -0.00441988 29.5651 -0.000399909 20
170.013 231.107 1.57208 -1.53465 -0.0059785 30.0464 -0.000399909 20
170.031 230.626 1.57208 -1.53794 -0.00684301 30.5276 -0.000399909 20
170.047 230.144 1.57208 -1.54138 -0.00711002 31.0098 -0.000399909 20
170.061 229.661 1.57208 -1.54138 -0.00689817 31.4937 -0.000399909 20
