266.011 116.974 1.4871 0.032243 3.77652e-07 0 0.00108291 0
266.51 116.99 1.48779 0.0323178 3.90503e-06 0.500072 0.00135538 0.336185
267.01 117.006 1.48809 0.0323722 2.49542e-06 1.00015 -6.27305e-05 0.672255
267.51 117.023 1.48791 0.0323831 1.0122e-06 1.50022 -0.00140678 1.00831
268.01 117.039 1.48729 0.0323512 -5.09888e-07 2.00029 -0.00264273 1.34446
268.51 117.055 1.48628 0.0322771 -2.03757e-06 2.50036 -0.00373937 1.68079
269.009 117.071 1.48492 0.0321616 -3.54079e-06 3.00044 -0.00465698 2.0174
269.509 117.087 1.48328 0.0320053 -4.99384e-06 3.50051 -0.00535219 2.35434
270.009 117.103 1.48144 0.031809 -6.3758e-06 4.00058 -0.00578093 2.69168
270.509 117.119 1.4795 0.0315734 -7.67057e-06 4.50065 -0.00587957 3.02945
271.009 117.135 1.47759 0.0312991 -8.86637e-06 5.00071 -0.00559033 3.36767
271.508 117.151 1.47584 0.0309869 -9.95511e-06 5.50078 -0.00484337 3.7063
272.008 117.166 1.47444 0.0306374 -1.09316e-05 6.00084 -0.00354667 4.0453
272.508 117.181 1.47357 0.0302514 -1.17926e-05 6.5009 -0.00162969 4.38456
273.008 117.196 1.47347 0.0298295 -1.25363e-05 7.00095 0.00101311 4.72393
273.508 117.211 1.4744 0.0293724 -1.31613e-05 7.50101 0.00447171 5.06322
274.008 117.226 1.47664 0.0288807 -1.36666e-05 8.00106 0.00882854 5.40214
274.507 117.241 1.48054 0.0283553 -1.40509e-05 8.5011 0.0142005 5.74036
275.007 117.255 1.48639 0.0277966 -1.43126e-05 9.00114 0.0206304 6.07748
275.507 117.269 1.49456 0.0272053 -1.44496e-05 9.50118 0.0281858 6.41302
276.007 117.282 1.50541 0.0265822 -1.44597e-05 10.0012 0.0369036 6.74642
276.507 117.295 1.51921 0.0259278 -1.43402e-05 10.5012 0.0467535 7.07713
277.007 117.308 1.53626 0.0252428 -1.40885e-05 11.0013 0.0576911 7.40451
277.507 117.321 1.55686 0.0245278 -1.37023e-05 11.5013 0.0696304 7.72786
278.006 117.333 1.58108 0.0237832 -1.31807e-05 12.0013 0.0823973 8.04661
278.506 117.345 1.60901 0.0230091 -1.25275e-05 12.5013 0.0957869 8.36016
279.006 117.357 1.6406 0.0222039 -1.17556e-05 13.0014 0.109542 8.66798
279.506 117.368 1.67572 0.0213633 -1.08868e-05 13.5014 0.123356 8.96959
280.006 117.379 1.71412 0.020479 -9.93061e-06 14.0014 0.136883 9.26464
280.506 117.389 1.75546 0.019541 -8.84039e-06 14.5014 0.149748 9.55291
281.006 117.399 1.79927 0.018543 -7.49325e-06 15.0014 0.161557 9.83428
281.506 117.408 1.84505 0.0174896 -5.75707e-06 15.5014 0.171916 10.1088
282.006 117.417 1.89223 0.0163977 -3.61485e-06 16.0014 0.180361 10.3763
282.506 117.425 1.94014 0.0152912 -1.21183e-06 16.5014 0.186505 10.6373
283.006 117.432 1.98812 0.0141923 1.2343e-06 17.0014 0.18998 10.8919
283.505 117.439 2.03542 0.0131164 3.55419e-06 17.5014 0.190263 11.1404
284.005 117.446 2.08136 0.0120717 5.6673e-06 18.0014 0.187422 11.3833
284.505 117.452 2.12525 0.011062 7.5522e-06 18.5014 0.181472 11.621
285.005 117.458 2.16652 0.0100888 9.20916e-06 19.0014 0.172492 11.854
285.505 117.463 2.2047 0.00915295 1.06424e-05 19.5014 0.16056 12.0828
286.005 117.467 2.23924 0.00825519 1.18562e-05 20.0014 0.145932 12.3078
286.505 117.471 2.26974 0.00739614 1.28548e-05 20.5014 0.129335 12.5295
287.005 117.475 2.29611 0.00657642 1.36426e-05 21.0014 0.111515 12.7485
287.505 117.478 2.31829 0.00579669 1.42247e-05 21.5015 0.0930563 12.9652
288.005 117.481 2.33632 0.00505758 1.46067e-05 22.0015 0.074487 13.18
288.505 117.484 2.35031 0.00435972 1.47944e-05 22.5015 0.056293 13.3934
289.005 117.486 2.36041 0.00370377 1.47944e-05 23.0015 0.0389495 13.6056
289.505 117.488 2.3669 0.00309038 1.46136e-05 23.5016 0.0229168 13.8172
290.005 117.489 2.37018 0.00252019 1.42596e-05 24.0016 0.00861882 14.0283
290.506 117.491 2.37067 0.00199385 1.37403e-05 24.5017 -0.00360211 14.2392
291.006 117.492 2.36882 0.00151202 1.30645e-05 25.0017 -0.013631 14.4502
291.506 117.492 2.36509 0.00107537 1.22411e-05 25.5017 -0.0213859 14.6614
292.006 117.493 2.35996 0.000684558 1.128e-05 26.0018 -0.0267702 14.8731
292.506 117.493 2.35395 0.000340248 1.01914e-05 26.5019 -0.0296669 15.0852
293.006 117.493 2.34758 4.31146e-05 8.98617e-06 27.0019 -0.0297846 15.2979
293.506 117.493 2.34154 -0.000206166 7.67585e-06 27.502 -0.0265125 15.5112
294.006 117.493 2.33659 -0.000406913 6.27256e-06 28.002 -0.0193446 15.725
294.506 117.493 2.33357 -0.000558443 4.78905e-06 28.5021 -0.00917865 15.9392
295.006 117.493 2.33303 -0.000660066 3.23877e-06 29.0022 -0.00737611 16
295.506 117.493 2.33303 -0.000713868 1.63581e-06 29.5022 -0.00737611 16
296.006 117.492 2.33303 -0.000713868 5.29299e-07 30.0023 -0.00737611 16
