171.755 127.173 1.82226 -1.49109 0.0420187 0 -0.138457 0
171.797 126.652 1.78463 -1.47862 0.0486872 0.522861 -0.135842 0.289944
171.845 126.127 1.74198 -1.46403 0.0552916 1.04924 -0.148396 0.588414
171.902 125.6 1.69551 -1.44462 0.0614477 1.57944 -0.151751 0.89685
171.969 125.07 1.64754 -1.42059 0.0670332 2.11372 -0.147401 1.21656
172.05 124.538 1.60024 -1.3922 0.0719533 2.65226 -0.137122 1.5483
172.146 124.003 1.55541 -1.35978 0.0761522 3.19516 -0.122772 1.8924
172.261 123.468 1.51461 -1.32369 0.0796208 3.74247 -0.106111 2.24913
172.396 122.933 1.47865 -1.28427 0.0823987 4.29415 -0.0889204 2.61784
172.553 122.4 1.44796 -1.24186 0.0845697 4.85014 -0.0727583 2.99789
172.734 121.87 1.42237 -1.19675 0.0862519 5.41034 -0.0588493 3.38837
172.94 121.345 1.40113 -1.1499 0.0875824 5.97466 -0.0479436 3.78821
173.171 120.83 1.38333 -1.10116 0.0887005 6.53872 -0.0403988 4.19343
173.425 120.328 1.36779 -1.04987 0.0897297 7.10187 -0.0359734 4.60286
173.707 119.837 1.3533 -0.996413 0.0907624 7.66789 -0.0340382 5.01892
174.016 119.359 1.33902 -0.94082 0.091847 8.23665 -0.0337252 5.44144
174.353 118.897 1.3245 -0.883374 0.0930126 8.80804 -0.0339665 5.87048
174.717 118.454 1.30976 -0.824767 0.0942831 9.38197 -0.0334558 6.30622
175.108 118.031 1.29542 -0.765369 0.0954405 9.95841 -0.0309758 6.74881
175.526 117.63 1.28255 -0.687303 0.0963 10.5373 -0.0258049 7.19792
176.068 117.184 1.27111 -0.630465 0.096818 11.2394 -0.0151267 7.74808
176.555 116.829 1.26675 -0.568612 0.0961664 11.8424 -0.00276467 8.22341
177.065 116.503 1.2689 -0.507601 0.0946737 12.4466 0.0123251 8.70025
177.593 116.21 1.27888 -0.448104 0.0922862 13.0508 0.0300442 9.17478
178.136 115.948 1.2976 -0.390786 0.089026 13.6534 0.0503731 9.64283
178.69 115.72 1.32587 -0.336229 0.08499 14.253 0.075179 10.1003
179.252 115.524 1.3675 -0.284011 0.0803449 14.8483 0.114269 10.5427
179.823 115.357 1.4249 -0.232136 0.0799593 15.443 0.153377 10.9691
180.402 115.22 1.49283 -0.183338 0.0741147 16.0381 0.177797 11.3773
180.977 115.113 1.56297 -0.154331 0.0612181 16.6231 0.185027 11.7602
181.439 115.042 1.61571 -0.10663 0.0528449 17.0908 0.169665 12.0544
182.089 114.972 1.67582 -0.0952906 0.0362525 17.7437 0.13844 12.4509
182.516 114.931 1.71051 -0.0680816 0.0199581 18.1728 0.137044 12.7044
183.136 114.889 1.76208 -0.0554469 0.0282244 18.7947 0.153219 13.0626
183.666 114.86 1.81077 -0.0452271 0.0310262 19.3248 0.175356 13.3594
184.106 114.84 1.85514 -0.0219739 0.0310623 19.7654 0.194338 13.5999
184.656 114.828 1.91488 -0.00598387 0.0277897 20.316 0.213512 13.8921
185.185 114.824 1.97458 0.00727749 0.0219358 20.8445 0.224501 14.1638
185.701 114.828 2.03285 0.0175892 0.0166012 21.3611 0.226188 14.4216
186.208 114.837 2.08776 0.0251942 0.0115107 21.8678 0.219282 14.6676
186.706 114.85 2.13801 0.0303894 0.00685377 22.3661 0.205331 14.9035
187.197 114.865 2.1824 0.0335031 0.00275855 22.8575 0.18501 15.1308
187.683 114.881 2.22041 0.0368996 -0.000678209 23.3434 0.158793 15.3515
188.293 114.903 2.25861 0.0344832 -0.00449603 23.9543 0.120513 15.6241
188.787 114.92 2.28135 0.0330897 -0.00612848 24.4486 0.0888751 15.8419
189.28 114.937 2.29722 0.0310441 -0.00708979 24.9416 0.0588297 16.0571
189.772 114.952 2.30689 0.0286578 -0.00746017 25.4338 0.0318135 16.2709
190.264 114.966 2.3112 0.0261901 -0.00734098 25.9259 0.00894123 16.484
190.756 114.979 2.31117 0.0238427 -0.00684355 26.4184 -0.00896946 16.697
191.249 114.991 2.30785 0.0217599 -0.00607913 26.9116 -0.021224 16.9106
191.743 115.001 2.30252 0.0200326 -0.0051511 27.4057 -0.0276845 17.1249
192.238 115.011 2.29636 0.0187047 -0.00414976 27.9009 -0.0288144 17.3403
192.734 115.021 2.29047 0.0177815 -0.0031495 28.3971 -0.0249756 17.5567
193.232 115.03 2.28589 0.0172383 -0.00220794 28.8944 -0.0165312 17.774
193.73 115.038 2.28341 0.0170287 -0.00136644 29.3927 -0.00705612 17.9921
194.229 115.047 2.28334 0.0170926 -0.000651424 29.8918 -0.00682323 18
194.728 115.055 2.28334 0.0173624 -7.62434e-05 30.3915 -0.00682323 18
195.229 115.064 2.28334 0.017769 0.000356731 30.8918 -0.00682323 18
195.729 115.073 2.28334 0.018246 0.000653977 31.3924 -0.00682323 18
196.23 115.082 2.28334 0.0187378 0.000828696 31.8932 -0.00682323 18
196.731 115.091 2.28334 0.0187378 0.000898917 32.3942 -0.00682323 18
