170.027 238.682 1.20993 -1.66571 0.0524748 0 0.102144 0
169.989 238.288 1.22934 -1.64004 0.0471815 0.396397 0.0717252 0.324912
169.945 237.652 1.27984 -1.61578 0.031805 1.03407 0.120664 0.83399
169.922 237.128 1.33489 -1.59671 0.0321626 1.55776 0.155172 1.23492
169.911 236.728 1.38502 -1.58325 0.0320202 1.95864 0.18532 1.52986
169.904 236.152 1.46915 -1.56379 0.0307289 2.53487 0.231601 1.93407
169.908 235.599 1.56167 -1.54609 0.0280834 3.08787 0.275442 2.2995
169.921 235.074 1.65773 -1.53134 0.0241758 3.61258 0.312635 2.6255
169.941 234.565 1.75564 -1.51977 0.0192762 4.12213 0.342206 2.9242
169.967 234.058 1.85505 -1.51086 0.0141719 4.62928 0.364457 3.20532
169.997 233.554 1.95376 -1.50451 0.00939728 5.13415 0.379323 3.47032
170.031 233.053 2.05016 -1.50019 0.00502563 5.63695 0.38729 3.72153
170.065 232.559 2.14182 -1.49776 0.0012249 6.13181 0.388483 3.95756
170.101 232.075 2.22763 -1.49743 -0.00188379 6.61692 0.383075 4.17967
170.136 231.594 2.30804 -1.49844 -0.00424017 7.0998 0.37091 4.39266
170.171 231.113 2.38254 -1.50045 -0.00584559 7.58175 0.353293 4.59816
170.205 230.632 2.45087 -1.50311 -0.00675489 8.06385 0.331358 4.79761
170.238 230.15 2.5129 -1.50613 -0.0070623 8.54698 0.306082 4.99222
170.269 229.666 2.56861 -1.50925 -0.00688504 9.03183 0.278234 5.18297
170.299 229.18 2.61807 -1.5123 -0.00634773 9.51882 0.249213 5.37069
170.328 228.692 2.66155 -1.51514 -0.00556995 10.0082 0.220522 5.55602
170.355 228.201 2.69948 -1.52499 -0.00465783 10.5 0.193156 5.73947
170.383 227.581 2.73991 -1.52049 -0.00322116 11.1203 0.161729 5.96751
170.408 227.082 2.76716 -1.52217 -0.00231735 11.6197 0.139407 6.14883
170.433 226.583 2.79043 -1.52357 -0.00150563 12.1193 0.119332 6.32863
170.456 226.084 2.81016 -1.52476 -0.000812303 12.6192 0.101202 6.50717
170.479 225.584 2.82662 -1.5258 -0.000250616 13.1194 0.0848058 6.68459
170.502 225.084 2.8402 -1.52675 0.000176966 13.6196 0.0697593 6.86111
170.524 224.585 2.85122 -1.52766 0.00047654 14.12 0.0557105 7.03693
170.545 224.085 2.85986 -1.51946 0.00066062 14.6204 0.0423814 7.21217
170.565 223.709 2.86474 -1.52967 0.000714709 14.9966 0.032691 7.34358
170.585 223.207 2.86938 -1.53058 0.000758771 15.4987 0.0200009 7.5187
170.606 222.706 2.87181 -1.53151 0.000732384 16.0005 0.00750703 7.69351
170.625 222.205 2.87198 -1.53244 0.000654846 16.502 -0.00491557 7.86813
170.644 221.704 2.87003 -1.5334 0.000544611 17.0032 -0.017339 8.04269
170.663 221.203 2.86594 -1.53439 0.000418345 17.5041 -0.0297846 8.21731
170.681 220.703 2.85967 -1.53539 0.00029009 18.0046 -0.0422345 8.39215
170.699 220.203 2.85113 -1.53642 0.00017072 18.5049 -0.054629 8.56736
170.716 219.703 2.84043 -1.53745 6.7759e-05 19.0051 -0.0668835 8.74309
170.733 219.204 2.8276 -1.53848 -1.44671e-05 19.505 -0.0788997 8.91949
170.749 218.704 2.81261 -1.5395 -7.44329e-05 20.0049 -0.0905607 9.09671
170.765 218.204 2.79542 -1.54049 -0.000112868 20.5047 -0.101704 9.27498
170.78 217.705 2.77619 -1.54144 -0.000132145 21.0045 -0.112223 9.45439
170.795 217.205 2.75502 -1.54235 -0.000135664 21.5043 -0.121978 9.6351
170.809 216.706 2.732 -1.54321 -0.000127304 22.0042 -0.130823 9.81726
170.823 216.206 2.70726 -1.54402 -0.000110961 22.504 -0.138599 10.001
170.836 215.706 2.68089 -1.54476 -9.02004e-05 23.0039 -0.145078 10.1866
170.849 215.206 2.65319 -1.54545 -6.80286e-05 23.5039 -0.150113 10.3741
170.862 214.707 2.62439 -1.54607 -4.67686e-05 24.0039 -0.15349 10.5635
170.874 214.207 2.59481 -1.54664 -2.80309e-05 24.5039 -0.154963 10.7551
170.886 213.707 2.56481 -1.54715 -1.2756e-05 25.0039 -0.154245 10.949
170.898 213.207 2.53484 -1.54761 -1.30596e-06 25.5039 -0.151039 11.1451
170.91 212.707 2.50541 -1.54801 6.41299e-06 26.004 -0.145187 11.3435
170.921 212.207 2.47709 -1.54836 1.08188e-05 26.504 -0.136604 11.5442
170.932 211.707 2.45048 -1.54866 1.25254e-05 27.004 -0.125191 11.7472
170.943 211.207 2.42624 -1.54891 1.22302e-05 27.5041 -0.110827 11.9523
170.954 210.707 2.40504 -1.54911 1.06237e-05 28.0041 -0.0934507 12.1593
170.965 210.208 2.38759 -1.54926 8.32455e-06 28.5041 -0.0734292 12.368
170.976 209.708 2.37443 -1.54936 5.83884e-06 29.0041 -0.0513848 12.578
170.986 209.208 2.366 -1.54941 3.54279e-06 29.5041 -0.0279728 12.789
170.997 208.708 2.36232 -1.54941 1.51897e-06 30.0041 -0.00904281 13
