325.771 250.774 3.01554 -3.12901 6.52635e-17 0 -0.00160654 0
325.271 250.767 3.01562 -3.12899 -6.11967e-10 0.5 0.00106017 0.165806
324.771 250.761 3.0158 -3.12898 3.04214e-10 1 0.000794943 0.331604
324.271 250.755 3.01594 -3.12897 4.24778e-10 1.5 0.000519056 0.497393
323.771 250.748 3.01602 -3.12896 1.62905e-10 2 0.000224618 0.663175
323.271 250.742 3.01606 -3.12897 -1.74361e-10 2.5 -9.26729e-05 0.828955
322.771 250.736 3.01604 -3.12897 -3.74699e-10 3 -0.000438974 0.994733
322.271 250.729 3.01595 -3.12899 -3.09249e-10 3.5 -0.000824036 1.16052
321.771 250.723 3.0158 -3.129 7.85166e-11 4 -0.00125032 1.3263
321.271 250.717 3.01558 -3.12902 7.8427e-10 4.5 -0.00172494 1.4921
320.771 250.711 3.01527 -3.12904 1.75385e-09 5 -0.00225832 1.65791
320.271 250.704 3.01486 -3.12907 2.8946e-09 5.5 -0.00285128 1.82375
319.771 250.698 3.01436 -3.12909 4.08663e-09 6 -0.00351209 1.9896
319.272 250.692 3.01373 -3.12911 5.19401e-09 6.5 -0.00425091 2.15549
318.772 250.686 3.01297 -3.12914 6.07598e-09 7 -0.00506713 2.32142
318.272 250.679 3.01208 -3.12916 6.59835e-09 7.5 -0.0059701 2.48739
317.772 250.673 3.01101 -3.12918 6.64452e-09 8 -0.00696888 2.65342
317.272 250.667 3.00978 -3.12919 6.12696e-09 8.5 -0.00806147 2.81951
316.772 250.661 3.00836 -3.1292 4.99822e-09 9 -0.00925797 2.98567
316.272 250.655 3.00672 -3.12921 3.26236e-09 9.5 -0.0105656 3.15192
315.772 250.648 3.00486 -3.12921 9.86121e-10 10 -0.0119807 3.31826
315.272 250.642 3.00276 -3.12921 -1.6897e-09 10.5 -0.0135135 3.48471
314.772 250.636 3.00037 -3.1292 -4.53906e-09 11 -0.0151687 3.6513
314.272 250.63 2.99771 -3.12918 -7.23909e-09 11.5 -0.0169408 3.81801
313.772 250.624 2.99474 -3.12915 -9.35752e-09 12 -0.0188384 3.98488
313.272 250.617 2.99143 -3.12912 -1.03391e-08 12.5 -0.0208637 4.15194
312.772 250.611 2.98777 -3.12907 -9.49991e-09 13 -0.0230085 4.31918
312.272 250.605 2.98374 -3.12902 -6.07768e-09 13.5 -0.0252776 4.48664
311.772 250.599 2.9793 -3.12896 5.46814e-10 14 -0.0276706 4.65434
311.272 250.592 2.97446 -3.12888 1.03603e-08 14.5 -0.0301755 4.82229
310.772 250.586 2.96918 -3.12881 2.21596e-08 15 -0.0327907 4.99053
310.272 250.579 2.96341 -3.12873 3.35414e-08 15.5 -0.0355127 5.1591
309.772 250.573 2.95719 -3.12866 4.18447e-08 16 -0.0383239 5.328
309.272 250.567 2.95048 -3.1286 4.54406e-08 16.5 -0.0412143 5.49726
308.772 250.56 2.94322 -3.12855 4.42617e-08 17 -0.0441744 5.66694
308.272 250.554 2.93545 -3.12851 3.93142e-08 17.5 -0.0471799 5.83704
307.772 250.547 2.92717 -3.12847 3.18883e-08 18 -0.0502119 6.0076
307.272 250.54 2.91831 -3.12845 2.31008e-08 18.5 -0.0532462 6.17868
306.773 250.534 2.90891 -3.12844 1.38047e-08 19 -0.0562524 6.35029
306.273 250.527 2.89898 -3.12844 4.64212e-09 19.5 -0.0591998 6.52246
305.773 250.521 2.88852 -3.12844 -3.90199e-09 20 -0.0620513 6.69523
305.273 250.514 2.87751 -3.12845 -1.14694e-08 20.5 -0.0647532 6.86867
304.773 250.508 2.86602 -3.12847 -1.78128e-08 21 -0.067266 7.04278
304.273 250.501 2.85407 -3.12849 -2.2783e-08 21.5 -0.069537 7.21759
303.773 250.494 2.84169 -3.12851 -2.63179e-08 22 -0.0714986 7.39315
303.273 250.488 2.82893 -3.12854 -2.84312e-08 22.5 -0.0730634 7.56951
302.773 250.481 2.81588 -3.12858 -2.92008e-08 23 -0.074173 7.74667
302.273 250.475 2.80263 -3.12861 -2.87582e-08 23.5 -0.074743 7.92465
301.773 250.468 2.78926 -3.12865 -2.72765e-08 24 -0.0746798 8.10346
301.273 250.462 2.77591 -3.12869 -2.496e-08 24.5 -0.073834 8.28316
300.773 250.455 2.76273 -3.12873 -2.20323e-08 25 -0.0721157 8.46372
300.273 250.449 2.74989 -3.12877 -1.87257e-08 25.5 -0.0694078 8.64513
299.773 250.443 2.73757 -3.12881 -1.52695e-08 26 -0.0655748 8.82736
299.273 250.436 2.72601 -3.12884 -1.18792e-08 26.5 -0.0604707 9.01038
298.773 250.43 2.71547 -3.12887 -8.74519e-09 27 -0.0539122 9.19416
298.273 250.424 2.70629 -3.1289 -6.02134e-09 27.5 -0.045706 9.37862
297.773 250.417 2.69875 -3.12893 -3.81419e-09 28 -0.0357257 9.56365
297.273 250.411 2.69322 -3.12895 -2.17154e-09 28.5 -0.0237967 9.74912
296.773 250.405 2.69 -3.12896 -1.07139e-09 29 -0.0112604 9.9349
296.273 250.398 2.6893 -3.12897 -4.10565e-10 29.5 -0.00870618 10
295.773 250.392 2.6893 -3.12897 -1.12465e-10 30 -0.00870618 10
